1620518400000,3910.26000000,3912.45000000,3891.01000000,3894.72000000,3520.93315000,1620518579999,13734703.47180900,8101,1827.11276000,7126739.14786870,0
1620518580000,3894.50000000,3895.93000000,3866.95000000,3868.12000000,5410.46427000,1620518759999,21019038.69717490,9334,3020.95471000,11740583.00241190,0
1620518760000,3868.12000000,3877.81000000,3854.92000000,3859.99000000,5915.16252000,1620518939999,22888520.81336070,8109,3993.14608000,15456898.59382840,0
1620518940000,3859.99000000,3874.13000000,3859.99000000,3871.26000000,2537.24273000,1620519119999,9811316.15575280,6690,1481.46316000,5728171.36031180,0
1620519120000,3871.25000000,3881.30000000,3869.43000000,3874.52000000,1141.09709000,1620519299999,4421594.07855030,4343,739.54470000,2865774.70739140,0
1620519300000,3873.69000000,3894.18000000,3869.29000000,3886.56000000,1840.27515000,1620519479999,7148696.48190430,5645,962.32853000,3737969.72874530,0
1620519480000,3886.57000000,3890.00000000,3876.54000000,3877.10000000,1243.55806000,1620519659999,4827590.28177390,4599,584.10747000,2267512.79235230,0
1620519660000,3877.15000000,3884.00000000,3866.54000000,3878.05000000,1372.50536000,1620519839999,5320074.91665510,5103,559.17291000,2167445.51850200,0
1620519840000,3878.09000000,3881.00000000,3874.78000000,3879.74000000,1079.96932000,1620520019999,4188235.53548810,3709,523.88320000,2031521.48131370,0
1620520020000,3879.74000000,3879.75000000,3874.01000000,3876.00000000,675.63348000,1620520199999,2619172.48746550,3887,297.49418000,1153327.63742120,0
1620520200000,3875.99000000,3883.00000000,3874.09000000,3879.99000000,1273.84308000,1620520379999,4939679.69905670,3908,563.62158000,2185872.37898390,0
1620520380000,3880.00000000,3882.00000000,3874.72000000,3876.69000000,831.00897000,1620520559999,3222043.68704980,3932,479.13734000,1857732.86897710,0
1620520560000,3876.68000000,3890.22000000,3875.98000000,3885.84000000,3227.71803000,1620520739999,12539470.06318180,4745,1847.20418000,7174570.81411020,0
1620520740000,3885.39000000,3888.60000000,3880.00000000,3881.97000000,722.53639000,1620520919999,2805822.24964790,3833,405.43838000,1574441.05841710,0
1620520920000,3881.68000000,3881.69000000,3869.80000000,3870.68000000,2009.52409000,1620521099999,7782881.14735380,4554,1086.49394000,4207226.15653880,0
1620521100000,3870.71000000,3870.71000000,3845.12000000,3848.97000000,3612.12800000,1620521279999,13928055.57820820,7765,1576.95468000,6080687.90100120,0
1620521280000,3848.98000000,3853.10000000,3833.44000000,3840.56000000,3468.57416000,1620521459999,13327723.26759870,7499,1608.19760000,6180269.13709500,0
1620521460000,3840.67000000,3847.10000000,3829.00000000,3838.18000000,2011.35308000,1620521639999,7717056.83616920,6036,804.58262000,3087339.70728080,0
1620521640000,3837.94000000,3844.98000000,3827.00000000,3832.60000000,2138.84222000,1620521819999,8204128.86236150,5274,725.53502000,2783820.94335840,0
1620521820000,3833.09000000,3847.34000000,3830.00000000,3835.21000000,2327.32025000,1620521999999,8932627.09325890,5000,1246.19358000,4783299.98354780,0
1620522000000,3835.21000000,3836.05000000,3815.02000000,3826.12000000,2780.91149000,1620522179999,10635157.83777340,7831,1223.45633000,4678562.56512480,0
1620522180000,3826.11000000,3845.61000000,3825.96000000,3845.00000000,1867.35735000,1620522359999,7166497.52468750,5669,1121.31036000,4303350.82454960,0
1620522360000,3845.01000000,3854.69000000,3836.21000000,3849.25000000,2572.31341000,1620522539999,9892442.61489440,5166,1456.27109000,5600383.01260460,0
1620522540000,3849.93000000,3864.50000000,3849.87000000,3860.94000000,2480.56942000,1620522719999,9567860.66590520,6136,1442.07777000,5562092.93514190,0
1620522720000,3860.94000000,3867.37000000,3856.91000000,3866.51000000,2070.36886000,1620522899999,7999762.10012570,4865,1073.24395000,4146653.79735240,0
1620522900000,3866.70000000,3877.02000000,3857.46000000,3874.98000000,2711.66512000,1620523079999,10493121.54494750,6010,1397.03760000,5407142.70702860,0
1620523080000,3874.99000000,3874.99000000,3860.73000000,3863.00000000,1183.46031000,1620523259999,4576551.86561250,4470,543.92354000,2103278.87853320,0
1620523260000,3863.15000000,3868.65000000,3857.07000000,3864.67000000,1583.24976000,1620523439999,6117647.71268480,4127,730.41655000,2822441.23052560,0
1620523440000,3864.67000000,3870.00000000,3862.09000000,3862.25000000,1375.63514000,1620523619999,5320413.25806010,3518,621.13146000,2402425.12615040,0
1620523620000,3862.24000000,3869.35000000,3858.43000000,3861.15000000,1017.23398000,1620523799999,3930723.09785720,3764,522.71494000,2019968.45524100,0
1620523800000,3861.15000000,3872.59000000,3851.21000000,3869.36000000,759.51168000,1620523979999,2933870.72973070,3577,354.95789000,1371298.06830320,0
1620523980000,3869.35000000,3880.57000000,3861.29000000,3879.02000000,980.04894000,1620524159999,3793800.15442800,4219,498.05053000,1928052.61055920,0
1620524160000,3879.28000000,3882.00000000,3873.35000000,3880.93000000,1156.82679000,1620524339999,4485964.14492430,3472,577.49580000,2239451.88041460,0
1620524340000,3881.20000000,3885.92000000,3872.38000000,3877.42000000,2502.79466000,1620524519999,9713440.13091380,5424,1374.83468000,5335834.04217260,0
1620524520000,3877.43000000,3893.54000000,3877.42000000,3891.76000000,1753.02799000,1620524699999,6809963.85054770,5240,1051.93884000,4086329.07128700,0
1620524700000,3891.76000000,3892.28000000,3876.36000000,3877.05000000,1626.71919000,1620524879999,6317655.32673280,4874,882.19968000,3425321.89231590,0
1620524880000,3877.06000000,3888.99000000,3871.34000000,3882.19000000,1071.02630000,1620525059999,4157372.16661520,4019,483.19903000,1875424.98092420,0
1620525060000,3882.23000000,3886.73000000,3874.96000000,3881.32000000,1418.21401000,1620525239999,5503489.42213400,4080,532.95600000,2068903.17140590,0
1620525240000,3881.32000000,3886.87000000,3872.68000000,3873.48000000,1324.25621000,1620525419999,5139732.52064400,4228,445.77213000,1730203.00076720,0
1620525420000,3873.49000000,3885.25000000,3871.22000000,3883.55000000,995.91152000,1620525599999,3865088.60907170,3519,547.26108000,2123556.81754650,0
1620525600000,3883.56000000,3883.85000000,3869.36000000,3877.37000000,900.80503000,1620525779999,3490868.83966450,2411,453.38897000,1757014.48144670,0
1620525780000,3877.37000000,3878.34000000,3868.62000000,3872.70000000,1512.45760000,1620525959999,5858196.44704130,2615,515.46335000,1996789.01849210,0
1620525960000,3872.71000000,3877.95000000,3870.00000000,3873.46000000,724.36990000,1620526139999,2805760.75818690,1738,372.06262000,1441061.26754980,0
1620526140000,3873.22000000,3875.98000000,3866.94000000,3869.70000000,1121.75616000,1620526319999,4342675.84124280,2298,523.15670000,2025262.56886980,0
1620526320000,3869.71000000,3879.41000000,3867.97000000,3872.30000000,1350.09158000,1620526499999,5226192.50933460,2264,840.42850000,3252986.28762550,0
1620526500000,3872.80000000,3873.63000000,3867.41000000,3870.68000000,1091.61537000,1620526679999,4225299.93132630,2221,561.15575000,2172038.60087480,0
1620526680000,3870.68000000,3874.98000000,3869.01000000,3870.81000000,601.14150000,1620526859999,2327421.21754940,1889,283.21024000,1096452.16636290,0
1620526860000,3870.81000000,3871.64000000,3863.65000000,3865.28000000,1115.75786000,1620527039999,4315082.27656910,2355,418.85959000,1619877.95956050,0
1620527040000,3865.16000000,3865.89000000,3854.36000000,3861.75000000,1265.18650000,1620527219999,4884274.68082720,2594,681.16232000,2629709.92570010,0
1620527220000,3861.74000000,3864.68000000,3854.69000000,3863.30000000,914.68672000,1620527399999,3530702.84968240,2203,425.14710000,1641304.37732240,0
1620527400000,3863.29000000,3869.24000000,3863.29000000,3866.65000000,506.43577000,1620527579999,1958082.57740190,1903,251.49379000,972208.66520210,0
1620527580000,3866.65000000,3866.66000000,3853.82000000,3863.49000000,1049.51137000,1620527759999,4050001.71323000,2312,467.94285000,1806247.20934680,0
1620527760000,3863.49000000,3863.82000000,3853.97000000,3857.15000000,813.59638000,1620527939999,3138687.71850100,1899,370.71502000,1429899.13311820,0
1620527940000,3857.15000000,3861.34000000,3853.93000000,3858.74000000,807.90714000,1620528119999,3116727.40419880,2068,332.29320000,1281887.99663730,0
1620528120000,3858.75000000,3861.20000000,3855.98000000,3857.77000000,966.84937000,1620528299999,3730627.29437340,2187,479.27036000,1849133.98528480,0
1620528300000,3857.19000000,3864.29000000,3853.72000000,3857.97000000,1061.09886000,1620528479999,4094478.52062680,2476,519.88569000,2006093.13456920,0
1620528480000,3857.98000000,3878.43000000,3856.62000000,3877.16000000,2960.17979000,1620528659999,11448978.18115480,3427,1544.60745000,5974013.77199040,0
1620528660000,3877.16000000,3878.43000000,3870.00000000,3871.60000000,1061.03045000,1620528839999,4111269.40439860,2295,552.70196000,2141793.82793520,0
1620528840000,3871.59000000,3880.00000000,3869.01000000,3877.62000000,808.16348000,1620529019999,3130266.08653400,1887,358.23910000,1387573.23306240,0
1620529020000,3877.62000000,3879.99000000,3874.08000000,3876.94000000,1324.42512000,1620529199999,5134814.23007240,2027,512.13505000,1985559.04494350,0
1620529200000,3876.94000000,3878.44000000,3871.99000000,3875.48000000,915.06363000,1620529379999,3546250.55486760,1775,556.82311000,2157799.20514640,0
1620529380000,3875.49000000,3879.50000000,3872.34000000,3878.99000000,818.11542000,1620529559999,3171400.79184700,1747,548.11191000,2124687.72760040,0
1620529560000,3878.99000000,3895.85000000,3878.95000000,3893.39000000,2177.80394000,1620529739999,8474721.01067880,3898,1079.06803000,4198625.87749940,0
1620529740000,3893.65000000,3908.63000000,3888.52000000,3907.81000000,2636.96711000,1620529919999,10283703.02971870,5212,1573.68424000,6137014.83365670,0
1620529920000,3908.12000000,3927.11000000,3906.78000000,3920.94000000,3217.03991000,1620530099999,12607318.32816260,8296,1691.08705000,6626647.64332180,0
1620530100000,3920.95000000,3925.00000000,3910.33000000,3924.43000000,2074.54098000,1620530279999,8127453.01650200,3911,1131.91971000,4434387.68103590,0
1620530280000,3924.21000000,3945.00000000,3921.66000000,3939.83000000,4594.81527000,1620530459999,18094319.44279420,8355,1916.27652000,7544901.86837060,0
1620530460000,3939.84000000,3941.72000000,3928.22000000,3941.68000000,2606.61861000,1620530639999,10262621.86438240,5293,1329.51490000,5234365.32888850,0
1620530640000,3941.68000000,3941.96000000,3926.54000000,3934.13000000,1826.10503000,1620530819999,7185102.78061410,3377,957.63293000,3767813.51638550,0
1620530820000,3933.78000000,3937.24000000,3928.00000000,3928.46000000,1818.34555000,1620530999999,7150667.53682600,2834,897.89755000,3531077.94166420,0
1620531000000,3928.46000000,3933.47000000,3920.95000000,3921.35000000,2183.07508000,1620531179999,8571541.77103380,4167,963.47834000,3783388.53076220,0
1620531180000,3921.35000000,3922.65000000,3900.00000000,3904.93000000,3454.37250000,1620531359999,13505721.86403380,5530,1566.24211000,6123742.45620940,0
1620531360000,3904.88000000,3926.45000000,3904.68000000,3925.86000000,1811.82362000,1620531539999,7092360.42859970,3306,1004.23205000,3931011.26247550,0
1620531540000,3925.87000000,3945.00000000,3923.66000000,3936.59000000,3336.21322000,1620531719999,13132592.36384290,5239,2132.88260000,8394610.42483990,0
1620531720000,3936.92000000,3937.71000000,3929.96000000,3930.21000000,1858.35351000,1620531899999,7309479.52308120,3253,998.43755000,3927173.92398370,0
1620531900000,3930.11000000,3958.00000000,3928.28000000,3945.73000000,4091.80998000,1620532079999,16152006.92988880,9149,2436.33258000,9617268.06299010,0
1620532080000,3944.88000000,3950.85000000,3940.04000000,3940.23000000,2274.87905000,1620532259999,8977057.86803150,4247,1160.70925000,4580422.13390320,0
1620532260000,3940.23000000,3940.95000000,3910.78000000,3912.75000000,4503.54329000,1620532439999,17673723.43554180,8118,2109.64794000,8278903.05001560,0
1620532440000,3912.75000000,3918.15000000,3888.77000000,3894.00000000,5612.27331000,1620532619999,21899016.62929340,8834,2607.71685000,10173736.98395760,0
1620532620000,3893.63000000,3899.04000000,3870.00000000,3870.09000000,3548.80813000,1620532799999,13778917.25104460,7295,1636.82054000,6354283.67595730,0
1620532800000,3870.09000000,3901.97000000,3868.24000000,3897.56000000,3770.38078000,1620532979999,14640320.88665070,8351,2152.76946000,8362083.52917550,0
1620532980000,3897.40000000,3900.69000000,3884.00000000,3892.67000000,2921.41145000,1620533159999,11372020.83005630,6323,1395.52454000,5431779.30951430,0
1620533160000,3892.62000000,3913.69000000,3891.40000000,3892.73000000,2467.78093000,1620533339999,9626057.04480500,6450,1296.49439000,5058118.81158220,0
1620533340000,3892.65000000,3895.49000000,3881.37000000,3886.15000000,2253.02380000,1620533519999,8760543.86215820,6025,1059.79812000,4120990.33085370,0
1620533520000,3886.04000000,3889.55000000,3839.25000000,3842.97000000,6811.98485000,1620533699999,26342683.69286820,12930,2927.78948000,11327123.68642280,0
1620533700000,3842.80000000,3858.17000000,3819.99000000,3827.81000000,9888.95318000,1620533879999,37910285.50438830,16922,5564.18901000,21325036.03152800,0
1620533880000,3827.80000000,3856.73000000,3824.04000000,3854.97000000,6256.10695000,1620534059999,24028564.84612630,10605,3372.83419000,12958384.23676980,0
1620534060000,3855.05000000,3865.00000000,3845.37000000,3863.83000000,5447.48771000,1620534239999,21015808.06666510,8316,2916.32156000,11250770.39160080,0
1620534240000,3863.09000000,3869.67000000,3836.15000000,3847.58000000,4475.52834000,1620534419999,17254961.26528060,8921,2195.24865000,8466514.10248560,0
1620534420000,3846.37000000,3875.00000000,3844.61000000,3871.87000000,6020.20214000,1620534599999,23264397.21162410,9427,3101.40729000,11983222.46807890,0
1620534600000,3871.87000000,3872.70000000,3860.57000000,3865.20000000,2611.66900000,1620534779999,10096419.76265900,5615,1276.14004000,4933397.62106710,0
1620534780000,3865.21000000,3872.00000000,3853.53000000,3860.56000000,3258.69186000,1620534959999,12592501.05766940,6977,1604.46120000,6199495.60216190,0
1620534960000,3860.56000000,3866.97000000,3852.01000000,3859.11000000,2062.82314000,1620535139999,7960975.12981760,4648,995.10332000,3839952.16673110,0
1620535140000,3859.10000000,3884.69000000,3856.22000000,3875.22000000,2216.45478000,1620535319999,8585084.63345520,5963,1248.11069000,4834167.03425890,0
1620535320000,3875.23000000,3884.73000000,3871.47000000,3878.00000000,1290.46112000,1620535499999,5007353.21168430,4689,615.10904000,2386651.97700210,0
1620535500000,3878.00000000,3888.82000000,3870.00000000,3880.60000000,2363.73596000,1620535679999,9174048.19320200,5759,1122.53026000,4357130.34152970,0
1620535680000,3880.59000000,3884.45000000,3871.57000000,3874.32000000,1572.50183000,1620535859999,6098735.83015320,4705,768.96817000,2982546.83399860,0
1620535860000,3874.32000000,3898.80000000,3874.32000000,3893.23000000,2422.72733000,1620536039999,9422469.07949190,5984,1331.76317000,5178573.43774850,0
1620536040000,3893.15000000,3895.10000000,3877.31000000,3890.32000000,2552.47040000,1620536219999,9929032.75504000,5506,1303.63292000,5071255.15532700,0
1620536220000,3890.31000000,3897.59000000,3886.25000000,3896.88000000,1892.93468000,1620536399999,7368820.30456200,4161,970.18493000,3776446.98605070,0
1620536400000,3897.23000000,3897.87000000,3877.06000000,3897.35000000,2878.20127000,1620536579999,11191237.03315010,4946,1556.85762000,6052224.91631220,0
1620536580000,3897.54000000,3910.00000000,3891.30000000,3908.47000000,3063.45460000,1620536759999,11952435.02500510,5902,1691.93099000,6600814.22916700,0
1620536760000,3908.48000000,3920.00000000,3906.01000000,3915.27000000,4096.80638000,1620536939999,16027897.97081240,7451,1646.48475000,6442427.42523720,0
1620536940000,3915.27000000,3928.08000000,3907.91000000,3926.01000000,2663.59800000,1620537119999,10437008.91475800,6322,1411.58128000,5531757.39150060,0
1620537120000,3926.01000000,3931.74000000,3917.23000000,3924.32000000,2516.92671000,1620537299999,9881715.37723900,6106,1399.76250000,5495969.79705580,0
1620537300000,3924.37000000,3929.78000000,3917.15000000,3926.00000000,2121.15634000,1620537479999,8325500.60925150,4965,1122.88491000,4406899.40999790,0
1620537480000,3926.01000000,3926.46000000,3915.00000000,3915.52000000,1591.22085000,1620537659999,6237066.15720040,3846,780.41216000,3058813.32206270,0
1620537660000,3915.51000000,3923.81000000,3909.19000000,3922.36000000,1431.51243000,1620537839999,5607604.72162180,3339,833.86689000,3266581.66293240,0
1620537840000,3922.35000000,3935.00000000,3918.29000000,3934.99000000,2000.15294000,1620538019999,7852537.62410050,3708,1206.84661000,4738781.00684420,0
1620538020000,3935.00000000,3938.32000000,3926.61000000,3933.24000000,2158.33636000,1620538199999,8489156.74788910,5089,1124.00452000,4420740.19790770,0
1620538200000,3933.24000000,3935.99000000,3923.03000000,3931.80000000,1955.55669000,1620538379999,7685228.78917620,4165,1093.18100000,4296795.38603520,0
1620538380000,3931.80000000,3932.71000000,3919.00000000,3923.81000000,1434.13195000,1620538559999,5628064.56964470,3720,677.39144000,2658451.20122610,0
1620538560000,3923.89000000,3928.30000000,3920.64000000,3928.30000000,1378.46791000,1620538739999,5410092.04015180,2814,764.50522000,3000334.54542710,0
1620538740000,3928.60000000,3934.11000000,3922.27000000,3929.62000000,2590.70092000,1620538919999,10177497.29066980,4875,1526.79127000,5998016.67115030,0
1620538920000,3929.63000000,3934.41000000,3923.09000000,3931.62000000,1287.99120000,1620539099999,5060778.64833740,3249,735.04802000,2888106.43212230,0
1620539100000,3931.63000000,3931.63000000,3921.91000000,3929.43000000,1219.92433000,1620539279999,4788990.91903320,2796,668.01356000,2622178.23784180,0
1620539280000,3929.43000000,3930.00000000,3921.66000000,3921.68000000,1093.86693000,1620539459999,4294700.89317380,2345,584.64751000,2295272.01647010,0
1620539460000,3921.67000000,3927.32000000,3917.01000000,3926.61000000,1587.86599000,1620539639999,6225914.52907520,3222,781.07940000,3062476.27616600,0
1620539640000,3926.61000000,3928.79000000,3918.10000000,3920.57000000,1224.27571000,1620539819999,4803234.42680220,2605,559.18545000,2193567.67625510,0
1620539820000,3920.57000000,3924.94000000,3917.09000000,3918.38000000,1673.37790000,1620539999999,6562074.66136380,2240,530.14868000,2078572.20404230,0
1620540000000,3918.38000000,3920.97000000,3913.94000000,3915.42000000,1152.78246000,1620540179999,4515177.23243860,2631,553.62920000,2168400.74991080,0
1620540180000,3915.44000000,3915.71000000,3903.00000000,3905.87000000,1296.25942000,1620540359999,5068871.57072670,3188,583.98359000,2283628.65855750,0
1620540360000,3905.87000000,3922.00000000,3902.50000000,3921.02000000,1463.00673000,1620540539999,5728479.47734030,2642,801.81812000,3139619.17179120,0
1620540540000,3921.02000000,3928.16000000,3919.47000000,3926.31000000,950.29248000,1620540719999,3729715.74889500,2538,476.98442000,1871962.97248150,0
1620540720000,3926.31000000,3926.31000000,3918.74000000,3919.62000000,836.60687000,1620540899999,3281273.00411000,2009,434.85081000,1705415.64571350,0
1620540900000,3919.80000000,3925.66000000,3919.01000000,3923.84000000,1482.47175000,1620541079999,5814064.16634330,2180,797.76938000,3128611.15819540,0
1620541080000,3923.84000000,3923.84000000,3918.65000000,3918.65000000,960.42211000,1620541259999,3766042.19606870,2138,455.27998000,1785246.30936240,0
1620541260000,3918.62000000,3932.80000000,3917.95000000,3931.37000000,1450.00308000,1620541439999,5692422.47642430,2749,795.52516000,3122932.19640680,0
1620541440000,3931.48000000,3951.20000000,3928.50000000,3950.50000000,2978.20368000,1620541619999,11743950.58970050,6153,1790.53534000,7060369.68753710,0
1620541620000,3950.34000000,3955.00000000,3937.73000000,3946.93000000,3406.04185000,1620541799999,13447310.69464140,5895,1418.61587000,5599776.74653250,0
1620541800000,3946.94000000,3973.27000000,3946.69000000,3961.00000000,5390.13461000,1620541979999,21357049.40458400,13974,3437.87563000,13620529.44775500,0
1620541980000,3961.00000000,3974.64000000,3958.48000000,3968.02000000,4911.60249000,1620542159999,19481626.62940570,6671,1835.47497000,7283146.02141140,0
1620542160000,3968.02000000,3979.98000000,3965.20000000,3970.57000000,3809.05818000,1620542339999,15131357.63166590,8370,2233.84582000,8874515.06840210,0
1620542340000,3970.57000000,3975.00000000,3965.00000000,3975.00000000,3076.52683000,1620542519999,12211965.58563550,4845,1449.76299000,5755239.24146520,0
1620542520000,3974.99000000,3982.26000000,3973.34000000,3979.19000000,2676.66804000,1620542699999,10646895.51440320,5521,1541.75271000,6132803.41990590,0
1620542700000,3979.18000000,3981.60000000,3967.00000000,3976.25000000,2843.36431000,1620542879999,11302829.71161280,6076,1667.11913000,6627474.61671950,0
1620542880000,3976.27000000,3978.59000000,3957.80000000,3960.34000000,3112.73034000,1620543059999,12358145.89075640,5566,1415.25411000,5619634.14726520,0
1620543060000,3960.36000000,3972.97000000,3959.64000000,3969.82000000,1985.93329000,1620543239999,7874913.79459160,4415,1078.72418000,4277505.06076420,0
1620543240000,3969.82000000,3969.85000000,3953.50000000,3964.67000000,2886.95069000,1620543419999,11438190.64904610,4163,1658.27760000,6569286.38701480,0
1620543420000,3964.67000000,3971.52000000,3960.46000000,3961.57000000,1634.74285000,1620543599999,6484183.95332810,3325,743.86524000,2950327.35296710,0
1620543600000,3962.01000000,3964.18000000,3951.33000000,3958.00000000,2677.04414000,1620543779999,10594721.77705640,4139,1555.79765000,6157256.11510250,0
1620543780000,3958.00000000,3961.43000000,3938.91000000,3944.28000000,2620.09736000,1620543959999,10351548.26430580,5280,1080.63488000,4270202.64836590,0
1620543960000,3944.10000000,3959.55000000,3941.81000000,3956.75000000,1799.27396000,1620544139999,7113581.95127410,3835,1010.23135000,3994441.58111060,0
1620544140000,3956.75000000,3967.81000000,3955.52000000,3966.59000000,1747.04382000,1620544319999,6917502.39981380,3745,1158.21329000,4585924.17838520,0
1620544320000,3966.71000000,3972.56000000,3962.94000000,3964.02000000,2266.44965000,1620544499999,8992689.78290970,5073,1147.61267000,4553611.21764020,0
1620544500000,3964.02000000,3983.65000000,3958.00000000,3979.57000000,2696.12248000,1620544679999,10709242.73583090,6080,1630.37436000,6474969.57293850,0
1620544680000,3979.64000000,3979.89000000,3971.16000000,3974.79000000,1297.49190000,1620544859999,5156117.86222170,4021,701.77720000,2788805.35124770,0
1620544860000,3974.78000000,3982.12000000,3957.89000000,3964.52000000,1946.80332000,1620545039999,7729276.75848010,4720,847.32400000,3365167.74608170,0
1620545040000,3964.51000000,3966.99000000,3957.16000000,3965.09000000,1599.39993000,1620545219999,6336478.81353270,3540,862.86690000,3418669.34376520,0
1620545220000,3965.09000000,3971.83000000,3953.03000000,3959.72000000,2171.35781000,1620545399999,8600987.83695390,4441,1021.11347000,4044939.15004300,0
1620545400000,3959.71000000,3959.71000000,3946.26000000,3950.82000000,1632.53163000,1620545579999,6454000.59629860,3926,725.13792000,2866999.79238210,0
1620545580000,3950.83000000,3956.40000000,3944.74000000,3956.40000000,2118.46280000,1620545759999,8367609.45802410,3766,1096.24343000,4330592.13166420,0
1620545760000,3956.41000000,3962.87000000,3952.54000000,3958.81000000,1145.50593000,1620545939999,4534321.10631180,2926,571.81971000,2263523.21438030,0
1620545940000,3958.80000000,3959.11000000,3946.21000000,3947.34000000,1656.23417000,1620546119999,6546600.23397720,3541,753.31554000,2977711.69255490,0
1620546120000,3947.29000000,3949.55000000,3929.35000000,3940.35000000,2890.23870000,1620546299999,11390624.75450370,5791,1110.29017000,4376328.83759750,0
1620546300000,3940.12000000,3956.59000000,3928.64000000,3956.46000000,2335.23131000,1620546479999,9195743.73670950,4816,1166.00101000,4592119.09938290,0
1620546480000,3956.52000000,3961.99000000,3951.57000000,3951.99000000,1325.89706000,1620546659999,5245791.60816570,3392,753.02508000,2979302.26320810,0
1620546660000,3952.00000000,3957.22000000,3941.63000000,3942.99000000,912.39054000,1620546839999,3603092.53892580,2839,453.70665000,1791581.49373620,0
1620546840000,3943.00000000,3945.00000000,3933.00000000,3939.22000000,1317.16057000,1620547019999,5187907.43321910,3464,616.89633000,2429702.15351620,0
1620547020000,3939.94000000,3951.36000000,3935.63000000,3937.76000000,1193.63199000,1620547199999,4706612.92612240,2858,481.12778000,1897330.50219750,0
1620547200000,3937.62000000,3947.00000000,3935.46000000,3939.35000000,1316.64750000,1620547379999,5189756.75253040,2903,576.66018000,2273145.46542350,0
1620547380000,3939.35000000,3944.97000000,3931.42000000,3932.00000000,1490.06892000,1620547559999,5869228.73746000,3490,836.39386000,3294962.31770440,0
1620547560000,3932.00000000,3944.97000000,3927.27000000,3944.24000000,2306.90766000,1620547739999,9086268.61023660,4080,1457.28789000,5742383.54976140,0
1620547740000,3944.25000000,3954.71000000,3942.55000000,3948.61000000,2116.04547000,1620547919999,8352039.55185350,4132,1565.24987000,6177312.58503800,0
1620547920000,3948.59000000,3950.60000000,3942.16000000,3950.10000000,1014.37559000,1620548099999,4003677.70322390,2415,611.06021000,2411995.01017540,0
1620548100000,3950.38000000,3951.03000000,3940.07000000,3944.25000000,1444.20869000,1620548279999,5697461.74630310,2590,639.51890000,2522746.49939210,0
1620548280000,3944.25000000,3961.10000000,3943.69000000,3951.11000000,1643.00519000,1620548459999,6495648.24360550,3594,930.06864000,3677015.70675360,0
1620548460000,3950.92000000,3959.07000000,3950.29000000,3955.65000000,2889.57903000,1620548639999,11428374.24439240,3445,2203.27329000,8713955.49838510,0
1620548640000,3955.65000000,3957.40000000,3951.83000000,3952.15000000,1580.42202000,1620548819999,6249450.83479900,2791,998.73401000,3949197.97311990,0
1620548820000,3952.14000000,3955.00000000,3944.10000000,3954.37000000,1688.23409000,1620548999999,6670615.50777410,3010,762.25826000,3012451.32446960,0
1620549000000,3954.69000000,3964.98000000,3954.00000000,3959.45000000,2390.18698000,1620549179999,9467216.13019320,3633,1362.35760000,5395736.52763080,0
1620549180000,3959.46000000,3966.57000000,3954.43000000,3962.17000000,1941.21726000,1620549359999,7688738.98383810,3310,1173.98185000,4649800.22069200,0
1620549360000,3962.17000000,3962.99000000,3955.00000000,3956.15000000,1685.84493000,1620549539999,6673074.55193210,2765,947.24600000,3749563.49429380,0
1620549540000,3956.15000000,3956.15000000,3942.52000000,3946.10000000,1347.48286000,1620549719999,5321362.86633770,3218,605.12662000,2389952.38734730,0
1620549720000,3946.10000000,3946.50000000,3940.24000000,3941.44000000,1536.29442000,1620549899999,6056967.93814020,2721,962.27925000,3793906.72333770,0
1620549900000,3941.45000000,3943.00000000,3917.00000000,3924.30000000,7701.69589000,1620550079999,30249409.57049700,9553,4797.83585000,18837185.06623090,0
1620550080000,3924.60000000,3932.04000000,3917.00000000,3929.10000000,2490.06019000,1620550259999,9773865.73159460,4474,957.58282000,3758827.28491800,0
1620550260000,3929.09000000,3940.05000000,3917.65000000,3923.56000000,2656.30804000,1620550439999,10431313.84544210,4348,1302.25618000,5116341.02859110,0
1620550440000,3924.25000000,3927.28000000,3907.07000000,3920.40000000,5141.71041000,1620550619999,20135455.58571850,6996,3194.29739000,12504941.07626880,0
1620550620000,3920.40000000,3925.57000000,3915.51000000,3921.49000000,1936.33136000,1620550799999,7591203.20292280,3580,853.03386000,3344196.01343350,0
1620550800000,3921.48000000,3935.00000000,3914.91000000,3932.02000000,1693.93908000,1620550979999,6647925.41346470,3845,882.67377000,3464304.38634140,0
1620550980000,3932.01000000,3937.54000000,3926.00000000,3932.36000000,1628.95210000,1620551159999,6404902.90785080,3261,807.07413000,3173496.61151400,0
1620551160000,3932.34000000,3934.00000000,3926.15000000,3930.99000000,1293.05496000,1620551339999,5081158.42953650,2834,570.01199000,2239812.22868340,0
1620551340000,3931.00000000,3931.86000000,3921.69000000,3922.82000000,1546.82944000,1620551519999,6075706.39892860,3200,725.64672000,2850207.76587030,0
1620551520000,3922.70000000,3925.29000000,3910.56000000,3911.50000000,2512.26034000,1620551699999,9842615.72096320,4535,1067.66844000,4182281.58604730,0
1620551700000,3911.21000000,3929.00000000,3900.00000000,3926.37000000,4061.37424000,1620551879999,15894063.77625260,8297,1779.67611000,6968868.35934440,0
1620551880000,3926.26000000,3931.99000000,3922.63000000,3929.26000000,1940.10977000,1620552059999,7622740.63020020,3907,1136.68044000,4466095.24654930,0
1620552060000,3929.41000000,3936.22000000,3923.44000000,3928.51000000,1893.23039000,1620552239999,7439587.44339070,3618,869.41991000,3416728.58091720,0
1620552240000,3928.50000000,3930.50000000,3920.01000000,3923.94000000,1311.97182000,1620552419999,5148978.17669470,3072,548.61306000,2153068.89795820,0
1620552420000,3924.20000000,3926.93000000,3915.92000000,3915.92000000,1502.52867000,1620552599999,5890394.98981990,3268,605.54886000,2373931.35284500,0
1620552600000,3915.92000000,3918.84000000,3905.00000000,3905.82000000,2416.65759000,1620552779999,9447883.79158840,4596,1044.40510000,4083266.19211550,0
1620552780000,3905.48000000,3911.17000000,3895.81000000,3898.69000000,3174.47343000,1620552959999,12391109.25225830,6119,1342.58291000,5240764.73336730,0
1620552960000,3898.68000000,3901.11000000,3881.00000000,3883.59000000,5790.21109000,1620553139999,22534160.27602300,10964,2715.92977000,10571930.52885250,0
1620553140000,3883.60000000,3892.99000000,3874.08000000,3891.95000000,4522.79120000,1620553319999,17560203.19822690,9137,2236.69758000,8685611.86196700,0
1620553320000,3892.93000000,3905.00000000,3885.01000000,3900.82000000,3593.05102000,1620553499999,14001137.94083610,6583,1863.42616000,7260561.30428860,0
1620553500000,3900.81000000,3907.73000000,3887.08000000,3900.23000000,3648.09739000,1620553679999,14220217.03332090,5940,1706.71030000,6652977.54877220,0
1620553680000,3900.81000000,3910.00000000,3900.81000000,3905.66000000,2544.87661000,1620553859999,9941783.67283470,4218,1190.14482000,4649454.21320330,0
1620553860000,3905.66000000,3913.51000000,3904.51000000,3907.11000000,2473.46974000,1620554039999,9669523.46630130,4180,1295.69933000,5065592.79330980,0
1620554040000,3907.04000000,3918.36000000,3903.00000000,3910.94000000,2624.70934000,1620554219999,10261600.23882780,4180,1032.99900000,4039511.70066390,0
1620554220000,3910.93000000,3913.59000000,3907.01000000,3908.64000000,1797.84464000,1620554399999,7029154.80654150,3156,991.92782000,3878272.00467110,0
1620554400000,3908.65000000,3908.69000000,3894.33000000,3897.64000000,2220.98350000,1620554579999,8661020.55154100,4574,876.89214000,3419477.02049420,0
1620554580000,3897.62000000,3900.13000000,3883.01000000,3892.66000000,2999.44797000,1620554759999,11672506.83442710,5164,1353.89797000,5268821.75838420,0
1620554760000,3892.99000000,3905.00000000,3890.02000000,3893.66000000,1729.48369000,1620554939999,6738554.22767740,4017,922.04093000,3592300.55718630,0
1620554940000,3893.67000000,3895.00000000,3875.52000000,3876.43000000,2598.31173000,1620555119999,10093240.35545590,5127,1311.94646000,5095759.22546840,0
1620555120000,3876.43000000,3883.25000000,3870.02000000,3874.00000000,3134.67681000,1620555299999,12150276.56829220,6349,1492.02388000,5783700.70491850,0
1620555300000,3874.00000000,3880.00000000,3855.78000000,3861.00000000,3673.64620000,1620555479999,14207121.89741600,8564,1641.43046000,6348413.79333380,0
1620555480000,3861.88000000,3882.13000000,3858.56000000,3864.84000000,2832.45422000,1620555659999,10963949.38852780,5828,1253.04587000,4850587.91927800,0
1620555660000,3864.84000000,3867.72000000,3855.00000000,3864.80000000,3477.13057000,1620555839999,13424115.82202820,5815,1634.95585000,6312367.63168510,0
1620555840000,3864.92000000,3876.43000000,3860.50000000,3872.61000000,2123.38202000,1620556019999,8214935.75875660,4794,1091.02006000,4221364.33622510,0
1620556020000,3872.62000000,3877.62000000,3868.94000000,3876.54000000,2578.37934000,1620556199999,9986737.43544410,4261,1162.47620000,4502777.08863420,0
1620556200000,3876.54000000,3886.30000000,3876.01000000,3885.20000000,2283.16088000,1620556379999,8863790.36435940,4663,1042.02818000,4045468.38006620,0
1620556380000,3885.00000000,3894.73000000,3883.05000000,3891.29000000,1986.13787000,1620556559999,7724330.05689020,4191,1045.19104000,4065184.29468860,0
1620556560000,3891.24000000,3895.00000000,3886.37000000,3890.59000000,1575.14539000,1620556739999,6128517.07571650,3159,616.70895000,2399576.34122850,0
1620556740000,3890.60000000,3891.04000000,3880.00000000,3887.00000000,1678.78495000,1620556919999,6522237.04565360,3243,790.95689000,3073077.51158500,0
1620556920000,3886.89000000,3903.67000000,3886.19000000,3899.99000000,1507.44241000,1620557099999,5872178.27690100,3346,943.35606000,3674591.08344190,0
1620557100000,3900.00000000,3909.00000000,3898.15000000,3907.52000000,1786.82760000,1620557279999,6978655.75043500,3408,1010.40982000,3946115.95184480,0
1620557280000,3907.52000000,3923.36000000,3907.22000000,3922.48000000,2672.59963000,1620557459999,10461501.25001910,4749,1705.54764000,6675288.58999440,0
1620557460000,3922.48000000,3922.48000000,3907.77000000,3916.50000000,2034.90847000,1620557639999,7968113.92556920,3758,879.17668000,3443211.49843880,0
1620557640000,3916.50000000,3917.97000000,3908.22000000,3915.40000000,888.81173000,1620557819999,3477590.13650100,2435,491.11300000,1921511.40863320,0
1620557820000,3915.39000000,3920.00000000,3912.17000000,3915.70000000,1139.04308000,1620557999999,4461093.33172560,2179,682.75373000,2673948.15392290,0
1620558000000,3915.70000000,3921.57000000,3910.78000000,3920.36000000,1621.32184000,1620558179999,6349486.97666580,3252,1129.74679000,4424900.54559600,0
1620558180000,3920.36000000,3928.41000000,3917.85000000,3920.28000000,2116.04744000,1620558359999,8301703.30321400,4759,1249.67670000,4902191.84200520,0
1620558360000,3920.31000000,3922.33000000,3913.45000000,3913.47000000,1221.83459000,1620558539999,4786094.30107990,3546,451.35635000,1767861.49527410,0
1620558540000,3913.48000000,3913.84000000,3905.83000000,3911.53000000,1301.99068000,1620558719999,5090938.55261610,3659,625.45892000,2445431.23402370,0
1620558720000,3911.52000000,3913.16000000,3907.15000000,3911.02000000,1180.03083000,1620558899999,4614059.45686600,3009,551.21024000,2155140.12065390,0
1620558900000,3911.01000000,3911.02000000,3901.96000000,3908.26000000,956.61272000,1620559079999,3736495.47080220,3426,459.54946000,1794866.70744840,0
1620559080000,3908.25000000,3913.36000000,3906.55000000,3909.83000000,1292.92707000,1620559259999,5056168.26315140,3679,674.48487000,2637500.66537740,0
1620559260000,3909.83000000,3919.87000000,3909.22000000,3911.89000000,1340.18365000,1620559439999,5245876.63743290,3905,668.45956000,2616441.28002360,0
1620559440000,3911.90000000,3911.90000000,3900.42000000,3907.43000000,1320.14268000,1620559619999,5156364.33181410,3950,599.88338000,2343025.84271890,0
1620559620000,3907.43000000,3907.83000000,3896.25000000,3900.01000000,1594.63098000,1620559799999,6223373.94723120,4523,690.54746000,2695217.81422800,0
1620559800000,3900.02000000,3911.32000000,3895.41000000,3899.53000000,1850.25364000,1620559979999,7219864.03333030,4569,818.57663000,3194111.62036010,0
1620559980000,3899.53000000,3905.62000000,3896.14000000,3899.75000000,1487.51335000,1620560159999,5803729.85497230,4251,649.81438000,2535397.48615480,0
1620560160000,3899.76000000,3900.32000000,3894.08000000,3894.50000000,1159.55830000,1620560339999,4518213.90491980,3412,515.39161000,2008205.52060270,0
1620560340000,3894.50000000,3894.50000000,3876.66000000,3881.60000000,1990.47637000,1620560519999,7734378.01330170,5619,834.22378000,3241898.06614260,0
1620560520000,3881.60000000,3890.69000000,3879.49000000,3886.29000000,1804.27212000,1620560699999,7008651.23765160,4270,1016.03979000,3946763.98930020,0
1620560700000,3886.29000000,3886.33000000,3880.01000000,3885.13000000,1609.70280000,1620560879999,6250822.09814570,4012,777.90445000,3020629.83391610,0
1620560880000,3885.23000000,3885.87000000,3873.29000000,3873.31000000,1743.81362000,1620561059999,6765424.14638120,4741,738.24891000,2864109.99929740,0
1620561060000,3873.31000000,3880.73000000,3869.66000000,3873.48000000,1870.13063000,1620561239999,7245408.53233470,5004,814.14354000,3154423.09964110,0
1620561240000,3873.49000000,3884.13000000,3870.55000000,3878.30000000,1457.81290000,1620561419999,5651999.51697510,4215,668.50311000,2591756.29367140,0
1620561420000,3878.30000000,3879.30000000,3851.40000000,3851.98000000,4126.71626000,1620561599999,15926040.20275070,8269,1892.98671000,7304596.20198340,0
1620561600000,3851.98000000,3859.69000000,3845.07000000,3847.51000000,4892.35267000,1620561779999,18845961.44414950,8249,1884.35788000,7259759.16348940,0
1620561780000,3847.51000000,3849.35000000,3831.07000000,3838.00000000,5286.50314000,1620561959999,20294027.23160260,8997,2670.94871000,10252984.68435840,0
1620561960000,3838.00000000,3846.83000000,3821.96000000,3830.60000000,5888.62936000,1620562139999,22591489.31234500,8794,2838.11754000,10890721.20996650,0
1620562140000,3830.64000000,3844.79000000,3828.22000000,3831.38000000,4543.14365000,1620562319999,17426048.47024530,7055,1817.11936000,6970542.40447600,0
1620562320000,3830.74000000,3843.50000000,3809.16000000,3818.90000000,8677.63552000,1620562499999,33153787.68401840,14668,3550.87421000,13566255.91343590,0
1620562500000,3818.90000000,3835.53000000,3813.25000000,3826.01000000,4160.07120000,1620562679999,15902626.11033470,7633,2028.54055000,7754775.93138360,0
1620562680000,3826.01000000,3830.56000000,3812.10000000,3812.12000000,2589.87908000,1620562859999,9907065.94428640,5264,961.46375000,3677861.31101060,0
1620562860000,3812.12000000,3813.60000000,3760.00000000,3796.00000000,16293.55615000,1620563039999,61705465.10751410,28246,7734.84385000,29296643.68795830,0
1620563040000,3796.22000000,3800.00000000,3763.90000000,3772.82000000,6200.60904000,1620563219999,23455820.81323910,9715,2859.35854000,10819249.89334820,0
1620563220000,3772.74000000,3787.76000000,3760.00000000,3787.18000000,4859.29158000,1620563399999,18335971.96409590,8270,2417.42164000,9121970.48634620,0
1620563400000,3787.39000000,3800.00000000,3777.00000000,3798.95000000,3728.25477000,1620563579999,14121925.68699830,6581,2095.45211000,7938418.04846930,0
1620563580000,3799.23000000,3802.10000000,3793.28000000,3800.96000000,3627.99200000,1620563759999,13783031.65927910,5507,2384.96620000,9061150.31033630,0
1620563760000,3800.97000000,3809.52000000,3786.20000000,3804.73000000,4354.89387000,1620563939999,16546063.45014550,7113,2426.28334000,9218051.95170130,0
1620563940000,3804.73000000,3814.30000000,3800.81000000,3813.08000000,2323.80746000,1620564119999,8850188.62180030,4530,1288.47277000,4907446.35893290,0
1620564120000,3813.08000000,3815.00000000,3805.27000000,3809.97000000,1893.33317000,1620564299999,7217277.60951030,4056,954.70081000,3639327.75720050,0
1620564300000,3809.97000000,3809.97000000,3796.22000000,3800.86000000,1892.37577000,1620564479999,7198607.47687910,3906,878.78497000,3343299.16765410,0
1620564480000,3800.86000000,3805.67000000,3786.23000000,3804.99000000,2832.93793000,1620564659999,10746372.99166020,4647,1148.01587000,4355629.04179210,0
1620564660000,3805.00000000,3805.03000000,3790.00000000,3790.85000000,1435.45451000,1620564839999,5447902.83081990,3023,688.62596000,2613652.60936190,0
1620564840000,3790.88000000,3791.11000000,3726.45000000,3727.88000000,8447.47103000,1620565019999,31760386.03651260,15000,2958.81595000,11136122.33774070,0
1620565020000,3727.87000000,3752.27000000,3726.08000000,3747.96000000,7246.51772000,1620565199999,27107575.56265470,11283,3969.78756000,14850701.42474320,0
1620565200000,3747.96000000,3773.00000000,3744.43000000,3771.98000000,3961.89469000,1620565379999,14906430.59822930,8673,1989.06028000,7482837.92452050,0
1620565380000,3771.98000000,3784.13000000,3769.40000000,3783.48000000,3225.41379000,1620565559999,12179804.12617160,7023,1744.01268000,6586303.14663610,0
1620565560000,3783.48000000,3789.69000000,3770.75000000,3775.62000000,3412.07048000,1620565739999,12903542.30414000,7533,1891.63384000,7153962.53516660,0
1620565740000,3775.61000000,3783.65000000,3759.58000000,3772.93000000,4491.94601000,1620565919999,16941453.05307540,8090,2058.31832000,7762478.19688520,0
1620565920000,3772.93000000,3786.94000000,3772.92000000,3784.22000000,2452.62318000,1620566099999,9271482.85851120,5856,1234.52812000,4667085.25341710,0
1620566100000,3784.21000000,3790.20000000,3775.96000000,3790.19000000,1950.06818000,1620566279999,7379865.94997090,5858,1177.35938000,4455897.59987030,0
1620566280000,3790.19000000,3793.42000000,3786.75000000,3789.99000000,3151.48440000,1620566459999,11945784.23011540,6177,1400.06316000,5307182.35280970,0
1620566460000,3789.99000000,3790.07000000,3778.93000000,3789.52000000,2583.24033000,1620566639999,9778926.92170320,5753,1226.62495000,4641754.95454960,0
1620566640000,3789.58000000,3790.11000000,3768.22000000,3781.63000000,2311.96933000,1620566819999,8729927.35969130,5583,1061.52510000,4008770.09942970,0
1620566820000,3781.63000000,3785.06000000,3765.00000000,3765.07000000,1301.44371000,1620566999999,4911970.94786740,4876,576.60028000,2176430.95585250,0
1620567000000,3765.07000000,3784.21000000,3762.75000000,3775.07000000,1944.95356000,1620567179999,7342643.01208500,5170,976.74392000,3686536.69093260,0
1620567180000,3775.06000000,3783.83000000,3770.49000000,3783.66000000,1389.00079000,1620567359999,5243878.31545910,4813,688.26584000,2598460.69278450,0
1620567360000,3783.66000000,3803.00000000,3780.38000000,3802.73000000,2228.24721000,1620567539999,8453528.37109230,5848,1201.21857000,4557939.32429620,0
1620567540000,3802.50000000,3811.74000000,3799.02000000,3809.97000000,2802.41797000,1620567719999,10663042.10878640,6589,1628.48058000,6196240.99650720,0
1620567720000,3809.34000000,3812.26000000,3803.75000000,3809.96000000,1909.66907000,1620567899999,7273546.24516990,4935,991.31756000,3775537.90053360,0
1620567900000,3809.96000000,3834.39000000,3809.95000000,3833.59000000,4239.44477000,1620568079999,16202073.01957430,9587,2392.83905000,9144765.53662030,0
1620568080000,3833.59000000,3834.49000000,3822.81000000,3822.82000000,3260.55716000,1620568259999,12487847.76629900,7713,1621.11739000,6209379.11225600,0
1620568260000,3822.82000000,3832.84000000,3822.21000000,3829.34000000,2330.25159000,1620568439999,8918444.23232980,5878,1136.01023000,4347180.81037380,0
1620568440000,3829.34000000,3836.49000000,3822.27000000,3832.66000000,2186.60274000,1620568619999,8374340.89324540,5498,1152.96694000,4415143.77780930,0
1620568620000,3832.73000000,3839.43000000,3828.32000000,3833.63000000,2311.65060000,1620568799999,8864676.20323210,5579,1190.91339000,4566704.61053290,0
1620568800000,3833.40000000,3838.37000000,3826.19000000,3835.43000000,2567.43952000,1620568979999,9834517.67532460,5829,1202.62632000,4606818.86386240,0
1620568980000,3835.43000000,3838.10000000,3788.28000000,3798.22000000,5357.23972000,1620569159999,20419851.24856960,10811,2148.84737000,8190874.52161070,0
1620569160000,3798.48000000,3826.57000000,3795.25000000,3826.56000000,2765.68040000,1620569339999,10533554.10292370,6494,1493.79128000,5690761.08177430,0
1620569340000,3826.56000000,3828.56000000,3812.82000000,3816.90000000,2785.31589000,1620569519999,10640223.75129080,6170,1107.27290000,4229953.30647170,0
1620569520000,3817.10000000,3817.75000000,3805.65000000,3807.36000000,1992.97818000,1620569699999,7593340.79208510,5067,828.05845000,3155022.16065010,0
1620569700000,3807.35000000,3831.22000000,3806.76000000,3829.00000000,2514.27470000,1620569879999,9602789.64828850,5544,1652.39629000,6310736.89792970,0
1620569880000,3829.09000000,3829.32000000,3815.53000000,3816.11000000,1948.27734000,1620570059999,7443643.92123790,4888,717.80796000,2742995.36054480,0
1620570060000,3816.11000000,3827.00000000,3810.00000000,3822.87000000,1961.05692000,1620570239999,7490753.20486200,5400,1127.53908000,4308166.44972080,0
1620570240000,3822.88000000,3823.98000000,3812.24000000,3815.34000000,1271.91593000,1620570419999,4855387.33147710,4023,588.55107000,2246702.79607520,0
1620570420000,3815.34000000,3825.00000000,3814.05000000,3821.00000000,1437.21476000,1620570599999,5491553.62591920,4512,587.49255000,2244948.92470990,0
1620570600000,3821.00000000,3822.50000000,3815.99000000,3818.84000000,817.77880000,1620570779999,3122547.06883290,4126,410.27872000,1566552.32376210,0
1620570780000,3818.85000000,3832.89000000,3818.84000000,3829.59000000,1355.15150000,1620570959999,5185335.90503660,4445,968.40171000,3705354.79541100,0
1620570960000,3829.59000000,3837.00000000,3829.00000000,3830.81000000,1597.55013000,1620571139999,6124303.09232260,4466,755.42057000,2895510.05212410,0
1620571140000,3830.80000000,3832.25000000,3820.00000000,3827.50000000,1343.58510000,1620571319999,5142731.20195990,5095,713.00079000,2729511.50264320,0
1620571320000,3827.50000000,3833.63000000,3827.50000000,3832.50000000,1056.01406000,1620571499999,4044976.42766500,4177,667.81279000,2557954.06142980,0
1620571500000,3832.50000000,3848.00000000,3830.35000000,3847.99000000,1650.23286000,1620571679999,6338672.47958910,5616,916.52625000,3520317.06815770,0
1620571680000,3847.99000000,3850.43000000,3842.98000000,3849.16000000,1926.18975000,1620571859999,7410929.70625750,5485,1041.47897000,4007337.91815340,0
1620571860000,3848.69000000,3855.28000000,3839.99000000,3839.99000000,1720.26388000,1620572039999,6619678.23875560,6188,757.18701000,2913811.52636540,0
1620572040000,3839.99000000,3844.26000000,3826.61000000,3829.57000000,1207.86466000,1620572219999,4634861.07714910,5025,635.19830000,2437969.82062800,0
1620572220000,3829.57000000,3838.14000000,3827.99000000,3836.64000000,1542.07750000,1620572399999,5908833.61860090,4241,1114.46424000,4269731.25873850,0
1620572400000,3836.63000000,3836.98000000,3813.82000000,3832.87000000,1852.61309000,1620572579999,7083318.44870460,4764,894.76888000,3421060.52648250,0
1620572580000,3832.87000000,3838.59000000,3830.00000000,3836.96000000,998.57660000,1620572759999,3829231.85468970,4148,572.95980000,2197041.96498010,0
1620572760000,3836.96000000,3843.53000000,3833.36000000,3841.44000000,1043.93907000,1620572939999,4008436.33291810,3540,605.85693000,2326169.36849440,0
1620572940000,3841.43000000,3844.39000000,3836.85000000,3840.55000000,1086.01090000,1620573119999,4170830.60290180,3822,663.84940000,2549387.72973270,0
1620573120000,3840.55000000,3842.68000000,3835.00000000,3835.60000000,1010.61672000,1620573299999,3878899.89735320,3413,535.48741000,2055143.05297060,0
1620573300000,3835.51000000,3850.53000000,3835.51000000,3843.37000000,1917.76295000,1620573479999,7372975.70255480,4752,975.58193000,3749898.99409450,0
1620573480000,3843.37000000,3848.56000000,3842.23000000,3843.61000000,1260.42671000,1620573659999,4846692.83255060,3643,665.59017000,2559348.91935210,0
1620573660000,3843.61000000,3843.61000000,3833.81000000,3839.62000000,1504.23378000,1620573839999,5774023.13810800,4055,523.40442000,2009222.94805030,0
1620573840000,3839.18000000,3840.00000000,3828.50000000,3829.06000000,1096.67817000,1620574019999,4205654.48661950,3439,420.26442000,1611723.27756750,0
1620574020000,3828.95000000,3840.38000000,3828.35000000,3838.12000000,1918.41277000,1620574199999,7354855.81706350,4319,1227.97862000,4706716.86576140,0
1620574200000,3838.11000000,3838.11000000,3821.04000000,3824.54000000,1245.86346000,1620574379999,4771906.54711590,3643,502.59251000,1924693.24148800,0
1620574380000,3824.54000000,3835.00000000,3824.54000000,3832.99000000,898.95560000,1620574559999,3442713.65909340,3749,478.36840000,1831877.90666960,0
1620574560000,3833.00000000,3847.14000000,3831.70000000,3847.14000000,958.17451000,1620574739999,3678164.13473030,3264,481.86416000,1849827.72523210,0
1620574740000,3847.14000000,3847.68000000,3838.01000000,3840.87000000,1539.47694000,1620574919999,5919396.77009010,4282,608.98781000,2341213.77580470,0
1620574920000,3840.61000000,3849.52000000,3836.00000000,3846.44000000,1121.94236000,1620575099999,4311007.34605180,3513,556.37188000,2137339.48308060,0
1620575100000,3846.24000000,3865.32000000,3846.16000000,3865.05000000,4290.63235000,1620575279999,16555116.00483180,6638,2058.89206000,7945013.94998070,0
1620575280000,3865.05000000,3872.43000000,3865.05000000,3868.79000000,2593.32402000,1620575459999,10035181.25831180,5372,1036.51040000,4010377.19552040,0
1620575460000,3868.79000000,3869.70000000,3858.00000000,3863.74000000,2196.31036000,1620575639999,8487569.99448620,4879,625.91507000,2418652.77780770,0
1620575640000,3863.73000000,3873.67000000,3863.73000000,3872.26000000,2054.45508000,1620575819999,7951188.77245050,5221,1097.16718000,4245893.62297140,0
1620575820000,3872.26000000,3880.94000000,3872.22000000,3878.46000000,4214.94452000,1620575999999,16346033.89077190,6446,1743.99781000,6761874.57188830,0
1620576000000,3878.76000000,3916.10000000,3878.21000000,3910.00000000,8274.05856000,1620576179999,32253705.09968730,16187,4545.21106000,17714309.43702130,0
1620576180000,3910.01000000,3943.89000000,3910.00000000,3935.78000000,14745.60365000,1620576359999,57970916.29135090,24981,5288.84869000,20776080.10259700,0
1620576360000,3935.78000000,3970.00000000,3930.34000000,3955.55000000,13108.54200000,1620576539999,51815808.81310430,24014,6439.78944000,25451933.20999350,0
1620576540000,3956.34000000,3959.38000000,3932.13000000,3942.21000000,4369.13776000,1620576719999,17239641.04244510,9553,1960.47731000,7735539.95245140,0
1620576720000,3942.21000000,3946.57000000,3926.65000000,3945.55000000,3050.90401000,1620576899999,12016523.86295200,5801,1567.57488000,6173908.00442780,0
1620576900000,3945.54000000,3946.22000000,3926.71000000,3929.97000000,2326.63904000,1620577079999,9157927.81391360,4878,1145.70076000,4509724.68413170,0
1620577080000,3929.97000000,3939.00000000,3916.22000000,3928.45000000,2666.69777000,1620577259999,10477353.39259050,5387,1299.54729000,5105989.78517130,0
1620577260000,3928.04000000,3930.00000000,3911.87000000,3919.21000000,2858.83932000,1620577439999,11208342.45626260,4629,1440.47041000,5647014.44948550,0
1620577440000,3919.10000000,3928.38000000,3914.64000000,3915.99000000,1259.96671000,1620577619999,4938202.03755370,2755,606.67479000,2377845.55218310,0
1620577620000,3915.99000000,3926.76000000,3915.00000000,3923.75000000,1233.14709000,1620577799999,4834455.53020440,2733,619.70273000,2429296.28232560,0
1620577800000,3923.72000000,3927.44000000,3914.65000000,3918.62000000,2148.32025000,1620577979999,8424135.30549710,3270,1157.23516000,4536466.80272240,0
1620577980000,3918.62000000,3923.42000000,3918.04000000,3918.61000000,747.88134000,1620578159999,2931652.23278260,1834,393.90128000,1543931.89110660,0
1620578160000,3918.61000000,3945.00000000,3918.60000000,3941.88000000,2030.14373000,1620578339999,7986412.09134010,4227,1231.45526000,4844463.65006930,0
1620578340000,3941.88000000,3945.00000000,3933.12000000,3935.86000000,1624.61574000,1620578519999,6398631.96601070,3019,812.82816000,3201650.18562790,0
1620578520000,3935.87000000,3940.00000000,3929.66000000,3939.99000000,1218.81632000,1620578699999,4796812.89917860,2326,600.82816000,2364868.46173810,0
1620578700000,3939.99000000,3940.00000000,3925.00000000,3934.73000000,1079.93087000,1620578879999,4245801.93759970,2503,492.01002000,1934382.77397150,0
1620578880000,3934.74000000,3937.50000000,3930.21000000,3937.42000000,1329.47813000,1620579059999,5229692.94745260,2395,811.27473000,3190967.29278030,0
1620579060000,3937.13000000,3949.43000000,3937.13000000,3939.80000000,2036.92051000,1620579239999,8031922.32587110,3570,1272.12603000,5015944.35267230,0
1620579240000,3939.80000000,3945.00000000,3935.13000000,3936.41000000,1086.73081000,1620579419999,4282413.38137920,2423,525.42463000,2070501.57098850,0
1620579420000,3936.42000000,3937.46000000,3923.87000000,3925.56000000,2041.33703000,1620579599999,8022658.49251360,3478,861.66708000,3386187.02760490,0
1620579600000,3925.56000000,3938.23000000,3925.50000000,3927.49000000,1338.75013000,1620579779999,5264145.34615020,3670,780.72831000,3069911.97875770,0
1620579780000,3927.79000000,3930.46000000,3898.55000000,3898.93000000,3128.82531000,1620579959999,12236038.53483720,7656,1208.85596000,4727021.25423280,0
1620579960000,3898.92000000,3904.64000000,3883.00000000,3903.00000000,3746.60397000,1620580139999,14588193.82319690,8075,1783.63610000,6945267.36816950,0
1620580140000,3903.25000000,3903.72000000,3892.74000000,3903.35000000,1433.65412000,1620580319999,5589962.47548180,4088,776.10233000,3026068.77613160,0
1620580320000,3903.35000000,3913.52000000,3903.04000000,3911.15000000,1608.42754000,1620580499999,6287352.46656310,3890,907.84080000,3548625.34138660,0
1620580500000,3911.15000000,3913.61000000,3898.67000000,3910.86000000,1573.11872000,1620580679999,6143793.02707530,4154,956.34057000,3734562.86430290,0
1620580680000,3910.86000000,3916.64000000,3904.23000000,3913.37000000,1053.61648000,1620580859999,4120127.54906690,3513,510.36200000,1995487.28784470,0
1620580860000,3913.48000000,3935.00000000,3913.14000000,3927.91000000,1734.19870000,1620581039999,6806394.31933010,5099,890.20513000,3493770.26683410,0
1620581040000,3927.88000000,3927.88000000,3916.27000000,3922.14000000,1556.92320000,1620581219999,6106922.70119060,3806,833.01877000,3267626.17068510,0
1620581220000,3921.61000000,3922.46000000,3910.51000000,3913.85000000,1122.81141000,1620581399999,4397541.89834650,3548,561.43048000,2199093.57560470,0
1620581400000,3913.84000000,3924.99000000,3911.99000000,3924.41000000,883.47790000,1620581579999,3462313.16141540,3020,444.44101000,1741522.77858320,0
1620581580000,3924.41000000,3924.43000000,3905.61000000,3906.08000000,825.93607000,1620581759999,3233579.46283030,3694,399.18174000,1562956.80291690,0
1620581760000,3906.08000000,3918.99000000,3901.65000000,3918.78000000,1150.06452000,1620581939999,4494691.53097270,3509,497.48097000,1944634.14117120,0
1620581940000,3918.67000000,3918.68000000,3897.00000000,3909.22000000,1274.13143000,1620582119999,4975112.16111020,4578,521.33602000,2036011.45321410,0
1620582120000,3909.13000000,3910.74000000,3896.00000000,3901.74000000,1255.19873000,1620582299999,4897151.55176920,3477,577.00999000,2251511.86734660,0
1620582300000,3901.75000000,3910.87000000,3899.41000000,3908.89000000,841.38088000,1620582479999,3286443.69268850,3349,418.29334000,1634030.56142780,0
1620582480000,3909.51000000,3914.00000000,3905.00000000,3914.00000000,777.41374000,1620582659999,3038968.83433540,2864,435.41517000,1702120.37322520,0
1620582660000,3914.00000000,3919.60000000,3910.29000000,3918.85000000,844.09755000,1620582839999,3305509.05547180,3286,341.62819000,1337686.57949850,0
1620582840000,3918.85000000,3918.85000000,3909.00000000,3916.41000000,1551.71118000,1620583019999,6072043.10444900,3321,749.45427000,2932288.55456140,0
1620583020000,3916.30000000,3917.34000000,3911.07000000,3911.79000000,904.25748000,1620583199999,3538916.46516630,2721,556.39799000,2177288.29720500,0
1620583200000,3911.93000000,3914.31000000,3900.08000000,3901.98000000,1048.56431000,1620583379999,4097305.44941200,3330,509.22209000,1990229.32591270,0
1620583380000,3902.07000000,3916.38000000,3900.00000000,3912.72000000,1076.47792000,1620583559999,4205245.16750330,3734,514.14229000,2008130.00891540,0
1620583560000,3912.73000000,3928.74000000,3911.52000000,3914.67000000,1468.93866000,1620583739999,5761252.39438260,4504,856.74471000,3360105.05721570,0
1620583740000,3915.23000000,3920.00000000,3906.35000000,3906.46000000,958.44360000,1620583919999,3752827.16672250,3930,537.33127000,2103979.93844480,0
1620583920000,3906.41000000,3916.95000000,3903.58000000,3914.01000000,2038.45942000,1620584099999,7969363.52673700,4160,1380.65398000,5397506.48019080,0
1620584100000,3914.01000000,3914.84000000,3906.62000000,3910.00000000,689.32631000,1620584279999,2695197.00134760,3219,323.23927000,1263922.13416880,0
1620584280000,3909.99000000,3912.77000000,3901.20000000,3901.54000000,954.68549000,1620584459999,3731068.97213260,3531,506.78242000,1980594.01577620,0
1620584460000,3901.54000000,3914.41000000,3901.00000000,3910.19000000,958.33726000,1620584639999,3743255.05459230,3526,436.22762000,1703815.28934160,0
1620584640000,3910.01000000,3918.32000000,3908.53000000,3917.22000000,713.94111000,1620584819999,2794897.35676620,2995,337.60543000,1321522.05713770,0
1620584820000,3916.99000000,3921.42000000,3913.16000000,3913.83000000,908.07176000,1620584999999,3557899.66125100,3570,556.26014000,2179558.35226280,0
1620585000000,3913.80000000,3918.76000000,3901.17000000,3901.90000000,1448.04921000,1620585179999,5661775.24958240,3631,699.11460000,2733787.27531350,0
1620585180000,3901.89000000,3906.99000000,3900.00000000,3901.44000000,1654.60500000,1620585359999,6457540.85893910,3982,893.57405000,3487752.98037090,0
1620585360000,3901.44000000,3902.15000000,3881.82000000,3888.53000000,2338.13590000,1620585539999,9097885.12702740,5689,996.94271000,3878670.40079430,0
1620585540000,3888.52000000,3904.25000000,3885.19000000,3903.98000000,1415.18947000,1620585719999,5509682.30092160,4347,643.70893000,2506986.58523370,0
1620585720000,3904.03000000,3909.68000000,3885.36000000,3888.96000000,1074.22149000,1620585899999,4187002.90605120,4444,532.09305000,2073975.03582490,0
1620585900000,3888.82000000,3896.17000000,3880.32000000,3893.01000000,1754.39512000,1620586079999,6823042.25374010,5076,857.57420000,3335015.54690660,0
1620586080000,3893.22000000,3900.00000000,3887.61000000,3896.42000000,936.65494000,1620586259999,3645957.13142950,3537,564.65646000,2197986.46863230,0
1620586260000,3896.42000000,3899.93000000,3894.33000000,3898.49000000,632.50659000,1620586439999,2465100.44524280,3442,329.95482000,1285914.51923100,0
1620586440000,3898.49000000,3906.41000000,3889.37000000,3904.01000000,970.81500000,1620586619999,3784392.91556250,4286,515.80168000,2010594.95144840,0
1620586620000,3904.00000000,3909.00000000,3896.84000000,3899.32000000,1119.96996000,1620586799999,4372384.64210850,3386,728.88068000,2845932.03808050,0
1620586800000,3899.33000000,3906.79000000,3896.65000000,3902.95000000,991.86561000,1620586979999,3871255.36540480,3326,465.27987000,1815905.36510240,0
1620586980000,3902.95000000,3904.64000000,3894.37000000,3894.37000000,987.98801000,1620587159999,3852932.22298220,4151,467.30180000,1822377.50808180,0
1620587160000,3894.36000000,3898.80000000,3888.23000000,3890.87000000,1104.21301000,1620587339999,4298632.56691600,4034,470.95198000,1833716.46391570,0
1620587340000,3890.99000000,3891.85000000,3878.52000000,3882.67000000,1479.02029000,1620587519999,5747393.34950820,5445,605.10998000,2352076.65636840,0
1620587520000,3882.67000000,3890.78000000,3880.61000000,3885.26000000,1332.47277000,1620587699999,5176466.07673760,4202,691.09962000,2684358.97928200,0
1620587700000,3885.26000000,3888.68000000,3867.00000000,3870.82000000,2081.91325000,1620587879999,8071429.60854570,6949,880.92942000,3416188.43444850,0
1620587880000,3870.82000000,3872.90000000,3858.05000000,3867.12000000,2449.96157000,1620588059999,9466281.12771530,7110,1165.22577000,4502012.52554340,0
1620588060000,3867.14000000,3868.71000000,3854.16000000,3854.99000000,2438.60975000,1620588239999,9412466.82962400,7213,1254.40264000,4842229.47501970,0
1620588240000,3854.70000000,3866.24000000,3853.00000000,3861.65000000,1862.30254000,1620588419999,7185263.47678350,5750,942.80110000,3637967.65798010,0
1620588420000,3861.64000000,3871.11000000,3856.49000000,3858.63000000,1459.63963000,1620588599999,5637744.25537030,4867,756.73724000,2922872.97709470,0
1620588600000,3858.62000000,3881.07000000,3855.44000000,3879.00000000,1338.79154000,1620588779999,5179758.02362770,5159,765.86483000,2963138.53432310,0
1620588780000,3878.94000000,3890.96000000,3875.87000000,3878.58000000,1755.42508000,1620588959999,6818431.85083230,5399,1027.87497000,3992297.06128530,0
1620588960000,3878.61000000,3891.85000000,3878.61000000,3884.99000000,1120.02656000,1620589139999,4352990.71128900,4140,531.47841000,2065535.98961800,0
1620589140000,3884.98000000,3886.07000000,3863.22000000,3863.95000000,1207.02639000,1620589319999,4674676.29646770,4746,584.91735000,2265636.77161720,0
1620589320000,3863.95000000,3869.10000000,3849.26000000,3850.67000000,1728.55772000,1620589499999,6665068.84290490,6242,648.65858000,2501469.93846740,0
1620589500000,3850.67000000,3866.62000000,3841.19000000,3861.10000000,2333.30723000,1620589679999,8990569.87466590,6912,903.50197000,3482597.84102620,0
1620589680000,3860.84000000,3865.95000000,3853.55000000,3865.65000000,1305.72901000,1620589859999,5037685.44421070,4225,515.41176000,1988374.71546720,0
1620589860000,3865.65000000,3869.55000000,3860.20000000,3866.13000000,804.45536000,1620590039999,3109178.12864280,4038,383.40583000,1481733.09555400,0
1620590040000,3866.37000000,3872.74000000,3865.01000000,3869.05000000,1103.51321000,1620590219999,4269172.45082090,4066,469.42159000,1816079.56704800,0
1620590220000,3868.96000000,3874.93000000,3860.75000000,3862.96000000,968.06263000,1620590399999,3743545.17144850,3700,549.00230000,2123103.83111050,0
1620590400000,3862.94000000,3887.62000000,3853.74000000,3878.42000000,2401.02534000,1620590579999,9293843.68480510,5841,984.74455000,3814211.25631540,0
1620590580000,3878.43000000,3886.86000000,3876.18000000,3879.76000000,1369.38142000,1620590759999,5315418.92765220,4148,771.25605000,2993834.78249530,0
1620590760000,3879.51000000,3881.92000000,3873.58000000,3878.27000000,989.45622000,1620590939999,3838594.17572010,3405,719.44942000,2791231.06003800,0
1620590940000,3878.44000000,3883.23000000,3873.54000000,3877.79000000,923.46022000,1620591119999,3582173.26268850,3710,580.90401000,2253559.52702690,0
1620591120000,3877.79000000,3888.99000000,3875.03000000,3886.25000000,2081.83002000,1620591299999,8087248.22846290,4411,1458.38624000,5665495.20447120,0
1620591300000,3886.36000000,3886.47000000,3877.00000000,3879.39000000,887.89767000,1620591479999,3445775.53252370,3703,430.86381000,1671839.08971720,0
1620591480000,3879.40000000,3885.40000000,3875.00000000,3877.75000000,600.14607000,1620591659999,2327681.01644540,3247,320.70186000,1243865.19053250,0
1620591660000,3877.74000000,3877.75000000,3866.26000000,3873.50000000,1003.88599000,1620591839999,3886821.86814950,3587,499.89256000,1935352.81576840,0
1620591840000,3873.50000000,3882.25000000,3873.50000000,3875.54000000,1008.76452000,1620592019999,3911017.63065340,3123,359.26081000,1392686.61721860,0
1620592020000,3875.33000000,3880.95000000,3874.22000000,3876.33000000,755.04703000,1620592199999,2927311.27079710,3246,379.61347000,1471703.83720670,0
1620592200000,3876.44000000,3882.50000000,3873.12000000,3882.23000000,760.79725000,1620592379999,2950392.03680200,2603,464.91384000,1802998.95279020,0
1620592380000,3882.20000000,3882.50000000,3878.60000000,3881.56000000,549.04845000,1620592559999,2130960.97465900,3004,309.82030000,1202427.74391590,0
1620592560000,3881.56000000,3896.31000000,3881.22000000,3895.90000000,1655.46338000,1620592739999,6437054.55733280,3860,1139.97010000,4432050.34173870,0
1620592740000,3895.89000000,3915.00000000,3895.89000000,3913.16000000,3316.00740000,1620592919999,12961034.50931610,7363,1932.58011000,7552540.02755500,0
1620592920000,3913.16000000,3914.24000000,3895.00000000,3898.55000000,1364.30878000,1620593099999,5325820.06123700,4234,534.53520000,2086294.52308280,0
1620593100000,3898.54000000,3912.13000000,3895.55000000,3900.37000000,949.57033000,1620593279999,3706522.21985860,3829,515.99646000,2014136.24588920,0
1620593280000,3900.36000000,3905.07000000,3898.91000000,3900.61000000,644.76514000,1620593459999,2516227.58016060,2954,358.52754000,1399132.76661390,0
1620593460000,3901.46000000,3906.47000000,3895.74000000,3895.95000000,840.88466000,1620593639999,3279623.53257470,3141,359.80381000,1403535.67578600,0
1620593640000,3895.94000000,3908.63000000,3888.64000000,3902.03000000,1987.19238000,1620593819999,7746114.96368600,4828,1239.60463000,4831304.19762390,0
1620593820000,3902.04000000,3907.11000000,3896.49000000,3904.99000000,1198.11320000,1620593999999,4674687.73452410,3084,636.32192000,2482363.96434450,0
1620594000000,3904.41000000,3922.00000000,3904.10000000,3920.22000000,2220.56152000,1620594179999,8694499.62487220,6044,1254.34952000,4910531.19993200,0
1620594180000,3920.42000000,3927.09000000,3918.74000000,3920.25000000,998.01138000,1620594359999,3914728.32805670,5214,487.28546000,1911263.34982120,0
1620594360000,3920.15000000,3941.73000000,3919.94000000,3940.98000000,2420.30463000,1620594539999,9520306.16631620,8113,1285.36910000,5054271.23468130,0
1620594540000,3940.97000000,3941.41000000,3924.11000000,3928.92000000,1459.89023000,1620594719999,5742443.52149310,6212,482.01809000,1895004.79288030,0
1620594720000,3928.91000000,3934.37000000,3924.24000000,3926.26000000,755.50184000,1620594899999,2968773.90470070,4002,339.85248000,1335288.04000070,0
1620594900000,3926.63000000,3928.01000000,3915.83000000,3916.17000000,581.86303000,1620595079999,2281864.35131870,4491,318.31656000,1248494.62564360,0
1620595080000,3916.06000000,3926.24000000,3915.70000000,3920.71000000,754.49540000,1620595259999,2957982.16230720,4040,350.32290000,1373510.49481760,0
1620595260000,3920.70000000,3921.17000000,3912.71000000,3914.99000000,692.59310000,1620595439999,2712546.19071770,4432,329.31802000,1289830.93667330,0
1620595440000,3914.99000000,3918.95000000,3907.67000000,3913.81000000,915.49502000,1620595619999,3582602.10032270,4619,491.81281000,1924745.67046370,0
1620595620000,3913.68000000,3916.96000000,3910.10000000,3915.21000000,688.71648000,1620595799999,2694756.14787940,3930,366.22158000,1432781.87484980,0
1620595800000,3915.13000000,3916.67000000,3910.10000000,3915.76000000,801.72614000,1620595979999,3137254.89797340,4018,555.40140000,2173416.01203740,0
1620595980000,3915.76000000,3916.63000000,3913.14000000,3915.75000000,526.75482000,1620596159999,2062248.67080670,3860,350.98540000,1374152.49706900,0
1620596160000,3915.76000000,3921.41000000,3913.94000000,3916.29000000,717.01992000,1620596339999,2808853.09502930,3897,396.67488000,1553969.76348890,0
1620596340000,3916.30000000,3916.30000000,3907.29000000,3912.52000000,584.57225000,1620596519999,2286724.78070540,4275,264.41057000,1034410.71834170,0
1620596520000,3912.27000000,3914.87000000,3901.31000000,3905.83000000,920.23116000,1620596699999,3595822.88277630,4712,443.75823000,1734018.94794190,0
1620596700000,3905.82000000,3914.86000000,3905.01000000,3906.99000000,1003.07845000,1620596879999,3921652.69241830,4600,612.92999000,2396339.17359400,0
1620596880000,3906.99000000,3913.84000000,3904.21000000,3910.81000000,783.95862000,1620597059999,3064002.37031700,4078,451.70135000,1765443.33670550,0
1620597060000,3910.64000000,3914.23000000,3905.26000000,3908.51000000,838.71197000,1620597239999,3279355.99498120,4206,341.67517000,1335862.77662290,0
1620597240000,3908.52000000,3909.78000000,3896.22000000,3904.83000000,981.75136000,1620597419999,3831395.00528710,4808,437.35837000,1706871.68561940,0
1620597420000,3904.83000000,3913.78000000,3899.98000000,3904.87000000,1098.01748000,1620597599999,4286779.72463850,4389,624.35135000,2437099.84682000,0
1620597600000,3905.00000000,3908.00000000,3890.79000000,3893.23000000,1610.14541000,1620597779999,6281665.96605010,4428,788.30986000,3074771.63245020,0
1620597780000,3893.06000000,3901.89000000,3892.00000000,3896.12000000,1217.92643000,1620597959999,4746239.14394340,3887,663.60035000,2586221.38254910,0
1620597960000,3896.12000000,3905.00000000,3892.97000000,3900.84000000,871.89019000,1620598139999,3399305.47505070,3223,488.47262000,1904732.60197520,0
1620598140000,3900.47000000,3908.13000000,3895.87000000,3903.69000000,1115.58076000,1620598319999,4353706.79493740,3727,634.45020000,2476117.26217660,0
1620598320000,3903.75000000,3909.98000000,3902.49000000,3906.78000000,697.43004000,1620598499999,2724286.00211970,2835,400.91248000,1565977.70429020,0
1620598500000,3906.74000000,3911.70000000,3899.19000000,3901.15000000,668.12497000,1620598679999,2609566.27012760,3306,367.31116000,1434817.37476170,0
1620598680000,3901.69000000,3911.74000000,3900.02000000,3901.98000000,777.49684000,1620598859999,3036377.59685830,3176,411.64965000,1607693.29577520,0
1620598860000,3901.97000000,3901.98000000,3892.99000000,3895.72000000,903.56279000,1620599039999,3520395.93137700,3640,406.14283000,1582320.66287100,0
1620599040000,3895.71000000,3896.44000000,3889.17000000,3891.60000000,1138.27080000,1620599219999,4430158.84565230,3414,535.34952000,2083373.11109170,0
1620599220000,3891.60000000,3895.24000000,3882.24000000,3890.01000000,1611.35217000,1620599399999,6267283.37111010,4437,778.99581000,3030228.05534750,0
1620599400000,3890.00000000,3900.96000000,3889.99000000,3897.21000000,2202.05850000,1620599579999,8580185.95955870,3725,737.73051000,2874334.49605130,0
1620599580000,3897.41000000,3903.14000000,3897.41000000,3901.55000000,1012.82356000,1620599759999,3949046.70575150,3268,485.08367000,1891504.88070580,0
1620599760000,3901.54000000,3902.99000000,3895.00000000,3896.00000000,802.36220000,1620599939999,3127927.28283460,2667,326.04033000,1271008.28385610,0
1620599940000,3896.01000000,3901.20000000,3892.72000000,3900.63000000,1163.74960000,1620600119999,4534481.55938150,3795,625.05312000,2435721.86511830,0
1620600120000,3900.83000000,3902.50000000,3880.76000000,3882.00000000,1313.91335000,1620600299999,5115804.79159590,4128,635.25770000,2473111.36024890,0
1620600300000,3881.99000000,3886.49000000,3867.32000000,3872.18000000,2120.18487000,1620600479999,8219220.83385190,6377,825.84932000,3201319.16167530,0
1620600480000,3872.39000000,3880.97000000,3872.14000000,3877.23000000,1101.88902000,1620600659999,4272535.56337010,3564,544.77665000,2112394.88254130,0
1620600660000,3877.22000000,3893.63000000,3876.57000000,3887.91000000,1137.23876000,1620600839999,4419380.79824870,3785,549.21035000,2133918.22761750,0
1620600840000,3887.90000000,3891.79000000,3882.88000000,3884.76000000,874.66397000,1620601019999,3399986.15115230,3479,424.17530000,1648909.59344910,0
1620601020000,3884.79000000,3886.98000000,3873.62000000,3885.55000000,742.64520000,1620601199999,2881978.33945400,2981,349.03401000,1354412.84830370,0
1620601200000,3885.63000000,3900.54000000,3885.63000000,3898.18000000,1007.24181000,1620601379999,3923356.19200000,2171,445.93225000,1737263.93473040,0
1620601380000,3898.18000000,3905.74000000,3896.90000000,3904.10000000,1361.06382000,1620601559999,5310267.29591780,2320,718.99885000,2805090.76915770,0
1620601560000,3904.08000000,3909.30000000,3902.63000000,3903.83000000,844.02351000,1620601739999,3297404.04399650,1940,406.26991000,1587175.79612500,0
1620601740000,3903.82000000,3911.66000000,3901.70000000,3908.71000000,798.62569000,1620601919999,3121107.57366640,1886,379.32904000,1482493.64561170,0
1620601920000,3908.71000000,3909.07000000,3897.12000000,3897.39000000,623.44743000,1620602099999,2433944.84809820,1635,258.82638000,1010447.63277700,0
1620602100000,3897.32000000,3905.00000000,3889.40000000,3890.06000000,742.22381000,1620602279999,2893242.17426840,1949,291.92969000,1137749.51678240,0
1620602280000,3890.07000000,3895.35000000,3883.35000000,3893.01000000,1005.72672000,1620602459999,3910263.43500940,2028,416.53495000,1619454.80193630,0
1620602460000,3893.02000000,3894.15000000,3885.00000000,3885.87000000,1067.72901000,1620602639999,4151462.80184750,2194,439.49542000,1708949.97252200,0
1620602640000,3885.87000000,3890.78000000,3880.90000000,3889.18000000,1029.35621000,1620602819999,3999796.64453510,2085,463.87600000,1802400.70480430,0
1620602820000,3889.19000000,3895.40000000,3885.73000000,3889.43000000,1048.37031000,1620602999999,4078362.65544380,1918,567.54167000,2207838.22472670,0
1620603000000,3889.43000000,3909.00000000,3889.43000000,3908.30000000,996.94266000,1620603179999,3890233.78744710,2012,574.10240000,2240165.21953470,0
1620603180000,3908.30000000,3921.74000000,3906.57000000,3920.15000000,2001.52436000,1620603359999,7832342.28016150,3639,1224.76090000,4792831.77063430,0
1620603360000,3920.15000000,3924.43000000,3913.09000000,3924.08000000,1036.30850000,1620603539999,4061795.54382260,2164,517.56590000,2028825.54260600,0
1620603540000,3923.90000000,3925.00000000,3916.00000000,3918.73000000,899.03904000,1620603719999,3524215.70939880,1860,411.43129000,1612778.47531150,0
1620603720000,3918.92000000,3924.21000000,3908.49000000,3911.85000000,910.41652000,1620603899999,3565506.73585060,1927,444.68029000,1741647.08274490,0
1620603900000,3911.82000000,3915.40000000,3902.84000000,3908.76000000,1422.03451000,1620604079999,5559922.18289150,2416,825.78889000,3229205.05064760,0
1620604080000,3908.75000000,3913.24000000,3900.00000000,3912.21000000,780.04870000,1620604259999,3047910.97873220,1820,332.13861000,1298032.66435370,0
1620604260000,3911.92000000,3925.01000000,3911.92000000,3922.38000000,1020.25959000,1620604439999,3997195.55819040,1934,624.57814000,2447185.05822860,0
1620604440000,3922.43000000,3924.57000000,3915.54000000,3923.52000000,655.05417000,1620604619999,2567714.28110500,1605,278.60709000,1092055.25075750,0
1620604620000,3923.52000000,3932.79000000,3921.59000000,3923.95000000,1602.63073000,1620604799999,6294186.77084930,3295,1056.69779000,4150347.86227390,0
