1622592000000,3.23580000,3.24320000,3.21550000,3.21550000,22477.77000000,1622592179999,72621.13562000,156,12126.26000000,39221.67250600,0
1622592180000,3.21540000,3.21880000,3.19380000,3.21090000,15328.02000000,1622592359999,49164.52834400,184,8627.09000000,27677.84505600,0
1622592360000,3.20850000,3.21060000,3.19500000,3.20390000,4374.22000000,1622592539999,13999.76893300,32,1433.36000000,4591.93441500,0
1622592540000,3.19860000,3.20140000,3.19600000,3.20030000,2625.35000000,1622592719999,8399.62625600,13,2047.41000000,6552.22294500,0
1622592720000,3.20270000,3.21620000,3.20070000,3.20070000,11709.00000000,1622592899999,37567.38260700,67,7786.74000000,24972.86754300,0
1622592900000,3.20060000,3.20060000,3.18420000,3.18950000,11389.50000000,1622593079999,36325.75459600,97,4060.76000000,12953.22727400,0
1622593080000,3.18580000,3.18870000,3.17260000,3.17260000,12570.61000000,1622593259999,39992.68601400,135,5687.18000000,18098.20929500,0
1622593260000,3.17180000,3.18500000,3.16140000,3.16230000,32127.19000000,1622593439999,101780.09698200,245,12085.50000000,38296.93974200,0
1622593440000,3.16370000,3.17430000,3.16140000,3.17130000,7024.61000000,1622593619999,22250.29760700,73,5255.92000000,16650.42482800,0
1622593620000,3.17230000,3.18070000,3.17230000,3.17890000,5314.34000000,1622593799999,16891.01787600,52,4335.13000000,13780.39952900,0
1622593800000,3.17750000,3.18360000,3.17240000,3.18230000,7902.08000000,1622593979999,25122.40240200,80,5844.74000000,18582.62189400,0
1622593980000,3.18390000,3.21160000,3.18390000,3.20470000,16311.25000000,1622594159999,52188.60434400,97,10805.87000000,34568.87810500,0
1622594160000,3.20510000,3.20510000,3.19320000,3.19330000,7222.73000000,1622594339999,23113.15124000,55,1492.37000000,4773.80480000,0
1622594340000,3.19060000,3.21000000,3.19030000,3.21000000,4087.60000000,1622594519999,13074.17902700,47,2842.43000000,9089.63024600,0
1622594520000,3.20510000,3.21210000,3.20380000,3.21080000,5736.47000000,1622594699999,18406.91286800,45,2842.63000000,9123.72924300,0
1622594700000,3.21280000,3.21900000,3.20380000,3.20720000,13230.74000000,1622594879999,42506.15884500,97,4531.51000000,14567.10103000,0
1622594880000,3.21160000,3.21300000,3.19900000,3.19900000,3935.38000000,1622595059999,12619.13351100,33,1381.86000000,4425.97007000,0
1622595060000,3.19900000,3.21040000,3.19250000,3.19250000,10193.35000000,1622595239999,32637.16102700,87,3999.71000000,12812.13042500,0
1622595240000,3.19040000,3.19780000,3.16250000,3.16660000,14259.07000000,1622595419999,45385.55447900,113,4969.95000000,15827.18955500,0
1622595420000,3.16820000,3.17540000,3.16310000,3.16870000,12205.85000000,1622595599999,38692.28016700,91,7837.44000000,24846.99002800,0
1622595600000,3.16870000,3.18860000,3.16870000,3.18680000,3634.33000000,1622595779999,11572.05046300,82,1497.56000000,4768.45516200,0
1622595780000,3.18770000,3.19580000,3.17860000,3.17860000,22530.37000000,1622595959999,71789.36076900,110,6154.31000000,19642.08640700,0
1622595960000,3.17320000,3.17800000,3.14880000,3.15420000,18347.62000000,1622596139999,58040.88285800,199,9497.92000000,30069.01382700,0
1622596140000,3.15450000,3.16300000,3.14820000,3.15280000,18341.65000000,1622596319999,57845.17916500,136,12014.33000000,37900.30816400,0
1622596320000,3.15310000,3.16620000,3.15220000,3.16000000,5052.57000000,1622596499999,15962.15566700,53,3862.53000000,12206.93825200,0
1622596500000,3.16350000,3.17500000,3.15470000,3.16090000,13879.71000000,1622596679999,43957.79699000,106,7353.77000000,23293.89776800,0
1622596680000,3.16090000,3.17860000,3.16090000,3.17540000,5135.51000000,1622596859999,16289.42021400,89,4019.62000000,12749.64261800,0
1622596860000,3.17620000,3.19270000,3.17090000,3.18730000,23471.17000000,1622597039999,74707.02063000,175,8350.30000000,26563.84607300,0
1622597040000,3.18840000,3.19370000,3.17610000,3.17890000,5604.13000000,1622597219999,17834.40937900,71,2531.35000000,8059.58690600,0
1622597220000,3.18340000,3.19760000,3.17990000,3.17990000,11018.52000000,1622597399999,35125.48548000,90,5708.16000000,18200.66171600,0
1622597400000,3.18520000,3.19970000,3.18520000,3.19610000,8372.00000000,1622597579999,26730.07381300,74,5227.68000000,16686.44707800,0
1622597580000,3.19420000,3.19430000,3.18360000,3.18550000,4596.40000000,1622597759999,14650.25795300,38,1342.03000000,4277.08609900,0
1622597760000,3.18810000,3.18990000,3.17990000,3.18910000,14305.63000000,1622597939999,45530.13207600,58,12760.22000000,40609.97290600,0
1622597940000,3.18680000,3.19110000,3.16800000,3.17940000,6444.81000000,1622598119999,20475.32230500,84,2636.54000000,8365.70706400,0
1622598120000,3.17510000,3.17710000,3.16800000,3.16800000,4046.52000000,1622598299999,12834.11932900,38,1771.92000000,5623.79112700,0
1622598300000,3.16930000,3.17890000,3.16590000,3.17010000,16212.76000000,1622598479999,51424.33661400,103,13495.68000000,42809.08700100,0
1622598480000,3.16900000,3.17660000,3.16740000,3.17660000,5768.32000000,1622598659999,18292.69960100,56,3063.11000000,9712.24826900,0
1622598660000,3.17420000,3.17420000,3.16620000,3.16850000,4522.70000000,1622598839999,14341.95075800,46,1902.42000000,6032.76613600,0
1622598840000,3.17010000,3.18350000,3.17010000,3.17260000,13762.47000000,1622599019999,43713.85699000,76,10791.42000000,34273.00323400,0
1622599020000,3.17470000,3.18510000,3.17410000,3.18510000,6006.64000000,1622599199999,19093.06039200,47,1311.42000000,4169.68899400,0
1622599200000,3.18510000,3.19210000,3.18130000,3.18470000,10817.91000000,1622599379999,34483.67699800,81,6273.77000000,20001.51250100,0
1622599380000,3.18450000,3.21310000,3.18380000,3.20900000,9517.70000000,1622599559999,30490.85783200,106,5927.26000000,18969.52357600,0
1622599560000,3.20960000,3.21460000,3.20070000,3.20220000,5695.75000000,1622599739999,18258.46864400,41,3305.95000000,10595.25990600,0
1622599740000,3.20200000,3.21080000,3.20000000,3.21020000,3427.38000000,1622599919999,10987.18348500,34,233.74000000,749.58359100,0
1622599920000,3.20990000,3.21000000,3.20320000,3.20460000,3412.31000000,1622600099999,10938.94566000,29,849.11000000,2721.97535000,0
1622600100000,3.20760000,3.21720000,3.20620000,3.20990000,3092.35000000,1622600279999,9930.08283000,42,983.41000000,3155.67142500,0
1622600280000,3.21110000,3.22710000,3.21110000,3.22230000,8444.98000000,1622600459999,27211.23674800,72,5418.51000000,17455.72949100,0
1622600460000,3.22210000,3.22450000,3.21500000,3.22220000,7492.36000000,1622600639999,24134.29561300,61,3532.95000000,11381.21453500,0
1622600640000,3.22130000,3.23200000,3.22130000,3.22470000,13128.60000000,1622600819999,42374.81387600,87,6143.61000000,19835.27651600,0
1622600820000,3.22620000,3.22670000,3.21570000,3.21720000,4023.33000000,1622600999999,12955.20729800,41,1281.06000000,4123.62499500,0
1622601000000,3.22190000,3.22520000,3.21720000,3.21830000,4715.17000000,1622601179999,15184.11576000,29,1021.78000000,3293.25970400,0
1622601180000,3.21720000,3.21820000,3.20990000,3.21170000,3920.83000000,1622601359999,12609.11719800,32,1899.59000000,6111.21032600,0
1622601360000,3.21320000,3.21530000,3.21320000,3.21370000,1610.25000000,1622601539999,5175.60828900,15,1440.33000000,4629.53142100,0
1622601540000,3.21760000,3.22540000,3.21760000,3.22010000,9367.33000000,1622601719999,30173.19885900,54,6233.59000000,20078.95666200,0
1622601720000,3.22240000,3.22280000,3.21540000,3.21620000,5697.00000000,1622601899999,18339.95770600,43,3108.37000000,10008.64457000,0
1622601900000,3.21780000,3.21780000,3.20820000,3.21250000,2672.05000000,1622602079999,8577.05301600,34,2392.92000000,7680.06656600,0
1622602080000,3.21250000,3.21500000,3.20870000,3.21500000,5976.00000000,1622602259999,19192.02599800,41,2292.54000000,7359.50936600,0
1622602260000,3.21800000,3.21800000,3.20970000,3.21130000,4771.25000000,1622602439999,15339.21569600,36,2550.39000000,8198.28675700,0
1622602440000,3.21470000,3.28770000,3.21470000,3.28760000,143560.68000000,1622602619999,467449.91252900,1254,96325.14000000,313245.68527200,0
1622602620000,3.28710000,3.28830000,3.23240000,3.24280000,92217.81000000,1622602799999,300939.57718900,785,38242.20000000,124834.90151500,0
1622602800000,3.24090000,3.25170000,3.23890000,3.25000000,10382.98000000,1622602979999,33705.90801900,133,7086.89000000,23016.23401600,0
1622602980000,3.24710000,3.25610000,3.23610000,3.25230000,16590.90000000,1622603159999,53864.27361400,179,9020.14000000,29284.29912100,0
1622603160000,3.25220000,3.27380000,3.25010000,3.27380000,10016.41000000,1622603339999,32675.01855100,139,6380.70000000,20819.26389000,0
1622603340000,3.27160000,3.27180000,3.24830000,3.25550000,23884.11000000,1622603519999,77896.19573900,157,6300.17000000,20534.25637400,0
1622603520000,3.25430000,3.26280000,3.24260000,3.25390000,30708.58000000,1622603699999,99852.90018300,220,20057.80000000,65208.58389100,0
1622603700000,3.25520000,3.26300000,3.24670000,3.25330000,13241.40000000,1622603879999,43063.85990800,113,3062.37000000,9967.53020100,0
1622603880000,3.25120000,3.25530000,3.24810000,3.25020000,3522.85000000,1622604059999,11455.29045900,45,1404.20000000,4567.92210500,0
1622604060000,3.25080000,3.25590000,3.23290000,3.25480000,25861.77000000,1622604239999,83918.26835300,219,17744.64000000,57613.36618900,0
1622604240000,3.25360000,3.25840000,3.24740000,3.25390000,12452.85000000,1622604419999,40516.46395400,79,4673.94000000,15217.43702500,0
1622604420000,3.25660000,3.26000000,3.25230000,3.25590000,6700.36000000,1622604599999,21818.52082600,66,3608.97000000,11753.32196300,0
1622604600000,3.25720000,3.26170000,3.25110000,3.25120000,15416.34000000,1622604779999,50213.88850300,79,4707.67000000,15327.69349200,0
1622604780000,3.25100000,3.26000000,3.25000000,3.25350000,8114.94000000,1622604959999,26404.48919600,64,5212.07000000,16959.47230100,0
1622604960000,3.25420000,3.25900000,3.25230000,3.25340000,5447.26000000,1622605139999,17728.40608500,48,2563.84000000,8342.33241300,0
1622605140000,3.25360000,3.25400000,3.24130000,3.24130000,24746.17000000,1622605319999,80380.55245000,149,13658.24000000,44370.29292800,0
1622605320000,3.24110000,3.24310000,3.22840000,3.23010000,16594.85000000,1622605499999,53703.31862500,133,7831.05000000,25363.19789900,0
1622605500000,3.22980000,3.24050000,3.22600000,3.22880000,5711.17000000,1622605679999,18463.38098400,59,2517.40000000,8142.63962200,0
1622605680000,3.22870000,3.24650000,3.22870000,3.23820000,16992.76000000,1622605859999,54998.61223800,152,11667.37000000,37754.29519400,0
1622605860000,3.24170000,3.24300000,3.23570000,3.23570000,6428.50000000,1622606039999,20830.04417800,45,2465.13000000,7986.55572800,0
1622606040000,3.23600000,3.24110000,3.23540000,3.24110000,3898.08000000,1622606219999,12621.11654100,32,2003.26000000,6488.38756700,0
1622606220000,3.24020000,3.24560000,3.23730000,3.24420000,7456.73000000,1622606399999,24164.50117700,58,2545.19000000,8251.21290700,0
1622606400000,3.24390000,3.24840000,3.23990000,3.24470000,8122.54000000,1622606579999,26353.41336200,53,5558.99000000,18031.63600600,0
1622606580000,3.24460000,3.24460000,3.23760000,3.24200000,4090.27000000,1622606759999,13256.20783400,46,1616.26000000,5239.40864500,0
1622606760000,3.24220000,3.24590000,3.23790000,3.24060000,10813.87000000,1622606939999,35046.45356800,90,5276.67000000,17109.10147100,0
1622606940000,3.24150000,3.24430000,3.23920000,3.24340000,1904.05000000,1622607119999,6173.03558400,25,675.78000000,2191.75485400,0
1622607120000,3.24310000,3.25210000,3.24310000,3.25210000,19666.95000000,1622607299999,63879.84088900,136,15038.76000000,48849.22845600,0
1622607300000,3.25130000,3.26910000,3.25130000,3.26910000,8751.88000000,1622607479999,28549.30803900,98,4484.84000000,14635.44868900,0
1622607480000,3.26880000,3.26920000,3.25600000,3.25840000,7480.06000000,1622607659999,24385.20010600,75,3812.50000000,12428.02296200,0
1622607660000,3.25820000,3.26440000,3.25010000,3.25200000,6577.89000000,1622607839999,21429.22969100,48,2713.30000000,8834.36914900,0
1622607840000,3.25110000,3.27760000,3.24930000,3.27750000,33552.87000000,1622608019999,109675.21957800,298,23876.34000000,78007.38408900,0
1622608020000,3.27760000,3.27780000,3.26940000,3.27120000,7308.36000000,1622608199999,23925.70654600,77,4334.97000000,14191.12978400,0
1622608200000,3.27150000,3.27620000,3.26650000,3.27510000,6108.23000000,1622608379999,19995.72630800,69,2268.64000000,7428.59372700,0
1622608380000,3.27360000,3.27870000,3.27270000,3.27500000,7032.73000000,1622608559999,23034.84499200,62,3932.81000000,12884.62544800,0
1622608560000,3.27690000,3.27870000,3.26560000,3.26770000,11633.38000000,1622608739999,38047.98099000,150,7249.20000000,23709.41614900,0
1622608740000,3.26680000,3.26820000,3.24710000,3.24710000,35852.46000000,1622608919999,116946.33181500,202,25376.30000000,82786.89703100,0
1622608920000,3.24710000,3.24880000,3.23960000,3.24450000,9851.87000000,1622609099999,31961.27455400,84,5524.80000000,17921.46538900,0
1622609100000,3.24450000,3.26370000,3.24330000,3.25000000,19198.70000000,1622609279999,62514.42546100,146,11149.71000000,36298.37194400,0
1622609280000,3.25140000,3.25790000,3.25140000,3.25320000,3308.79000000,1622609459999,10770.91145100,48,2970.44000000,9669.40360800,0
1622609460000,3.25420000,3.25540000,3.25000000,3.25370000,5167.13000000,1622609639999,16808.05520100,37,160.85000000,523.37058300,0
1622609640000,3.25000000,3.25000000,3.24160000,3.24270000,26275.13000000,1622609819999,85232.10134400,131,16557.28000000,53687.55018200,0
1622609820000,3.24580000,3.24580000,3.24130000,3.24250000,1562.16000000,1622609999999,5066.67934900,12,268.52000000,870.53667600,0
1622610000000,3.24250000,3.26660000,3.24250000,3.25790000,30468.17000000,1622610179999,99233.71644600,244,22708.31000000,73948.25415100,0
1622610180000,3.25820000,3.26400000,3.25640000,3.26010000,8880.34000000,1622610359999,28948.88619500,77,4061.68000000,13244.11343300,0
1622610360000,3.26260000,3.26650000,3.26020000,3.26250000,5087.78000000,1622610539999,16602.26638000,68,2508.15000000,8186.27968100,0
1622610540000,3.26120000,3.26170000,3.25040000,3.25620000,10608.87000000,1622610719999,34548.82836900,73,4490.83000000,14630.95298200,0
1622610720000,3.25400000,3.25530000,3.24930000,3.24950000,5296.92000000,1622610899999,17227.73351600,54,1948.41000000,6335.88246300,0
1622610900000,3.25080000,3.25640000,3.24650000,3.24770000,11360.23000000,1622611079999,36936.48344100,74,10896.23000000,35428.35660700,0
1622611080000,3.24810000,3.25010000,3.24220000,3.24910000,20971.81000000,1622611259999,68071.18519300,107,16073.49000000,52174.79622800,0
1622611260000,3.24590000,3.24770000,3.23780000,3.23780000,6343.72000000,1622611439999,20567.42391500,72,2936.10000000,9518.80204700,0
1622611440000,3.23670000,3.24500000,3.23550000,3.24440000,5448.75000000,1622611619999,17661.27443800,54,2720.58000000,8814.99401800,0
1622611620000,3.24450000,3.24490000,3.24000000,3.24000000,6602.03000000,1622611799999,21414.19411300,46,2982.18000000,9675.87956100,0
1622611800000,3.24090000,3.24200000,3.23100000,3.23240000,34279.28000000,1622611979999,110978.90879000,162,25797.52000000,83524.59020300,0
1622611980000,3.23080000,3.24080000,3.22760000,3.23540000,6918.66000000,1622612159999,22376.55203900,92,4303.17000000,13919.13853200,0
1622612160000,3.23680000,3.24120000,3.23540000,3.23980000,2614.90000000,1622612339999,8470.28625000,26,1050.95000000,3403.45145700,0
1622612340000,3.23980000,3.24690000,3.23970000,3.24480000,6203.29000000,1622612519999,20120.32304300,59,5109.88000000,16574.93452500,0
1622612520000,3.24550000,3.24910000,3.24500000,3.24660000,6587.59000000,1622612699999,21397.58835900,39,4936.69000000,16036.01191300,0
1622612700000,3.24870000,3.24910000,3.24580000,3.24900000,2763.21000000,1622612879999,8976.32719500,30,2301.62000000,7477.55212000,0
1622612880000,3.24910000,3.25630000,3.24800000,3.25630000,19660.19000000,1622613059999,63942.92467400,128,10350.94000000,33656.13715500,0
1622613060000,3.25720000,3.26390000,3.25500000,3.26000000,7873.65000000,1622613239999,25663.95997300,53,5329.87000000,17371.38728900,0
1622613240000,3.26110000,3.26580000,3.25680000,3.26120000,6475.75000000,1622613419999,21127.48648900,71,4377.54000000,14283.08926700,0
1622613420000,3.26120000,3.26830000,3.25980000,3.26810000,8173.14000000,1622613599999,26677.63614400,57,5461.51000000,17827.56127000,0
1622613600000,3.26810000,3.27980000,3.26810000,3.27500000,26561.71000000,1622613779999,86903.30867800,174,17079.18000000,55846.77802200,0
1622613780000,3.27610000,3.27780000,3.26730000,3.26930000,7715.95000000,1622613959999,25248.64609000,90,3670.94000000,12011.77679700,0
1622613960000,3.27080000,3.27080000,3.25980000,3.26200000,11730.60000000,1622614139999,38299.12199900,85,9077.47000000,29639.40710700,0
1622614140000,3.26160000,3.30300000,3.25630000,3.29600000,57172.50000000,1622614319999,187821.74321600,641,45140.37000000,148383.69090500,0
1622614320000,3.29170000,3.33000000,3.28160000,3.32980000,75034.20000000,1622614499999,248786.92410500,817,45280.52000000,150269.09225200,0
1622614500000,3.33000000,3.35000000,3.32570000,3.34590000,54027.27000000,1622614679999,180285.64224600,471,32940.63000000,110022.06093200,0
1622614680000,3.34220000,3.35500000,3.32980000,3.32980000,41728.40000000,1622614859999,139643.30278900,410,23051.72000000,77196.11591100,0
1622614860000,3.33160000,3.35480000,3.31680000,3.34570000,96577.93000000,1622615039999,322178.38508500,548,52819.79000000,176297.73417500,0
1622615040000,3.34560000,3.35440000,3.34280000,3.35260000,13524.64000000,1622615219999,45299.20118900,188,8492.69000000,28449.11985500,0
1622615220000,3.35010000,3.35600000,3.34980000,3.35190000,14272.64000000,1622615399999,47855.42242300,131,6728.84000000,22567.86119500,0
1622615400000,3.35260000,3.35300000,3.34300000,3.34450000,21243.91000000,1622615579999,71122.51534200,159,10594.51000000,35481.07731400,0
1622615580000,3.34380000,3.34860000,3.33200000,3.33220000,17213.40000000,1622615759999,57525.08246900,181,10284.94000000,34382.65024000,0
1622615760000,3.33320000,3.40000000,3.33320000,3.39460000,83012.97000000,1622615939999,280360.41720600,1022,56689.51000000,191335.27679600,0
1622615940000,3.39430000,3.41200000,3.38740000,3.41150000,166547.20000000,1622616119999,566611.95681300,918,46106.81000000,156843.78696300,0
1622616120000,3.41020000,3.50310000,3.40000000,3.45460000,416016.10000000,1622616299999,1442559.35585100,3514,251206.35000000,871553.14809400,0
1622616300000,3.45370000,3.47770000,3.44000000,3.44710000,112308.62000000,1622616479999,388297.37830600,1134,50215.64000000,173730.46995400,0
1622616480000,3.44710000,3.45250000,3.41750000,3.42530000,100720.61000000,1622616659999,345379.05474900,895,38102.02000000,130641.29665200,0
1622616660000,3.42660000,3.42940000,3.42080000,3.42940000,44580.80000000,1622616839999,152708.21842600,512,21696.88000000,74335.79526200,0
1622616840000,3.42810000,3.46910000,3.42810000,3.46570000,76488.26000000,1622617019999,263774.70079900,730,44781.02000000,154442.44096600,0
1622617020000,3.46610000,3.47950000,3.45000000,3.45270000,114176.09000000,1622617199999,395845.18121400,854,42558.62000000,147549.08399400,0
1622617200000,3.45270000,3.46620000,3.45260000,3.46280000,60885.43000000,1622617379999,210643.02134800,569,35892.62000000,124211.42113600,0
1622617380000,3.46070000,3.48970000,3.46000000,3.48870000,79112.77000000,1622617559999,274878.80683800,665,45298.00000000,157397.52140500,0
1622617560000,3.48870000,3.48970000,3.45520000,3.46410000,75333.16000000,1622617739999,261556.29165100,650,32801.27000000,113832.60607200,0
1622617740000,3.46420000,3.46630000,3.45510000,3.46530000,44431.83000000,1622617919999,153745.70232000,403,27055.12000000,93626.74969800,0
1622617920000,3.46540000,3.47170000,3.45600000,3.46680000,39782.27000000,1622618099999,137822.37849600,377,24319.22000000,84260.74789600,0
1622618100000,3.46820000,3.58930000,3.45510000,3.46000000,333760.50000000,1622618279999,1164148.76969400,2615,194395.33000000,679509.52640300,0
1622618280000,3.46130000,3.46560000,3.43910000,3.44340000,91701.75000000,1622618459999,316171.81168400,555,48457.38000000,166978.68646700,0
1622618460000,3.44320000,3.44580000,3.43270000,3.43340000,44318.98000000,1622618639999,152556.29414900,414,25499.01000000,87811.18283800,0
1622618640000,3.43340000,3.44000000,3.42590000,3.43360000,47841.58000000,1622618819999,164356.43119700,389,28934.08000000,99441.39829700,0
1622618820000,3.43360000,3.43850000,3.43360000,3.43740000,11419.39000000,1622618999999,39232.66629500,149,5423.04000000,18634.76379800,0
1622619000000,3.43740000,3.46150000,3.43570000,3.46150000,28080.92000000,1622619179999,96739.97418000,299,17805.23000000,61342.71884100,0
1622619180000,3.46130000,3.46340000,3.43140000,3.44110000,47404.62000000,1622619359999,163419.61585200,415,17628.95000000,60764.61885100,0
1622619360000,3.44110000,3.45210000,3.43540000,3.44250000,26255.43000000,1622619539999,90384.93067600,320,14131.92000000,48652.08781300,0
1622619540000,3.44250000,3.45160000,3.44130000,3.45000000,32466.62000000,1622619719999,111878.02266600,176,25732.43000000,88683.64781600,0
1622619720000,3.45100000,3.45500000,3.44480000,3.44610000,16373.20000000,1622619899999,56470.70995600,209,7294.73000000,25167.59565900,0
1622619900000,3.44740000,3.45030000,3.43260000,3.43490000,46451.99000000,1622620079999,159834.30842600,304,22350.00000000,76880.85819400,0
1622620080000,3.43820000,3.45460000,3.43750000,3.44710000,31933.49000000,1622620259999,110015.64370400,266,25827.09000000,88987.73093300,0
1622620260000,3.44710000,3.45180000,3.43470000,3.44390000,17885.30000000,1622620439999,61591.74129700,213,12102.62000000,41694.01384400,0
1622620440000,3.44480000,3.44550000,3.43320000,3.44040000,27472.04000000,1622620619999,94529.60491800,243,14039.66000000,48308.03166400,0
1622620620000,3.44200000,3.45700000,3.43720000,3.45170000,18687.54000000,1622620799999,64436.53982500,224,14535.47000000,50133.84996300,0
1622620800000,3.45280000,3.46880000,3.45280000,3.45930000,27966.82000000,1622620979999,96800.73278500,343,10464.47000000,36210.63608500,0
1622620980000,3.45790000,3.47070000,3.44880000,3.45590000,23579.67000000,1622621159999,81507.40778700,372,12963.14000000,44839.47099800,0
1622621160000,3.45610000,3.46440000,3.45130000,3.45690000,25963.40000000,1622621339999,89727.98143800,300,16211.50000000,56022.22514900,0
1622621340000,3.45670000,3.46590000,3.45350000,3.46230000,55167.00000000,1622621519999,190758.00357800,421,32306.20000000,111701.68797900,0
1622621520000,3.46150000,3.46300000,3.45550000,3.45600000,10520.36000000,1622621699999,36398.75963600,140,4256.18000000,14726.35631500,0
1622621700000,3.45780000,3.45830000,3.45330000,3.45550000,15134.31000000,1622621879999,52287.05875900,120,12382.45000000,42779.62598600,0
1622621880000,3.45540000,3.45730000,3.45130000,3.45240000,12129.37000000,1622622059999,41904.04699800,118,7210.16000000,24911.93572800,0
1622622060000,3.45300000,3.45300000,3.41310000,3.41400000,54244.17000000,1622622239999,186423.20060400,409,10115.40000000,34658.79228400,0
1622622240000,3.41610000,3.42790000,3.41450000,3.42340000,30997.61000000,1622622419999,106041.68316300,262,22168.44000000,75836.52127400,0
1622622420000,3.42180000,3.43740000,3.42060000,3.43370000,23939.62000000,1622622599999,82132.24591400,212,16944.97000000,58159.23206800,0
1622622600000,3.43290000,3.43840000,3.43210000,3.43840000,13524.25000000,1622622779999,46464.55784700,110,8659.03000000,29755.45724800,0
1622622780000,3.43850000,3.46050000,3.43850000,3.45260000,16577.65000000,1622622959999,57195.26798400,222,9007.54000000,31077.88602400,0
1622622960000,3.45260000,3.45480000,3.44270000,3.44670000,7882.69000000,1622623139999,27189.98790700,92,2441.47000000,8422.73334600,0
1622623140000,3.44670000,3.45240000,3.44080000,3.45240000,16969.16000000,1622623319999,58494.42487600,103,12037.13000000,41497.08498900,0
1622623320000,3.45360000,3.46180000,3.45080000,3.45630000,10382.25000000,1622623499999,35880.20616600,118,5715.08000000,19751.86675300,0
1622623500000,3.45800000,3.46500000,3.45690000,3.45930000,13177.43000000,1622623679999,45603.71306500,126,7462.10000000,25826.17678000,0
1622623680000,3.46030000,3.46390000,3.45190000,3.46310000,4872.94000000,1622623859999,16846.08544300,62,1409.93000000,4874.10376900,0
1622623860000,3.46400000,3.46470000,3.45270000,3.45390000,7731.71000000,1622624039999,26728.06314400,79,3751.87000000,12968.99852300,0
1622624040000,3.45680000,3.46160000,3.45400000,3.46160000,4499.36000000,1622624219999,15560.44397600,49,3604.85000000,12469.25543900,0
1622624220000,3.46010000,3.46170000,3.45550000,3.45910000,12090.88000000,1622624399999,41823.84802800,115,7170.38000000,24808.54137600,0
1622624400000,3.45910000,3.46310000,3.45720000,3.45940000,8444.03000000,1622624579999,29216.07532800,90,3348.91000000,11589.49209900,0
1622624580000,3.45920000,3.46040000,3.45000000,3.45360000,16963.29000000,1622624759999,58582.79873900,122,3075.61000000,10619.48867200,0
1622624760000,3.45390000,3.45790000,3.44030000,3.44030000,25539.49000000,1622624939999,88150.66792800,134,10612.84000000,36664.67039100,0
1622624940000,3.44210000,3.44210000,3.42550000,3.43210000,42516.05000000,1622625119999,145918.40937800,187,23377.06000000,80171.56600100,0
1622625120000,3.43300000,3.43580000,3.41970000,3.42890000,18073.99000000,1622625299999,61932.51497700,369,10976.84000000,37616.33419100,0
1622625300000,3.43030000,3.43510000,3.41970000,3.43450000,28031.34000000,1622625479999,96034.62644200,198,18205.55000000,62378.37125200,0
1622625480000,3.43470000,3.44800000,3.43470000,3.44670000,9120.51000000,1622625659999,31390.52754300,143,5005.27000000,17227.16548300,0
1622625660000,3.44740000,3.44740000,3.42600000,3.42840000,13792.32000000,1622625839999,47417.81106200,84,2021.02000000,6940.97036200,0
1622625840000,3.42910000,3.43910000,3.42840000,3.43630000,3933.57000000,1622626019999,13511.89675300,56,3534.35000000,12140.37883700,0
1622626020000,3.43630000,3.44440000,3.43570000,3.44160000,9845.10000000,1622626199999,33858.85043200,99,4248.48000000,14612.65752600,0
1622626200000,3.44220000,3.44970000,3.43350000,3.43570000,9337.51000000,1622626379999,32160.04930400,98,6314.41000000,21761.01257700,0
1622626380000,3.43500000,3.44710000,3.43360000,3.44500000,5217.56000000,1622626559999,17956.29647600,70,3604.95000000,12407.32813300,0
1622626560000,3.44510000,3.44720000,3.43670000,3.44640000,13919.88000000,1622626739999,47896.39272300,113,6342.50000000,21829.93204100,0
1622626740000,3.44690000,3.44740000,3.43340000,3.43970000,7784.42000000,1622626919999,26777.02218700,76,2691.85000000,9263.69432100,0
1622626920000,3.44040000,3.44280000,3.43150000,3.43260000,11170.04000000,1622627099999,38414.41369500,103,5184.03000000,17830.24408900,0
1622627100000,3.43330000,3.43660000,3.43030000,3.43360000,5114.30000000,1622627279999,17556.81866700,57,2350.72000000,8070.45027400,0
1622627280000,3.43340000,3.43340000,3.41000000,3.41720000,33495.24000000,1622627459999,114508.59849900,258,4826.53000000,16534.00063300,0
1622627460000,3.41740000,3.42790000,3.41170000,3.41540000,25773.87000000,1622627639999,88081.55386300,152,10854.11000000,37113.71415800,0
1622627640000,3.41480000,3.42380000,3.40500000,3.40730000,58984.27000000,1622627819999,201136.96228500,311,20383.89000000,69480.15665700,0
1622627820000,3.40770000,3.41140000,3.39000000,3.39310000,39875.71000000,1622627999999,135598.32450200,418,15806.05000000,53771.14017000,0
1622628000000,3.39300000,3.40730000,3.39240000,3.40410000,11489.44000000,1622628179999,39093.28448800,135,6385.45000000,21729.34241600,0
1622628180000,3.40250000,3.40490000,3.39180000,3.39180000,21387.80000000,1622628359999,72625.79325900,166,9984.53000000,33903.98699100,0
1622628360000,3.39440000,3.39900000,3.38930000,3.39820000,13780.55000000,1622628539999,46779.48474500,139,8367.71000000,28409.20127000,0
1622628540000,3.39570000,3.40000000,3.39240000,3.39510000,4349.35000000,1622628719999,14775.40570400,113,2768.10000000,9404.38255600,0
1622628720000,3.39510000,3.40140000,3.38940000,3.39230000,11835.67000000,1622628899999,40183.21809500,153,5365.20000000,18226.34416900,0
1622628900000,3.39270000,3.40670000,3.39270000,3.40250000,4999.02000000,1622629079999,17000.09035900,85,3626.83000000,12333.96173600,0
1622629080000,3.40160000,3.41480000,3.40160000,3.41170000,7092.50000000,1622629259999,24183.61833800,148,4117.06000000,14039.86660700,0
1622629260000,3.41460000,3.42120000,3.41340000,3.41780000,12812.88000000,1622629439999,43789.82955200,158,6868.12000000,23474.28427800,0
1622629440000,3.41580000,3.42800000,3.41460000,3.41700000,8870.44000000,1622629619999,30340.92073400,125,5185.89000000,17739.79267300,0
1622629620000,3.41870000,3.42150000,3.40920000,3.40930000,9893.14000000,1622629799999,33792.04328700,91,5000.33000000,17072.01953500,0
1622629800000,3.40870000,3.42010000,3.40640000,3.42000000,11365.45000000,1622629979999,38814.78968300,110,8109.84000000,27712.68946800,0
1622629980000,3.42000000,3.42620000,3.41490000,3.42000000,10255.51000000,1622630159999,35087.22590700,133,6258.62000000,21416.44414800,0
1622630160000,3.42000000,3.42750000,3.41850000,3.42740000,5847.14000000,1622630339999,20006.33278800,95,3664.33000000,12540.63122700,0
1622630340000,3.42660000,3.42810000,3.42130000,3.42130000,5264.24000000,1622630519999,18029.01217100,97,2971.04000000,10175.49865700,0
1622630520000,3.42150000,3.43470000,3.42130000,3.43470000,10924.01000000,1622630699999,37440.30851000,145,8165.68000000,27981.46920000,0
1622630700000,3.43550000,3.44280000,3.41400000,3.41800000,10517.34000000,1622630879999,36049.77445000,180,6212.80000000,21288.12291400,0
1622630880000,3.41760000,3.42770000,3.41440000,3.42630000,14199.06000000,1622631059999,48592.02933400,118,11539.38000000,39503.45667600,0
1622631060000,3.42650000,3.42970000,3.42000000,3.42350000,5955.03000000,1622631239999,20396.17118400,85,3662.35000000,12547.98175200,0
1622631240000,3.42480000,3.42800000,3.42020000,3.42470000,7219.17000000,1622631419999,24722.84702900,95,5230.49000000,17909.30945100,0
1622631420000,3.42470000,3.43900000,3.42470000,3.43670000,9577.33000000,1622631599999,32872.81555600,139,5755.87000000,19754.10485400,0
1622631600000,3.43750000,3.45000000,3.43750000,3.44590000,8120.92000000,1622631779999,27987.30796700,158,4851.21000000,16718.87672700,0
1622631780000,3.44600000,3.44600000,3.41730000,3.42050000,14133.72000000,1622631959999,48520.35739200,163,3985.05000000,13678.02565300,0
1622631960000,3.42040000,3.42040000,3.39150000,3.39280000,15469.12000000,1622632139999,52710.10271600,141,5629.61000000,19170.50095400,0
1622632140000,3.39270000,3.39830000,3.37000000,3.37950000,52413.29000000,1622632319999,177279.42228400,361,12993.49000000,44005.02277400,0
1622632320000,3.37060000,3.39090000,3.36580000,3.37730000,38876.61000000,1622632499999,131114.78923600,325,15835.72000000,53457.28597000,0
1622632500000,3.37990000,3.38260000,3.36440000,3.37760000,12623.12000000,1622632679999,42548.50779600,167,6733.81000000,22693.75530000,0
1622632680000,3.37760000,3.40080000,3.37760000,3.39600000,14257.25000000,1622632859999,48297.41227800,167,10863.43000000,36793.57384900,0
1622632860000,3.39580000,3.39600000,3.38070000,3.39090000,13936.06000000,1622633039999,47217.19217700,152,3044.66000000,10316.93192100,0
1622633040000,3.39040000,3.41280000,3.38990000,3.40010000,9548.73000000,1622633219999,32467.63060900,127,5581.31000000,18980.34910500,0
1622633220000,3.40010000,3.40240000,3.39180000,3.39210000,8662.80000000,1622633399999,29437.54212300,57,3384.72000000,11494.92349100,0
1622633400000,3.39370000,3.40970000,3.39180000,3.40450000,7146.32000000,1622633579999,24290.95145600,138,4484.72000000,15252.94174600,0
1622633580000,3.40450000,3.41950000,3.40360000,3.41950000,11545.67000000,1622633759999,39356.40782700,98,7109.42000000,24251.01120200,0
1622633760000,3.41840000,3.42890000,3.41700000,3.42870000,12378.70000000,1622633939999,42354.04411400,148,8258.08000000,28255.45758300,0
1622633940000,3.42710000,3.42820000,3.41970000,3.42110000,9682.59000000,1622634119999,33154.03039800,123,3982.28000000,13640.07440300,0
1622634120000,3.42260000,3.43000000,3.41580000,3.41580000,12519.48000000,1622634299999,42850.17090900,121,6841.98000000,23418.69306900,0
1622634300000,3.41810000,3.42070000,3.41400000,3.41530000,6840.23000000,1622634479999,23379.28092200,97,3664.65000000,12529.45502600,0
1622634480000,3.41610000,3.41920000,3.41370000,3.41720000,4028.61000000,1622634659999,13763.80454100,75,2256.17000000,7709.60773200,0
1622634660000,3.41720000,3.41770000,3.40170000,3.40720000,3079.85000000,1622634839999,10491.77440900,76,2142.41000000,7298.19054500,0
1622634840000,3.40720000,3.41940000,3.40360000,3.41940000,2658.04000000,1622635019999,9062.51569500,62,1927.37000000,6572.55300800,0
1622635020000,3.41800000,3.42460000,3.40760000,3.41690000,4724.43000000,1622635199999,16132.38436700,99,3164.92000000,10807.83299400,0
1622635200000,3.41890000,3.43330000,3.41880000,3.42920000,11086.34000000,1622635379999,37991.16362100,135,6427.41000000,22025.38241700,0
1622635380000,3.42740000,3.43340000,3.41820000,3.42790000,6934.02000000,1622635559999,23767.46502900,104,4747.26000000,16271.20534400,0
1622635560000,3.42970000,3.44550000,3.42560000,3.44550000,14404.20000000,1622635739999,49514.21503300,130,12241.77000000,42085.82952800,0
1622635740000,3.44570000,3.44860000,3.43340000,3.43900000,20013.07000000,1622635919999,68877.79626300,154,4863.09000000,16736.87774700,0
1622635920000,3.43950000,3.44000000,3.43040000,3.44000000,8978.72000000,1622636099999,30837.33932700,112,5988.16000000,20563.88731900,0
1622636100000,3.43810000,3.43900000,3.42600000,3.43340000,3977.19000000,1622636279999,13655.20406600,77,2092.17000000,7182.79156700,0
1622636280000,3.43330000,3.43850000,3.43200000,3.43520000,5051.42000000,1622636459999,17351.70665100,61,2134.42000000,7335.80486200,0
1622636460000,3.43410000,3.44800000,3.43270000,3.44610000,7607.89000000,1622636639999,26173.98994900,99,2112.03000000,7271.61741700,0
1622636640000,3.44650000,3.44810000,3.43920000,3.43920000,12407.21000000,1622636819999,42739.20566100,65,3169.90000000,10923.68295900,0
1622636820000,3.43920000,3.43970000,3.43270000,3.43700000,5521.97000000,1622636999999,18972.62135300,53,1619.14000000,5563.35480600,0
1622637000000,3.43670000,3.43990000,3.41770000,3.41770000,9057.96000000,1622637179999,31089.23674400,111,2225.67000000,7643.57842600,0
1622637180000,3.41970000,3.42580000,3.41850000,3.42470000,14367.57000000,1622637359999,49179.77713500,81,6104.99000000,20902.37540500,0
1622637360000,3.42490000,3.42750000,3.42260000,3.42610000,7568.51000000,1622637539999,25917.93524100,81,3237.48000000,11088.43600100,0
1622637540000,3.42580000,3.44260000,3.42430000,3.44260000,9403.52000000,1622637719999,32265.69819500,95,7693.13000000,26401.94639200,0
1622637720000,3.44130000,3.44440000,3.43460000,3.43770000,8295.51000000,1622637899999,28534.83012700,64,1232.86000000,4238.17846300,0
1622637900000,3.43770000,3.44320000,3.43300000,3.43850000,13182.21000000,1622638079999,45320.76728000,92,4144.67000000,14254.82825300,0
1622638080000,3.43660000,3.44440000,3.43530000,3.44380000,15372.68000000,1622638259999,52925.55240300,88,13285.07000000,45742.38385100,0
1622638260000,3.44350000,3.44780000,3.44040000,3.44360000,6493.42000000,1622638439999,22357.05362500,53,1141.99000000,3933.00850500,0
1622638440000,3.44330000,3.44480000,3.43400000,3.43400000,9484.53000000,1622638619999,32631.95255300,65,2636.89000000,9070.79607500,0
1622638620000,3.43420000,3.43970000,3.43030000,3.43030000,7189.93000000,1622638799999,24688.79776400,57,3846.51000000,13211.61959800,0
1622638800000,3.43020000,3.43110000,3.37720000,3.39030000,31941.20000000,1622638979999,108409.46944700,266,12011.35000000,40730.88467100,0
1622638980000,3.38880000,3.40160000,3.38640000,3.39810000,12759.61000000,1622639159999,43320.07751600,109,10563.98000000,35861.61964300,0
1622639160000,3.39790000,3.40200000,3.38080000,3.39780000,17105.42000000,1622639339999,58017.92681500,167,8040.07000000,27281.38909700,0
1622639340000,3.39650000,3.39890000,3.38590000,3.39110000,26444.48000000,1622639519999,89740.38790200,237,18364.38000000,62334.88087600,0
1622639520000,3.39460000,3.41540000,3.39210000,3.41260000,26366.56000000,1622639699999,89832.36158500,306,14621.46000000,49819.33085300,0
1622639700000,3.41200000,3.43460000,3.41190000,3.42730000,12148.30000000,1622639879999,41626.61472100,143,9101.22000000,31191.69655300,0
1622639880000,3.42620000,3.47510000,3.42560000,3.46220000,51994.59000000,1622640059999,179377.94680100,462,39560.01000000,136407.33988700,0
1622640060000,3.46120000,3.48000000,3.45240000,3.46930000,28763.09000000,1622640239999,99767.98444800,355,17097.89000000,59313.89088500,0
1622640240000,3.46970000,3.50690000,3.46700000,3.50060000,66518.77000000,1622640419999,231941.24640400,699,49472.14000000,172583.85828400,0
1622640420000,3.50570000,3.51650000,3.47360000,3.47630000,45448.59000000,1622640599999,158894.05681000,567,20572.77000000,71958.36889400,0
1622640600000,3.47250000,3.48840000,3.46120000,3.48840000,21088.75000000,1622640779999,73245.74436800,193,10701.05000000,37195.57474500,0
1622640780000,3.49050000,3.49120000,3.47700000,3.47710000,13237.74000000,1622640959999,46121.60103800,125,7676.45000000,26759.61281500,0
1622640960000,3.47780000,3.48360000,3.46000000,3.46040000,20560.16000000,1622641139999,71398.13254000,194,2763.41000000,9589.92941000,0
1622641140000,3.46480000,3.48530000,3.46480000,3.48530000,17050.09000000,1622641319999,59230.55961900,155,12567.70000000,43648.04710100,0
1622641320000,3.48390000,3.48750000,3.47150000,3.47230000,8820.83000000,1622641499999,30677.52388800,81,3808.54000000,13244.10218700,0
1622641500000,3.47580000,3.47910000,3.44700000,3.44890000,30406.85000000,1622641679999,105140.17712800,193,10594.75000000,36644.68252900,0
1622641680000,3.44880000,3.46340000,3.44880000,3.45680000,21844.44000000,1622641859999,75512.74292400,101,19377.89000000,66990.16723500,0
1622641860000,3.45780000,3.46210000,3.45200000,3.45860000,9891.01000000,1622642039999,34187.61041700,114,3619.38000000,12516.23989500,0
1622642040000,3.45860000,3.46340000,3.45010000,3.45820000,9292.91000000,1622642219999,32134.67460900,99,5511.04000000,19061.26324100,0
1622642220000,3.45910000,3.46310000,3.45400000,3.45680000,5911.04000000,1622642399999,20438.19808800,78,2552.68000000,8827.70061500,0
1622642400000,3.45560000,3.46080000,3.44040000,3.44380000,14250.67000000,1622642579999,49145.50751900,159,6355.92000000,21928.30563000,0
1622642580000,3.44170000,3.45240000,3.44040000,3.44310000,7836.13000000,1622642759999,26995.81739200,93,3800.03000000,13091.83866100,0
1622642760000,3.44340000,3.45080000,3.43620000,3.44190000,34421.82000000,1622642939999,118497.63573000,209,19863.38000000,68409.80719900,0
1622642940000,3.44240000,3.44980000,3.43400000,3.43940000,23537.50000000,1622643119999,81016.39726200,178,11150.24000000,38386.58404800,0
1622643120000,3.43650000,3.44140000,3.43460000,3.43650000,6029.29000000,1622643299999,20729.12912500,84,2463.45000000,8468.57934200,0
1622643300000,3.43740000,3.45210000,3.43600000,3.44990000,10266.87000000,1622643479999,35366.49607600,101,6997.90000000,24111.35015300,0
1622643480000,3.45000000,3.46060000,3.45000000,3.45460000,9242.93000000,1622643659999,31931.81812500,90,5849.20000000,20213.45281200,0
1622643660000,3.45310000,3.45340000,3.44730000,3.44730000,5276.15000000,1622643839999,18205.02208500,60,1627.64000000,5615.75482500,0
1622643840000,3.44910000,3.46000000,3.44700000,3.46000000,11036.75000000,1622644019999,38107.06209900,92,5034.81000000,17398.41934700,0
1622644020000,3.45920000,3.46140000,3.43670000,3.43680000,28674.32000000,1622644199999,98876.58618100,244,11720.62000000,40412.80024100,0
1622644200000,3.43690000,3.44710000,3.42890000,3.44320000,27737.09000000,1622644379999,95385.99524800,214,15026.41000000,51671.97763000,0
1622644380000,3.44320000,3.46560000,3.44320000,3.46390000,20444.25000000,1622644559999,70683.64468000,216,14099.08000000,48747.54805500,0
1622644560000,3.46450000,3.47500000,3.46230000,3.47100000,14050.84000000,1622644739999,48745.78147000,181,7465.08000000,25903.13508000,0
1622644740000,3.46790000,3.47130000,3.46540000,3.46540000,11127.66000000,1622644919999,38603.36101600,151,5901.64000000,20479.20842300,0
1622644920000,3.46710000,3.46710000,3.45450000,3.45730000,6594.96000000,1622645099999,22818.84532400,125,1544.25000000,5342.05383100,0
1622645100000,3.45980000,3.46280000,3.44020000,3.44020000,20235.43000000,1622645279999,69854.66475800,139,5903.77000000,20386.46950300,0
1622645280000,3.44330000,3.44430000,3.43000000,3.43720000,20118.62000000,1622645459999,69180.88662800,132,7161.84000000,24639.22314400,0
1622645460000,3.43720000,3.43990000,3.42940000,3.43590000,16611.45000000,1622645639999,57055.33776200,104,4892.95000000,16812.83632000,0
1622645640000,3.43590000,3.44320000,3.43350000,3.43500000,7012.71000000,1622645819999,24112.36321400,78,3104.25000000,10679.46913800,0
1622645820000,3.43740000,3.43830000,3.42200000,3.42610000,6294.61000000,1622645999999,21592.52896700,114,3140.06000000,10768.04895000,0
1622646000000,3.42720000,3.43610000,3.42720000,3.43300000,10439.20000000,1622646179999,35838.71871800,104,6635.93000000,22781.75480600,0
1622646180000,3.43200000,3.44130000,3.43130000,3.43240000,15881.39000000,1622646359999,54575.00212500,153,8327.00000000,28609.77119300,0
1622646360000,3.43240000,3.43560000,3.42720000,3.43110000,15031.59000000,1622646539999,51567.14711900,126,4435.87000000,15224.07615300,0
1622646540000,3.43110000,3.43300000,3.42720000,3.43140000,12680.35000000,1622646719999,43505.42243000,79,7823.19000000,26845.52814500,0
1622646720000,3.42870000,3.43300000,3.42530000,3.43220000,77434.04000000,1622646899999,265777.31952600,273,67923.79000000,233163.32796000,0
1622646900000,3.42980000,3.43060000,3.41210000,3.42020000,19861.02000000,1622647079999,67926.64946100,204,5001.68000000,17098.69425900,0
1622647080000,3.42170000,3.42500000,3.41610000,3.41700000,6845.07000000,1622647259999,23418.87052200,84,2418.93000000,8276.37673900,0
1622647260000,3.41700000,3.43000000,3.41650000,3.42700000,8148.14000000,1622647439999,27912.19390900,72,7201.08000000,24669.90257100,0
1622647440000,3.42540000,3.42540000,3.41650000,3.41700000,13016.57000000,1622647619999,44503.72513200,114,5939.85000000,20306.35921500,0
1622647620000,3.41700000,3.42090000,3.41650000,3.41790000,4208.87000000,1622647799999,14384.67343700,58,1599.29000000,5466.35217800,0
1622647800000,3.41790000,3.41810000,3.39900000,3.40840000,29110.09000000,1622647979999,99114.98012500,269,6216.45000000,21186.91273900,0
1622647980000,3.40950000,3.41370000,3.40180000,3.40300000,14086.12000000,1622648159999,47979.84471800,155,5174.32000000,17626.90389200,0
1622648160000,3.40380000,3.40930000,3.40180000,3.40730000,8887.84000000,1622648339999,30271.14031000,84,3348.00000000,11402.19023700,0
1622648340000,3.40650000,3.40660000,3.39780000,3.40450000,37118.85000000,1622648519999,126245.03291200,226,22898.59000000,77873.99054400,0
1622648520000,3.40230000,3.40390000,3.39190000,3.39530000,12827.69000000,1622648699999,43551.21473600,135,4164.85000000,14144.91277500,0
1622648700000,3.39470000,3.40000000,3.39330000,3.39540000,11494.13000000,1622648879999,39047.06360700,153,5413.42000000,18389.67309800,0
1622648880000,3.39540000,3.39540000,3.38580000,3.38690000,21026.44000000,1622649059999,71261.67694600,168,4375.00000000,14825.73184400,0
1622649060000,3.38690000,3.39180000,3.36810000,3.37000000,13939.10000000,1622649239999,47120.76403500,230,6076.30000000,20557.71472600,0
1622649240000,3.37000000,3.38820000,3.37000000,3.38540000,11167.92000000,1622649419999,37752.63234000,168,5891.18000000,19912.04082200,0
1622649420000,3.38580000,3.39000000,3.37820000,3.38830000,12528.18000000,1622649599999,42384.94862400,152,5747.01000000,19450.77008700,0
1622649600000,3.38990000,3.41000000,3.38990000,3.40280000,22955.87000000,1622649779999,78086.17424700,338,12046.64000000,40980.48180400,0
1622649780000,3.40240000,3.40390000,3.38350000,3.38380000,48500.78000000,1622649959999,164791.00866000,340,12784.65000000,43422.67565100,0
1622649960000,3.38380000,3.41480000,3.37430000,3.41480000,43453.76000000,1622650139999,147513.38362300,235,35018.28000000,118963.54270600,0
1622650140000,3.41250000,3.43700000,3.41000000,3.42970000,30104.76000000,1622650319999,103154.09987400,361,18736.81000000,64174.54479500,0
1622650320000,3.42690000,3.43520000,3.42000000,3.42990000,12988.96000000,1622650499999,44501.06772500,144,4487.99000000,15384.00133800,0
1622650500000,3.42910000,3.43580000,3.42690000,3.42690000,11988.08000000,1622650679999,41141.08756600,176,5163.86000000,17724.31675000,0
1622650680000,3.42620000,3.43800000,3.42060000,3.42410000,22038.22000000,1622650859999,75633.72576500,84,13979.61000000,48012.64934700,0
1622650860000,3.42070000,3.42800000,3.40280000,3.40280000,10632.14000000,1622651039999,36303.29477100,116,2219.66000000,7582.00963800,0
1622651040000,3.40290000,3.40730000,3.39710000,3.39860000,7477.62000000,1622651219999,25447.03307600,93,3620.78000000,12326.72906300,0
1622651220000,3.39710000,3.40810000,3.39390000,3.40260000,12111.75000000,1622651399999,41177.12782800,110,6614.72000000,22502.22187900,0
1622651400000,3.40250000,3.40770000,3.38340000,3.38570000,6603.29000000,1622651579999,22429.15364400,96,3383.02000000,11499.38886000,0
1622651580000,3.38570000,3.38870000,3.35490000,3.35490000,31818.71000000,1622651759999,107217.26990200,320,6021.86000000,20325.07998900,0
1622651760000,3.35540000,3.37430000,3.35520000,3.36960000,20767.13000000,1622651939999,69827.05947600,198,15146.64000000,50911.84726600,0
1622651940000,3.36970000,3.36970000,3.35630000,3.35870000,5527.01000000,1622652119999,18595.20747200,75,1749.89000000,5892.37040300,0
1622652120000,3.35860000,3.37020000,3.35210000,3.36190000,14849.49000000,1622652299999,49906.31360000,153,7198.02000000,24197.21908100,0
1622652300000,3.36190000,3.36490000,3.33780000,3.33960000,26690.99000000,1622652479999,89437.34984800,326,6436.98000000,21585.64609600,0
1622652480000,3.33810000,3.33850000,3.32930000,3.33500000,14503.69000000,1622652659999,48367.16535800,191,7684.44000000,25631.58801400,0
1622652660000,3.33500000,3.35950000,3.33500000,3.34920000,101583.36000000,1622652839999,339727.97476100,345,58703.74000000,196133.69361900,0
1622652840000,3.34530000,3.35540000,3.34400000,3.35160000,6945.83000000,1622653019999,23271.78891100,61,5239.60000000,17561.38757100,0
1622653020000,3.35530000,3.36800000,3.35530000,3.36220000,10167.14000000,1622653199999,34179.60977200,100,8684.39000000,29196.89956200,0
1622653200000,3.36480000,3.37380000,3.36480000,3.37380000,1705.12000000,1622653379999,5744.65124600,85,936.58000000,3156.59112300,0
1622653380000,3.37360000,3.37530000,3.35990000,3.36490000,10631.73000000,1622653559999,35806.81122600,113,1728.58000000,5823.66675400,0
1622653560000,3.36210000,3.36740000,3.35220000,3.36740000,4053.41000000,1622653739999,13618.36625500,68,2036.42000000,6843.52115900,0
1622653740000,3.36950000,3.37060000,3.35390000,3.35940000,4836.25000000,1622653919999,16269.57521100,41,2071.48000000,6964.98115000,0
1622653920000,3.35480000,3.36470000,3.35480000,3.35660000,2412.79000000,1622654099999,8106.00870800,40,1142.14000000,3836.88774400,0
1622654100000,3.35990000,3.36850000,3.35720000,3.36660000,3210.63000000,1622654279999,10805.00423700,34,2586.71000000,8708.12980400,0
1622654280000,3.36670000,3.37290000,3.36670000,3.37120000,2481.84000000,1622654459999,8364.56099100,41,2242.91000000,7559.14190700,0
1622654460000,3.37290000,3.37760000,3.36270000,3.36570000,4018.62000000,1622654639999,13548.11897000,54,1644.91000000,5547.83789800,0
1622654640000,3.36440000,3.36830000,3.35200000,3.35290000,4232.74000000,1622654819999,14228.67723300,58,1855.91000000,6246.53607800,0
1622654820000,3.35430000,3.36250000,3.35390000,3.35960000,3974.74000000,1622654999999,13350.47993200,40,2194.10000000,7368.60713800,0
1622655000000,3.35530000,3.37150000,3.35510000,3.37010000,6440.88000000,1622655179999,21651.56001700,63,4631.27000000,15571.82792500,0
1622655180000,3.37440000,3.37440000,3.36710000,3.37020000,2573.84000000,1622655359999,8674.12260500,23,593.42000000,1998.58055200,0
1622655360000,3.37280000,3.38290000,3.36860000,3.37770000,1530.29000000,1622655539999,5168.05980500,37,816.56000000,2756.35543700,0
1622655540000,3.37890000,3.38240000,3.37150000,3.37390000,5349.08000000,1622655719999,18063.75310800,47,2174.34000000,7347.99184700,0
1622655720000,3.37120000,3.37420000,3.36900000,3.37280000,2070.77000000,1622655899999,6981.04547300,21,654.45000000,2205.77442700,0
1622655900000,3.37280000,3.37280000,3.36940000,3.37160000,1344.34000000,1622656079999,4531.31085800,23,1202.43000000,4053.01124900,0
1622656080000,3.37230000,3.37400000,3.36860000,3.37400000,3380.18000000,1622656259999,11398.54176700,56,2011.90000000,6785.73497500,0
1622656260000,3.37700000,3.38100000,3.37500000,3.38100000,3804.57000000,1622656439999,12854.50838700,51,2192.31000000,7407.26358100,0
1622656440000,3.38030000,3.38100000,3.37900000,3.37990000,553.84000000,1622656619999,1871.84912100,16,186.86000000,631.61694900,0
1622656620000,3.37980000,3.38290000,3.37590000,3.37830000,16104.82000000,1622656799999,54414.60936300,82,7428.83000000,25106.40424800,0
1622656800000,3.37710000,3.37710000,3.36740000,3.37360000,17102.09000000,1622656979999,57676.54976500,78,6228.88000000,21001.00535200,0
1622656980000,3.37080000,3.37300000,3.36770000,3.36860000,3721.28000000,1622657159999,12538.45539500,35,1422.17000000,4792.19970100,0
1622657160000,3.37040000,3.37630000,3.36380000,3.37320000,3801.05000000,1622657339999,12808.40772500,44,2213.86000000,7464.04950700,0
1622657340000,3.37200000,3.37460000,3.35780000,3.36190000,6963.78000000,1622657519999,23424.93045800,76,3204.32000000,10772.99191800,0
1622657520000,3.36040000,3.36250000,3.34900000,3.35150000,10831.59000000,1622657699999,36337.39362000,78,3167.80000000,10626.91631400,0
1622657700000,3.35200000,3.35830000,3.34880000,3.35130000,3724.99000000,1622657879999,12491.18519000,95,2896.00000000,9710.28915100,0
1622657880000,3.34890000,3.35190000,3.33950000,3.35000000,10618.11000000,1622658059999,35506.29106500,79,6535.33000000,21861.33530200,0
1622658060000,3.35000000,3.36330000,3.35000000,3.36270000,2051.30000000,1622658239999,6885.73309600,21,1443.40000000,4843.10164500,0
1622658240000,3.36290000,3.36380000,3.35990000,3.36110000,3704.29000000,1622658419999,12453.97738300,36,1353.45000000,4548.77915600,0
1622658420000,3.36110000,3.36230000,3.34930000,3.35730000,9994.46000000,1622658599999,33574.18495400,61,1912.66000000,6424.68057500,0
1622658600000,3.35840000,3.36150000,3.34460000,3.34750000,3657.00000000,1622658779999,12241.69662300,34,1279.29000000,4279.84792500,0
1622658780000,3.34960000,3.36580000,3.34750000,3.36580000,3699.68000000,1622658959999,12416.16642300,69,2880.24000000,9667.03937700,0
1622658960000,3.36580000,3.36590000,3.34910000,3.35530000,2101.19000000,1622659139999,7055.41895500,43,790.51000000,2657.68552200,0
1622659140000,3.35940000,3.36000000,3.35190000,3.35450000,2450.13000000,1622659319999,8224.08016100,45,627.05000000,2104.34226100,0
1622659320000,3.35500000,3.36320000,3.35500000,3.36260000,347.73000000,1622659499999,1168.13369400,11,251.92000000,846.47452800,0
1622659500000,3.36260000,3.36500000,3.36000000,3.36250000,990.17000000,1622659679999,3330.32600400,23,371.65000000,1250.07011400,0
1622659680000,3.36120000,3.36510000,3.36000000,3.36280000,5040.01000000,1622659859999,16935.30276000,22,4441.18000000,14923.13894400,0
1622659860000,3.36290000,3.38240000,3.36280000,3.36780000,6203.06000000,1622660039999,20939.33427800,126,3043.73000000,10273.31197100,0
1622660040000,3.36560000,3.37170000,3.36520000,3.37080000,1227.82000000,1622660219999,4137.25383900,22,636.40000000,2143.87613100,0
1622660220000,3.36990000,3.36990000,3.35650000,3.36620000,8202.61000000,1622660399999,27574.64231900,78,3761.68000000,12647.35940800,0
1622660400000,3.36210000,3.36240000,3.35300000,3.35300000,3591.68000000,1622660579999,12059.48123900,41,1414.38000000,4748.97923100,0
1622660580000,3.35470000,3.36200000,3.35120000,3.35440000,4725.39000000,1622660759999,15862.16862600,49,3687.31000000,12379.74366900,0
1622660760000,3.35200000,3.35230000,3.33680000,3.33680000,6137.15000000,1622660939999,20529.06400500,75,1722.36000000,5758.83335700,0
1622660940000,3.33830000,3.35050000,3.33830000,3.34740000,2368.15000000,1622661119999,7916.20610200,25,2096.81000000,7008.14198800,0
1622661120000,3.34680000,3.35500000,3.34680000,3.34890000,2987.61000000,1622661299999,10004.46198900,24,1843.60000000,6174.69391400,0
1622661300000,3.34770000,3.35030000,3.34330000,3.34720000,2858.73000000,1622661479999,9563.92323900,35,1348.63000000,4512.36012300,0
1622661480000,3.34600000,3.35970000,3.34590000,3.35810000,2211.51000000,1622661659999,7418.85767500,28,642.81000000,2155.19709500,0
1622661660000,3.35840000,3.35990000,3.35600000,3.35600000,1362.08000000,1622661839999,4574.35337900,21,401.42000000,1348.07074100,0
1622661840000,3.35640000,3.35640000,3.34680000,3.34680000,3342.06000000,1622662019999,11203.35591000,49,66.05000000,221.53886500,0
1622662020000,3.35100000,3.35100000,3.33840000,3.34130000,4236.89000000,1622662199999,14157.58555100,53,2090.29000000,6983.39167200,0
1622662200000,3.33740000,3.34520000,3.32950000,3.34360000,4736.52000000,1622662379999,15800.24349100,96,1079.69000000,3603.31761700,0
1622662380000,3.34360000,3.35570000,3.34360000,3.35510000,2714.44000000,1622662559999,9084.55641900,50,2674.83000000,8951.91045100,0
1622662560000,3.35200000,3.35320000,3.34900000,3.35180000,1752.54000000,1622662739999,5873.14053700,36,1296.14000000,4343.81632000,0
1622662740000,3.35060000,3.35640000,3.34670000,3.34670000,2086.43000000,1622662919999,6993.35179000,25,210.18000000,704.96817900,0
1622662920000,3.34740000,3.35040000,3.34410000,3.34660000,432.20000000,1622663099999,1446.42345600,16,161.38000000,540.16868400,0
1622663100000,3.35050000,3.35440000,3.34410000,3.34410000,3087.93000000,1622663279999,10344.97285900,35,2298.41000000,7700.09962600,0
1622663280000,3.34340000,3.34740000,3.34150000,3.34600000,3862.60000000,1622663459999,12916.89742400,45,2314.90000000,7740.87006500,0
1622663460000,3.34600000,3.34740000,3.33030000,3.33370000,3080.23000000,1622663639999,10289.26062500,55,1102.35000000,3681.44600200,0
1622663640000,3.33760000,3.34000000,3.33210000,3.33750000,1931.12000000,1622663819999,6442.94445800,15,1347.20000000,4494.03910300,0
1622663820000,3.33660000,3.33660000,3.33210000,3.33560000,1364.67000000,1622663999999,4550.05646000,23,906.87000000,3023.54664000,0
1622664000000,3.33820000,3.33820000,3.32060000,3.33060000,17740.50000000,1622664179999,59021.09814100,123,12792.30000000,42554.77445500,0
1622664180000,3.33030000,3.33530000,3.32380000,3.32870000,6691.88000000,1622664359999,22275.68442200,60,749.29000000,2496.92781400,0
1622664360000,3.32510000,3.32700000,3.32060000,3.32640000,1890.26000000,1622664539999,6280.52980300,33,1087.28000000,3612.88641300,0
1622664540000,3.32370000,3.32370000,3.30130000,3.30610000,27924.29000000,1622664719999,92442.57114600,294,6904.51000000,22831.94178800,0
1622664720000,3.30610000,3.31310000,3.30500000,3.31010000,5411.91000000,1622664899999,17900.77599300,46,5031.67000000,16642.65095100,0
1622664900000,3.31230000,3.31460000,3.28590000,3.29250000,24606.24000000,1622665079999,81137.01494300,306,3196.00000000,10531.42123900,0
1622665080000,3.28890000,3.30680000,3.28240000,3.30680000,13266.95000000,1622665259999,43654.02545100,156,7150.74000000,23540.12629000,0
1622665260000,3.30680000,3.30900000,3.28790000,3.29500000,6756.17000000,1622665439999,22272.82402500,66,1962.60000000,6477.55759300,0
1622665440000,3.29270000,3.30470000,3.28900000,3.30470000,7444.40000000,1622665619999,24511.30026200,62,5742.12000000,18907.66010500,0
1622665620000,3.29730000,3.30820000,3.28960000,3.29390000,12064.67000000,1622665799999,39764.08798900,74,6352.14000000,20940.16277200,0
1622665800000,3.29750000,3.30880000,3.29740000,3.30110000,2962.16000000,1622665979999,9780.01251100,68,1849.53000000,6106.05054300,0
1622665980000,3.30260000,3.30920000,3.29240000,3.30580000,6476.79000000,1622666159999,21372.68698600,70,3555.35000000,11740.11559300,0
1622666160000,3.30490000,3.31360000,3.30030000,3.31360000,1212.68000000,1622666339999,4008.21264300,35,1017.76000000,3363.67049000,0
1622666340000,3.31360000,3.31360000,3.29970000,3.29970000,2196.16000000,1622666519999,7259.52442800,35,299.79000000,992.05556200,0
1622666520000,3.29960000,3.30920000,3.29790000,3.30830000,3724.30000000,1622666699999,12295.19843600,42,1171.16000000,3871.68689500,0
1622666700000,3.30950000,3.32470000,3.30950000,3.31940000,7370.83000000,1622666879999,24470.02110700,102,4445.63000000,14757.27190700,0
1622666880000,3.31880000,3.33070000,3.31880000,3.32140000,5295.05000000,1622667059999,17603.70121300,58,3285.89000000,10925.29382100,0
1622667060000,3.32140000,3.32140000,3.30850000,3.31160000,3141.46000000,1622667239999,10408.35936500,30,1308.36000000,4334.03676100,0
1622667240000,3.31000000,3.31710000,3.31000000,3.31710000,2665.36000000,1622667419999,8832.55863700,38,1728.02000000,5724.48350300,0
1622667420000,3.31540000,3.32090000,3.31460000,3.31460000,2975.44000000,1622667599999,9875.54979200,28,1431.71000000,4752.86913900,0
1622667600000,3.31450000,3.33350000,3.31050000,3.32510000,15121.39000000,1622667779999,50296.46856800,110,10401.30000000,34630.61801700,0
1622667780000,3.33080000,3.33620000,3.32780000,3.33030000,6594.96000000,1622667959999,21979.54416400,60,5604.71000000,18681.12395300,0
1622667960000,3.33210000,3.34000000,3.32810000,3.34000000,12350.41000000,1622668139999,41195.24491900,95,4958.31000000,16541.32037400,0
1622668140000,3.33990000,3.34260000,3.32290000,3.33900000,14011.16000000,1622668319999,46717.84072200,128,6376.35000000,21279.17850300,0
1622668320000,3.34040000,3.34220000,3.32910000,3.33750000,5214.09000000,1622668499999,17379.46149900,41,3929.43000000,13098.01295800,0
1622668500000,3.33870000,3.34170000,3.33410000,3.33770000,1587.23000000,1622668679999,5296.73183200,29,885.02000000,2952.58159200,0
1622668680000,3.34010000,3.34180000,3.33720000,3.33720000,1455.33000000,1622668859999,4859.49248000,15,116.44000000,389.07094000,0
1622668860000,3.33520000,3.33520000,3.32490000,3.33460000,296.61000000,1622669039999,987.70572100,11,45.90000000,152.77213100,0
1622669040000,3.33410000,3.33460000,3.33110000,3.33110000,617.73000000,1622669219999,2059.15851500,11,202.46000000,674.95832600,0
1622669220000,3.33290000,3.33510000,3.33290000,3.33510000,609.21000000,1622669399999,2030.90926400,12,529.12000000,1763.95588600,0
1622669400000,3.33560000,3.33560000,3.32610000,3.32610000,3319.34000000,1622669579999,11060.59815100,49,202.19000000,674.32515300,0
1622669580000,3.32610000,3.32760000,3.31660000,3.31840000,3485.23000000,1622669759999,11578.89186200,59,894.72000000,2972.09372500,0
1622669760000,3.31860000,3.32080000,3.30500000,3.31820000,11273.56000000,1622669939999,37347.15617200,121,5243.80000000,17381.83212500,0
1622669940000,3.31920000,3.32290000,3.31810000,3.32290000,2977.10000000,1622670119999,9883.10388600,37,198.61000000,659.39271700,0
1622670120000,3.32590000,3.32900000,3.32450000,3.32480000,4786.34000000,1622670299999,15920.64552100,56,1352.17000000,4501.06120800,0
1622670300000,3.32550000,3.33370000,3.32480000,3.32950000,6147.59000000,1622670479999,20468.03604500,66,2723.53000000,9071.03901400,0
1622670480000,3.32960000,3.33130000,3.32450000,3.32880000,5602.26000000,1622670659999,18637.76393000,48,843.01000000,2806.09662100,0
1622670660000,3.32790000,3.32800000,3.31850000,3.32110000,4694.49000000,1622670839999,15595.54949400,43,739.71000000,2458.91852200,0
1622670840000,3.31970000,3.32450000,3.31670000,3.31670000,5960.25000000,1622671019999,19787.84444200,76,1568.17000000,5209.67089000,0
1622671020000,3.31920000,3.31930000,3.30110000,3.31070000,5949.25000000,1622671199999,19662.40552000,62,911.56000000,3017.21727200,0
1622671200000,3.30670000,3.30670000,3.29300000,3.30440000,6340.10000000,1622671379999,20902.98961900,75,4461.15000000,14709.81445600,0
1622671380000,3.30350000,3.30530000,3.29970000,3.30370000,4172.53000000,1622671559999,13783.45750900,58,2424.07000000,8009.31286700,0
1622671560000,3.30580000,3.31400000,3.30580000,3.31120000,2506.81000000,1622671739999,8294.62614800,25,2268.51000000,7505.73956800,0
1622671740000,3.31000000,3.31000000,3.29870000,3.30030000,7826.56000000,1622671919999,25855.90785600,58,3064.00000000,10118.58630400,0
1622671920000,3.30180000,3.30180000,3.29310000,3.29560000,1097.87000000,1622672099999,3621.10270000,24,425.32000000,1403.39257200,0
1622672100000,3.29300000,3.29870000,3.29280000,3.29870000,4237.75000000,1622672279999,13969.53801700,42,4112.54000000,13557.00187900,0
1622672280000,3.30440000,3.30820000,3.30180000,3.30240000,613.79000000,1622672459999,2028.63612500,17,425.29000000,1406.00668600,0
1622672460000,3.30720000,3.30940000,3.29460000,3.29460000,5821.71000000,1622672639999,19222.54078300,51,1004.61000000,3318.92746300,0
1622672640000,3.29460000,3.29460000,3.28000000,3.28220000,17407.28000000,1622672819999,57206.40783700,102,2910.81000000,9566.40696600,0
1622672820000,3.28300000,3.28340000,3.27710000,3.28110000,4989.84000000,1622672999999,16369.02790400,56,2818.46000000,9248.27106900,0
1622673000000,3.28110000,3.29750000,3.28110000,3.29750000,10764.37000000,1622673179999,35368.80847400,88,8806.63000000,28935.16256000,0
1622673180000,3.29810000,3.29810000,3.27770000,3.28000000,6874.53000000,1622673359999,22567.99962000,65,1600.47000000,5252.34059900,0
1622673360000,3.28090000,3.28540000,3.27390000,3.27580000,3003.91000000,1622673539999,9845.70983200,71,403.96000000,1324.28176100,0
1622673540000,3.27660000,3.27720000,3.25880000,3.26740000,24100.18000000,1622673719999,78687.70257900,315,10522.89000000,34384.48286800,0
1622673720000,3.26570000,3.27690000,3.26190000,3.27690000,6404.49000000,1622673899999,20927.06371300,90,3570.92000000,11669.48461100,0
1622673900000,3.27640000,3.28470000,3.25410000,3.27950000,17690.13000000,1622674079999,57842.62588800,172,7848.08000000,25699.70501800,0
1622674080000,3.28050000,3.28450000,3.27290000,3.27380000,7043.73000000,1622674259999,23103.29001800,48,5531.32000000,18147.12505400,0
1622674260000,3.28120000,3.28360000,3.27860000,3.28130000,686.26000000,1622674439999,2252.37062400,14,412.27000000,1353.36091800,0
1622674440000,3.28150000,3.29810000,3.28130000,3.28900000,2828.02000000,1622674619999,9303.34188100,42,2109.11000000,6939.78244300,0
1622674620000,3.28920000,3.29660000,3.28860000,3.29430000,3771.14000000,1622674799999,12419.51255400,37,2311.56000000,7613.12308800,0
1622674800000,3.28980000,3.28980000,3.27600000,3.27600000,7112.45000000,1622674979999,23349.28043500,78,635.92000000,2088.30479100,0
1622674980000,3.27540000,3.29640000,3.27540000,3.29640000,4157.45000000,1622675159999,13666.78659100,48,4105.32000000,13496.03216400,0
1622675160000,3.29590000,3.29940000,3.29000000,3.29880000,15707.04000000,1622675339999,51746.25021300,45,13681.13000000,45070.51035400,0
1622675340000,3.30080000,3.30950000,3.29670000,3.30910000,14699.52000000,1622675519999,48577.75575300,75,8968.38000000,29627.98853400,0
1622675520000,3.30770000,3.30880000,3.30110000,3.30880000,3044.08000000,1622675699999,10063.46184400,30,544.33000000,1799.15350000,0
1622675700000,3.30950000,3.31260000,3.30630000,3.31160000,13420.58000000,1622675879999,44442.49036600,51,6615.55000000,21908.37254400,0
1622675880000,3.31300000,3.33010000,3.31300000,3.32500000,33741.15000000,1622676059999,112164.67495500,211,16937.42000000,56261.23053700,0
1622676060000,3.32940000,3.34470000,3.32750000,3.34430000,8322.41000000,1622676239999,27770.91020000,82,4346.24000000,14494.69916200,0
1622676240000,3.34530000,3.34860000,3.33860000,3.34170000,19604.43000000,1622676419999,65556.25276200,112,8083.55000000,27027.06636200,0
1622676420000,3.33610000,3.34130000,3.32450000,3.33180000,15977.48000000,1622676599999,53254.56219900,93,3100.49000000,10333.58632600,0
1622676600000,3.32930000,3.33240000,3.32390000,3.32600000,13037.90000000,1622676779999,43410.13756900,64,9764.69000000,32518.59311400,0
1622676780000,3.32600000,3.32610000,3.31060000,3.31710000,19155.83000000,1622676959999,63591.95270800,123,4190.22000000,13921.52898200,0
1622676960000,3.31710000,3.32310000,3.31640000,3.32010000,6048.83000000,1622677139999,20082.48196700,44,4133.69000000,13726.11359600,0
1622677140000,3.32010000,3.32630000,3.32000000,3.32300000,4333.00000000,1622677319999,14399.50965200,57,1619.59000000,5385.17874500,0
1622677320000,3.32580000,3.33980000,3.32550000,3.33470000,6440.07000000,1622677499999,21471.37939700,94,4043.43000000,13484.13587500,0
1622677500000,3.33480000,3.33850000,3.32350000,3.32450000,13360.34000000,1622677679999,44516.20923700,110,5876.85000000,19594.17294600,0
1622677680000,3.32760000,3.33580000,3.32450000,3.33080000,5451.28000000,1622677859999,18162.52739000,65,2187.30000000,7293.52373300,0
1622677860000,3.33130000,3.33130000,3.32000000,3.32000000,4468.62000000,1622678039999,14854.06880700,39,1365.71000000,4537.89376600,0
1622678040000,3.32050000,3.33240000,3.31000000,3.31250000,18579.53000000,1622678219999,61659.99287100,97,2614.34000000,8665.85789000,0
1622678220000,3.31240000,3.31760000,3.31070000,3.31340000,8020.48000000,1622678399999,26580.96574800,74,3291.64000000,10913.01207500,0
