1633737600000,9.94300000,9.94400000,9.85500000,9.86200000,2451.00000000,1633737899999,24261.01780000,97,874.00000000,8649.90060000,0
1633737900000,9.85900000,9.90900000,9.81100000,9.90500000,2315.90000000,1633738199999,22797.02790000,95,997.60000000,9822.72670000,0
1633738200000,9.91100000,9.94300000,9.91100000,9.92700000,1456.00000000,1633738499999,14452.90530000,46,616.00000000,6115.70880000,0
1633738500000,9.92100000,9.92900000,9.84200000,9.88200000,2049.70000000,1633738799999,20276.46160000,61,966.10000000,9553.87920000,0
1633738800000,9.88200000,9.95100000,9.87400000,9.94900000,2015.50000000,1633739099999,19958.65720000,52,942.20000000,9328.59840000,0
1633739100000,9.94500000,9.95000000,9.91000000,9.91300000,1093.60000000,1633739399999,10863.11750000,38,443.30000000,4401.93820000,0
1633739400000,9.91300000,9.95100000,9.90400000,9.95100000,4013.20000000,1633739699999,39802.85140000,58,1690.60000000,16771.70110000,0
1633739700000,9.95100000,9.98100000,9.94300000,9.97800000,1218.90000000,1633739999999,12145.19900000,31,430.10000000,4285.39770000,0
1633740000000,9.97800000,9.99300000,9.96700000,9.98300000,1123.00000000,1633740299999,11209.62100000,28,622.60000000,6217.42690000,0
1633740300000,9.98000000,9.98000000,9.95000000,9.95100000,1338.90000000,1633740599999,13340.61060000,28,861.60000000,8582.05700000,0
1633740600000,9.95200000,9.95200000,9.92700000,9.92700000,527.40000000,1633740899999,5244.26330000,14,108.80000000,1082.06050000,0
1633740900000,9.92700000,9.97800000,9.92400000,9.97700000,1503.00000000,1633741199999,14944.67510000,47,737.40000000,7340.08620000,0
1633741200000,9.98600000,10.00600000,9.98100000,9.98700000,2154.30000000,1633741499999,21528.34190000,33,622.60000000,6220.70650000,0
1633741500000,9.98700000,10.00100000,9.97800000,9.97800000,1644.60000000,1633741799999,16430.58020000,25,305.50000000,3051.61560000,0
1633741800000,9.97900000,10.00000000,9.97600000,9.98400000,1652.40000000,1633742099999,16502.48710000,34,821.50000000,8204.87060000,0
1633742100000,9.96900000,9.96900000,9.93400000,9.93600000,1222.60000000,1633742399999,12166.60010000,35,408.70000000,4065.52760000,0
1633742400000,9.93700000,9.94400000,9.91000000,9.93200000,2765.50000000,1633742699999,27439.02190000,76,1400.20000000,13892.77830000,0
1633742700000,9.92900000,9.92900000,9.86500000,9.86500000,2926.90000000,1633742999999,28967.31720000,99,457.00000000,4525.95660000,0
1633743000000,9.87800000,9.90800000,9.86700000,9.89700000,2258.80000000,1633743299999,22332.76590000,49,1237.10000000,12242.07170000,0
1633743300000,9.89200000,9.91000000,9.89200000,9.91000000,250.20000000,1633743599999,2477.68200000,6,225.10000000,2228.94100000,0
1633743600000,9.88900000,9.88900000,9.84900000,9.86100000,1036.60000000,1633743899999,10221.05170000,15,673.50000000,6640.38420000,0
1633743900000,9.87300000,9.92500000,9.87300000,9.90300000,1573.80000000,1633744199999,15589.72670000,28,418.80000000,4146.56110000,0
1633744200000,9.92500000,9.95500000,9.89900000,9.89900000,2634.10000000,1633744499999,26149.34530000,95,1453.20000000,14436.45250000,0
1633744500000,9.89000000,9.89600000,9.86800000,9.89400000,1564.60000000,1633744799999,15465.15540000,49,755.10000000,7462.19190000,0
1633744800000,9.89400000,9.89400000,9.86800000,9.87900000,386.90000000,1633745099999,3825.65010000,16,6.30000000,62.23770000,0
1633745100000,9.86900000,9.87400000,9.85400000,9.87300000,856.90000000,1633745399999,8454.23660000,24,606.20000000,5979.88170000,0
1633745400000,9.86400000,9.87000000,9.84700000,9.84700000,843.60000000,1633745699999,8316.35610000,20,365.60000000,3604.49320000,0
1633745700000,9.84500000,9.87800000,9.83800000,9.87100000,1327.00000000,1633745999999,13079.06980000,42,802.10000000,7906.50230000,0
1633746000000,9.88300000,9.92000000,9.88300000,9.91000000,1169.80000000,1633746299999,11591.66510000,41,619.60000000,6136.81990000,0
1633746300000,9.91900000,9.93100000,9.91600000,9.91700000,386.80000000,1633746599999,3837.96860000,22,284.80000000,2826.13060000,0
1633746600000,9.93300000,9.98600000,9.93300000,9.96000000,2170.00000000,1633746899999,21636.60200000,48,1625.00000000,16203.85950000,0
1633746900000,9.96600000,9.99700000,9.96600000,9.99700000,1228.50000000,1633747199999,12269.21150000,33,673.40000000,6724.40950000,0
1633747200000,10.00300000,10.01800000,9.99500000,10.01300000,1068.30000000,1633747499999,10689.68220000,28,509.10000000,5093.90190000,0
1633747500000,10.00900000,10.04900000,9.98800000,10.03600000,1558.30000000,1633747799999,15625.19110000,57,1133.90000000,11374.97130000,0
1633747800000,10.00600000,10.03000000,10.00600000,10.01900000,639.60000000,1633748099999,6407.59980000,14,272.70000000,2730.56060000,0
1633748100000,10.02500000,10.03200000,10.01700000,10.02600000,370.60000000,1633748399999,3715.54590000,7,100.00000000,1001.70000000,0
1633748400000,10.03400000,10.03700000,9.99600000,10.01300000,2220.80000000,1633748699999,22256.43530000,68,1101.00000000,11031.02860000,0
1633748700000,10.01100000,10.04900000,9.99000000,10.02800000,1896.80000000,1633748999999,19000.87560000,44,1297.60000000,12998.86230000,0
1633749000000,10.01900000,10.01900000,10.00600000,10.00600000,519.50000000,1633749299999,5201.56690000,15,0.00000000,0.00000000,0
1633749300000,10.00100000,10.07600000,9.98900000,10.05000000,2687.40000000,1633749599999,26977.06400000,88,1325.50000000,13312.32620000,0
1633749600000,10.05900000,10.08000000,10.05200000,10.08000000,1214.70000000,1633749899999,12226.20730000,38,584.60000000,5884.69760000,0
1633749900000,10.08700000,10.09500000,10.06500000,10.09300000,1932.70000000,1633750199999,19499.77090000,43,1189.80000000,12005.67660000,0
1633750200000,10.08900000,10.09900000,10.05600000,10.06200000,1609.40000000,1633750499999,16229.30340000,35,518.00000000,5221.87660000,0
1633750500000,10.06600000,10.06600000,10.05200000,10.06200000,461.30000000,1633750799999,4638.39640000,10,349.40000000,3513.47760000,0
1633750800000,10.06200000,10.12100000,10.05400000,10.09500000,2598.60000000,1633751099999,26245.50870000,84,1511.80000000,15278.49810000,0
1633751100000,10.09600000,10.13400000,10.07500000,10.13400000,1856.90000000,1633751399999,18760.07780000,61,1135.10000000,11470.33450000,0
1633751400000,10.13400000,10.16700000,10.10700000,10.16700000,10475.20000000,1633751699999,106177.52810000,212,7686.80000000,77916.13880000,0
1633751700000,10.16100000,10.16600000,10.13200000,10.13500000,2086.70000000,1633751999999,21182.92860000,55,528.50000000,5361.85050000,0
1633752000000,10.14900000,10.15300000,10.11300000,10.14200000,1018.70000000,1633752299999,10329.09360000,36,583.20000000,5914.72350000,0
1633752300000,10.13900000,10.13900000,10.09100000,10.11200000,1939.70000000,1633752599999,19633.94640000,72,599.80000000,6068.19630000,0
1633752600000,10.11600000,10.12100000,10.10100000,10.10800000,874.90000000,1633752899999,8847.37610000,24,545.20000000,5514.52560000,0
1633752900000,10.11900000,10.13500000,10.11300000,10.12400000,748.30000000,1633753199999,7577.66390000,23,304.90000000,3086.71210000,0
1633753200000,10.13000000,10.13000000,10.07100000,10.08200000,5649.40000000,1633753499999,56967.03710000,99,4170.90000000,42041.79770000,0
1633753500000,10.08200000,10.11800000,10.08100000,10.11700000,1878.30000000,1633753799999,18955.43330000,58,1160.60000000,11710.69080000,0
1633753800000,10.11500000,10.14600000,10.09200000,10.13000000,2733.70000000,1633754099999,27668.38470000,92,1590.50000000,16096.18850000,0
1633754100000,10.13400000,10.14500000,10.10800000,10.10800000,1155.90000000,1633754399999,11712.09240000,36,546.70000000,5542.05970000,0
1633754400000,10.12100000,10.15100000,10.11600000,10.14400000,2723.30000000,1633754699999,27592.29390000,67,1731.60000000,17542.05920000,0
1633754700000,10.14500000,10.19100000,10.14200000,10.19100000,11286.80000000,1633754999999,114559.11630000,121,10305.80000000,104586.04950000,0
1633755000000,10.19100000,10.23300000,10.16400000,10.21700000,4109.60000000,1633755299999,41923.02750000,144,2083.80000000,21260.73210000,0
1633755300000,10.21700000,10.27000000,10.19200000,10.24900000,3836.60000000,1633755599999,39218.37750000,110,2181.50000000,22298.53700000,0
1633755600000,10.22600000,10.24100000,10.19400000,10.19700000,2556.70000000,1633755899999,26135.60570000,62,869.70000000,8886.62690000,0
1633755900000,10.19500000,10.23300000,10.19000000,10.22700000,3873.30000000,1633756199999,39556.19220000,85,2261.90000000,23093.44110000,0
1633756200000,10.22900000,10.28300000,10.22900000,10.25300000,4810.20000000,1633756499999,49390.94610000,149,1861.90000000,19109.37060000,0
1633756500000,10.24800000,10.24800000,10.20700000,10.21500000,2124.40000000,1633756799999,21710.82730000,59,650.90000000,6647.71620000,0
1633756800000,10.21300000,10.21600000,10.16400000,10.16400000,1315.00000000,1633757099999,13407.49770000,35,134.40000000,1372.38160000,0
1633757100000,10.16900000,10.20900000,10.16800000,10.17800000,2699.60000000,1633757399999,27487.53470000,71,1960.20000000,19955.32360000,0
1633757400000,10.17100000,10.19000000,10.16700000,10.17800000,2573.50000000,1633757699999,26198.97760000,44,1814.90000000,18475.77050000,0
1633757700000,10.17300000,10.17300000,10.12300000,10.15100000,2140.50000000,1633757999999,21705.02530000,56,1229.40000000,12459.56360000,0
1633758000000,10.15000000,10.15000000,10.11000000,10.11000000,4997.00000000,1633758299999,50644.13960000,38,486.20000000,4920.54380000,0
1633758300000,10.11700000,10.15000000,10.11700000,10.14000000,1784.60000000,1633758599999,18089.70640000,43,991.60000000,10046.75530000,0
1633758600000,10.14000000,10.17600000,10.12300000,10.17500000,3108.20000000,1633758899999,31515.15490000,92,2087.80000000,21170.20140000,0
1633758900000,10.17200000,10.17200000,10.11200000,10.11200000,1431.40000000,1633759199999,14532.84350000,45,220.40000000,2239.40810000,0
1633759200000,10.12700000,10.21200000,10.12700000,10.19600000,3374.80000000,1633759499999,34364.08730000,100,1965.70000000,20001.02900000,0
1633759500000,10.19700000,10.21800000,10.17900000,10.17900000,1813.70000000,1633759799999,18510.86510000,39,455.90000000,4652.02410000,0
1633759800000,10.18100000,10.20700000,10.17400000,10.17400000,574.00000000,1633760099999,5847.30070000,25,397.40000000,4046.33020000,0
1633760100000,10.19700000,10.21800000,10.19700000,10.21000000,470.10000000,1633760399999,4799.58160000,14,350.20000000,3575.43260000,0
1633760400000,10.20900000,10.23600000,10.20200000,10.21000000,3133.40000000,1633760699999,32005.06580000,57,2043.50000000,20869.79140000,0
1633760700000,10.21500000,10.25700000,10.21500000,10.23300000,3096.00000000,1633760999999,31684.96660000,76,1431.60000000,14660.53610000,0
1633761000000,10.22900000,10.38000000,10.21400000,10.35000000,14741.60000000,1633761299999,152089.25100000,521,9816.40000000,101247.80200000,0
1633761300000,10.36800000,10.39400000,10.30900000,10.39200000,12162.30000000,1633761599999,126164.57450000,440,5351.10000000,55522.28190000,0
1633761600000,10.39500000,10.40200000,10.36600000,10.38600000,7733.10000000,1633761899999,80310.08610000,225,4446.90000000,46187.64840000,0
1633761900000,10.37600000,10.38700000,10.34700000,10.38000000,14587.30000000,1633762199999,151247.73280000,117,1668.20000000,17303.29090000,0
1633762200000,10.37800000,10.42000000,10.37300000,10.40600000,5933.20000000,1633762499999,61667.92670000,129,3227.70000000,33544.43300000,0
1633762500000,10.40600000,10.44500000,10.40600000,10.41700000,3873.30000000,1633762799999,40361.53160000,133,1647.00000000,17157.16120000,0
1633762800000,10.42000000,10.43300000,10.38400000,10.40000000,7577.90000000,1633763099999,78824.65140000,171,3440.10000000,35775.91110000,0
1633763100000,10.39700000,10.41700000,10.39300000,10.41700000,3741.00000000,1633763399999,38915.75190000,68,1863.10000000,19381.06560000,0
1633763400000,10.40900000,10.40900000,10.39500000,10.40100000,1656.00000000,1633763699999,17226.20970000,42,582.50000000,6059.16860000,0
1633763700000,10.40400000,10.40500000,10.38400000,10.38800000,4498.30000000,1633763999999,46750.40590000,108,1954.00000000,20305.12610000,0
1633764000000,10.38800000,10.39000000,10.33900000,10.37400000,2392.10000000,1633764299999,24818.71410000,61,911.00000000,9444.51090000,0
1633764300000,10.38000000,10.38700000,10.37000000,10.38000000,1122.80000000,1633764599999,11654.18130000,42,838.90000000,8707.25720000,0
1633764600000,10.37800000,10.38200000,10.32100000,10.36000000,4664.50000000,1633764899999,48268.10270000,86,3243.70000000,33567.51330000,0
1633764900000,10.35800000,10.37200000,10.33400000,10.33400000,2514.40000000,1633765199999,26041.86670000,59,950.30000000,9846.19720000,0
1633765200000,10.33600000,10.34900000,10.32400000,10.33500000,3051.40000000,1633765499999,31533.42730000,90,1696.70000000,17532.37310000,0
1633765500000,10.33500000,10.37200000,10.32900000,10.34200000,8195.90000000,1633765799999,84772.48570000,190,5647.30000000,58404.70400000,0
1633765800000,10.34100000,10.34600000,10.32700000,10.33500000,4431.10000000,1633766099999,45819.39530000,157,2009.10000000,20777.22750000,0
1633766100000,10.33500000,10.35600000,10.31500000,10.35400000,3197.80000000,1633766399999,33022.09130000,155,2370.80000000,24480.02510000,0
1633766400000,10.35200000,10.37100000,10.28700000,10.29300000,3728.70000000,1633766699999,38493.04090000,124,1020.20000000,10534.77760000,0
1633766700000,10.29500000,10.30600000,10.26300000,10.29300000,4017.20000000,1633766999999,41308.41900000,132,2038.50000000,20954.70350000,0
1633767000000,10.29300000,10.30600000,10.25500000,10.29400000,3189.50000000,1633767299999,32796.52500000,96,1195.00000000,12291.83400000,0
1633767300000,10.29100000,10.31500000,10.28800000,10.29500000,5636.30000000,1633767599999,58095.04330000,81,1100.80000000,11342.45260000,0
1633767600000,10.29700000,10.29700000,10.21500000,10.24300000,5128.90000000,1633767899999,52570.26270000,162,2266.80000000,23229.48060000,0
1633767900000,10.24800000,10.25600000,10.23800000,10.25200000,1916.40000000,1633768199999,19632.32900000,44,1185.50000000,12143.10470000,0
1633768200000,10.24600000,10.27500000,10.24600000,10.26000000,1843.70000000,1633768499999,18923.10800000,65,981.70000000,10076.14420000,0
1633768500000,10.26300000,10.26300000,10.20100000,10.20900000,3020.20000000,1633768799999,30856.64920000,86,1473.00000000,15042.03090000,0
1633768800000,10.21000000,10.22000000,10.20000000,10.21200000,2615.60000000,1633769099999,26694.59060000,50,1396.10000000,14248.76480000,0
1633769100000,10.21900000,10.26100000,10.20700000,10.22200000,2891.10000000,1633769399999,29581.29290000,56,1705.80000000,17446.12510000,0
1633769400000,10.22300000,10.24800000,10.21900000,10.23900000,2115.60000000,1633769699999,21644.85310000,64,1026.50000000,10498.72750000,0
1633769700000,10.23900000,10.26100000,10.23300000,10.25100000,2825.70000000,1633769999999,28952.54370000,88,1130.80000000,11586.46440000,0
1633770000000,10.25400000,10.29500000,10.23400000,10.26400000,2389.40000000,1633770299999,24523.86820000,65,949.00000000,9736.77720000,0
1633770300000,10.25800000,10.28300000,10.25500000,10.28300000,3594.60000000,1633770599999,36897.13220000,74,2090.20000000,21454.58590000,0
1633770600000,10.27100000,10.28700000,10.25100000,10.28400000,1345.40000000,1633770899999,13817.31050000,34,304.60000000,3127.74980000,0
1633770900000,10.28100000,10.28600000,10.26400000,10.27200000,1073.20000000,1633771199999,11025.65820000,28,654.60000000,6724.20420000,0
1633771200000,10.27500000,10.33000000,10.25600000,10.26000000,3264.90000000,1633771499999,33627.16900000,103,2237.00000000,23045.36360000,0
1633771500000,10.26100000,10.26100000,10.23100000,10.24300000,1515.30000000,1633771799999,15521.16710000,37,1051.90000000,10774.05570000,0
1633771800000,10.24400000,10.28900000,10.24100000,10.24500000,4058.30000000,1633772099999,41645.31500000,64,1841.00000000,18886.89080000,0
1633772100000,10.24500000,10.25600000,10.24500000,10.25200000,2580.60000000,1633772399999,26450.12070000,48,1805.60000000,18504.85840000,0
1633772400000,10.24700000,10.25600000,10.22900000,10.25400000,2525.90000000,1633772699999,25858.30330000,60,1257.80000000,12871.02490000,0
1633772700000,10.23800000,10.25200000,10.23800000,10.24700000,1005.30000000,1633772999999,10300.05800000,27,559.80000000,5735.29230000,0
1633773000000,10.25500000,10.29300000,10.24700000,10.27500000,2772.40000000,1633773299999,28467.32060000,78,1567.40000000,16090.96360000,0
1633773300000,10.28200000,10.40800000,10.26800000,10.32000000,13900.50000000,1633773599999,143640.19460000,314,8492.60000000,87755.06680000,0
1633773600000,10.31900000,10.39800000,10.30800000,10.39800000,4293.70000000,1633773899999,44475.69600000,154,2747.50000000,28458.90600000,0
1633773900000,10.39600000,10.39600000,10.37200000,10.37300000,2797.30000000,1633774199999,29040.47390000,88,1224.10000000,12704.79380000,0
1633774200000,10.37700000,10.37700000,10.30100000,10.30100000,5925.10000000,1633774499999,61206.94620000,127,3197.80000000,33024.36120000,0
1633774500000,10.31500000,10.36400000,10.31100000,10.34700000,4530.70000000,1633774799999,46830.20070000,145,2807.70000000,29019.30680000,0
1633774800000,10.35200000,10.35900000,10.30500000,10.30500000,4170.80000000,1633775099999,43114.43200000,125,915.50000000,9472.61900000,0
1633775100000,10.32200000,10.37700000,10.30300000,10.31700000,6933.30000000,1633775399999,71703.51640000,182,4257.60000000,44023.13640000,0
1633775400000,10.31900000,10.35600000,10.31400000,10.32200000,2896.80000000,1633775699999,29928.93620000,79,1797.40000000,18565.87840000,0
1633775700000,10.31800000,10.31900000,10.28000000,10.28200000,1541.30000000,1633775999999,15873.28150000,40,491.60000000,5067.89720000,0
1633776000000,10.28200000,10.29600000,10.27400000,10.29200000,2417.00000000,1633776299999,24851.81240000,41,1996.80000000,20530.72550000,0
1633776300000,10.31400000,10.33400000,10.30300000,10.32500000,2495.50000000,1633776599999,25745.01670000,52,1050.30000000,10840.67870000,0
1633776600000,10.31900000,10.33600000,10.31200000,10.32200000,1367.70000000,1633776899999,14120.08390000,45,862.80000000,8908.71400000,0
1633776900000,10.32200000,10.33600000,10.30400000,10.33600000,2505.00000000,1633777199999,25842.15310000,63,1232.00000000,12709.73880000,0
1633777200000,10.33900000,10.33900000,10.25000000,10.27400000,3485.50000000,1633777499999,35862.00740000,92,1268.40000000,13046.40490000,0
1633777500000,10.28800000,10.29800000,10.23200000,10.23200000,2326.50000000,1633777799999,23865.93130000,71,930.10000000,9544.39700000,0
1633777800000,10.22700000,10.30000000,10.22700000,10.28100000,5616.70000000,1633778099999,57646.94990000,140,4008.80000000,41130.67050000,0
1633778100000,10.27100000,10.28800000,10.25900000,10.27100000,1860.00000000,1633778399999,19108.19570000,57,872.90000000,8969.50270000,0
1633778400000,10.27100000,10.32600000,10.27100000,10.27800000,2951.40000000,1633778699999,30391.74580000,90,1502.30000000,15470.34440000,0
1633778700000,10.27800000,10.29800000,10.27700000,10.28000000,1615.20000000,1633778999999,16614.07830000,40,1261.80000000,12980.39110000,0
1633779000000,10.28700000,10.30000000,10.27400000,10.28900000,1204.20000000,1633779299999,12386.12690000,39,853.70000000,8782.08710000,0
1633779300000,10.27600000,10.28000000,10.22500000,10.23300000,3589.40000000,1633779599999,36786.28210000,77,1564.30000000,16036.11280000,0
1633779600000,10.22900000,10.22900000,10.17000000,10.19000000,4322.10000000,1633779899999,44038.49080000,119,2355.00000000,23980.71130000,0
1633779900000,10.18000000,10.20300000,10.16700000,10.18200000,2708.60000000,1633780199999,27584.48470000,63,986.50000000,10044.12330000,0
1633780200000,10.17300000,10.17300000,10.13500000,10.14600000,2799.20000000,1633780499999,28434.91870000,81,1106.00000000,11240.23650000,0
1633780500000,10.14500000,10.17700000,10.14500000,10.16800000,1939.00000000,1633780799999,19695.13170000,52,1253.70000000,12732.74240000,0
1633780800000,10.16600000,10.18700000,10.16000000,10.16700000,1380.80000000,1633781099999,14045.24500000,37,589.90000000,5999.86240000,0
1633781100000,10.16900000,10.17700000,10.14100000,10.15200000,2226.50000000,1633781399999,22625.87200000,56,1117.40000000,11353.60640000,0
1633781400000,10.15900000,10.18500000,10.15000000,10.18500000,2489.80000000,1633781699999,25322.97980000,57,1108.30000000,11269.03630000,0
1633781700000,10.18500000,10.20800000,10.18100000,10.19000000,2912.20000000,1633781999999,29691.03200000,72,1302.50000000,13282.54840000,0
1633782000000,10.18400000,10.20700000,10.17700000,10.18800000,4674.90000000,1633782299999,47624.73070000,109,2785.80000000,28375.02280000,0
1633782300000,10.18500000,10.20100000,10.17800000,10.19200000,1499.00000000,1633782599999,15272.43940000,38,714.00000000,7274.83620000,0
1633782600000,10.19500000,10.20100000,10.19100000,10.19900000,919.80000000,1633782899999,9377.12060000,34,444.70000000,4534.17470000,0
1633782900000,10.19900000,10.19900000,10.16800000,10.18100000,1898.60000000,1633783199999,19335.27530000,44,780.60000000,7943.97800000,0
1633783200000,10.19200000,10.19800000,10.17400000,10.19300000,3669.50000000,1633783499999,37381.84530000,81,1538.50000000,15675.45120000,0
1633783500000,10.19700000,10.20300000,10.19000000,10.19000000,1666.60000000,1633783799999,16995.73100000,40,483.60000000,4931.76470000,0
1633783800000,10.18800000,10.20100000,10.18100000,10.18100000,3331.50000000,1633784099999,33949.83030000,92,1989.40000000,20272.42530000,0
1633784100000,10.17500000,10.18500000,10.17000000,10.17500000,1298.80000000,1633784399999,13215.14310000,33,572.50000000,5824.77320000,0
1633784400000,10.18700000,10.20400000,10.17600000,10.18500000,3284.20000000,1633784699999,33473.03510000,89,2128.10000000,21690.73180000,0
1633784700000,10.19000000,10.20800000,10.18600000,10.20100000,828.30000000,1633784999999,8445.37820000,28,527.20000000,5374.91400000,0
1633785000000,10.20400000,10.20500000,10.16400000,10.16400000,3681.60000000,1633785299999,37540.19040000,62,414.50000000,4225.71410000,0
1633785300000,10.15700000,10.20800000,10.15500000,10.20400000,1510.60000000,1633785599999,15385.19270000,41,816.20000000,8312.10270000,0
1633785600000,10.20900000,10.23300000,10.20800000,10.20900000,1416.20000000,1633785899999,14468.77990000,42,757.10000000,7735.45040000,0
1633785900000,10.20900000,10.21000000,10.18900000,10.19200000,1469.90000000,1633786199999,14991.23000000,41,537.90000000,5486.64540000,0
1633786200000,10.20000000,10.24700000,10.20000000,10.24700000,1983.30000000,1633786499999,20286.16530000,47,1310.80000000,13408.16250000,0
1633786500000,10.24600000,10.27800000,10.24500000,10.26800000,2595.80000000,1633786799999,26625.10890000,95,1804.30000000,18507.93590000,0
1633786800000,10.26300000,10.26600000,10.24000000,10.24200000,1195.60000000,1633787099999,12256.03760000,37,421.10000000,4315.54160000,0
1633787100000,10.24500000,10.24900000,10.20600000,10.21400000,5882.60000000,1633787399999,60224.58050000,114,1810.70000000,18533.92410000,0
1633787400000,10.21500000,10.23300000,10.21500000,10.23200000,1725.40000000,1633787699999,17644.62850000,47,947.30000000,9687.31850000,0
1633787700000,10.23300000,10.27100000,10.23100000,10.26000000,2582.10000000,1633787999999,26480.83730000,67,1612.70000000,16540.13810000,0
1633788000000,10.26800000,10.27100000,10.25100000,10.26300000,1170.30000000,1633788299999,12006.23910000,36,702.20000000,7204.71480000,0
1633788300000,10.26200000,10.26200000,10.23800000,10.24000000,591.30000000,1633788599999,6060.04440000,13,104.70000000,1072.46850000,0
1633788600000,10.24200000,10.24700000,10.23500000,10.24600000,1134.50000000,1633788899999,11619.65240000,34,603.00000000,6176.78380000,0
1633788900000,10.24200000,10.24800000,10.18500000,10.22600000,4409.60000000,1633789199999,45077.50560000,122,1253.00000000,12815.96300000,0
1633789200000,10.22500000,10.22500000,10.20200000,10.20900000,2451.00000000,1633789499999,25033.20890000,52,416.10000000,4249.48830000,0
1633789500000,10.20700000,10.22500000,10.20700000,10.22100000,766.10000000,1633789799999,7825.06280000,27,519.50000000,5306.29460000,0
1633789800000,10.22600000,10.23500000,10.22600000,10.22900000,1262.20000000,1633790099999,12914.24610000,41,469.90000000,4807.58840000,0
1633790100000,10.22900000,10.24100000,10.21700000,10.23100000,2005.70000000,1633790399999,20516.50360000,49,1486.30000000,15202.68970000,0
1633790400000,10.23000000,10.24100000,10.22600000,10.23100000,2601.20000000,1633790699999,26611.28530000,75,1055.30000000,10796.26830000,0
1633790700000,10.22900000,10.23300000,10.22200000,10.22400000,1977.20000000,1633790999999,20223.85290000,42,931.30000000,9526.91190000,0
1633791000000,10.22100000,10.22400000,10.19700000,10.19700000,1204.00000000,1633791299999,12298.47170000,35,647.40000000,6612.33130000,0
1633791300000,10.19800000,10.22000000,10.19800000,10.22000000,899.10000000,1633791599999,9177.37570000,21,517.20000000,5277.82960000,0
1633791600000,10.21400000,10.22200000,10.15500000,10.17700000,1979.20000000,1633791899999,20167.52130000,76,865.80000000,8826.35170000,0
1633791900000,10.17200000,10.18500000,10.16700000,10.18500000,892.50000000,1633792199999,9081.87420000,29,345.10000000,3511.21300000,0
1633792200000,10.18900000,10.18900000,10.17800000,10.18800000,336.10000000,1633792499999,3421.99680000,14,182.70000000,1860.12820000,0
1633792500000,10.18400000,10.19500000,10.15300000,10.17800000,2276.30000000,1633792799999,23152.19200000,57,658.60000000,6697.24650000,0
1633792800000,10.16900000,10.19100000,10.16900000,10.18600000,872.30000000,1633793099999,8880.80170000,29,427.10000000,4347.62650000,0
1633793100000,10.18500000,10.21500000,10.18500000,10.20900000,1336.30000000,1633793399999,13633.62310000,46,792.00000000,8079.18140000,0
1633793400000,10.20600000,10.21400000,10.17100000,10.17200000,834.10000000,1633793699999,8501.55930000,25,471.50000000,4804.18280000,0
1633793700000,10.17200000,10.21000000,10.16900000,10.20600000,1292.20000000,1633793999999,13166.15730000,65,831.20000000,8470.77880000,0
1633794000000,10.20400000,10.20700000,10.17800000,10.19100000,1381.00000000,1633794299999,14074.06700000,32,903.20000000,9206.48760000,0
1633794300000,10.18600000,10.19100000,10.17300000,10.18000000,1459.40000000,1633794599999,14862.02400000,37,654.40000000,6662.72240000,0
1633794600000,10.17900000,10.18500000,10.15700000,10.17600000,1377.60000000,1633794899999,14004.06400000,38,538.50000000,5474.39680000,0
1633794900000,10.17300000,10.18500000,10.16800000,10.18400000,279.00000000,1633795199999,2839.55770000,14,151.30000000,1539.82740000,0
1633795200000,10.18500000,10.20200000,10.16200000,10.18600000,4853.00000000,1633795499999,49437.84640000,66,3275.50000000,33372.61300000,0
1633795500000,10.18600000,10.20500000,10.18600000,10.20500000,2071.00000000,1633795799999,21112.62300000,57,1103.00000000,11244.14300000,0
1633795800000,10.20500000,10.21500000,10.16900000,10.18000000,1806.80000000,1633796099999,18419.12190000,50,859.70000000,8764.67600000,0
1633796100000,10.18200000,10.18800000,10.09800000,10.09800000,3444.70000000,1633796399999,34875.13760000,100,2284.30000000,23114.32350000,0
1633796400000,10.10300000,10.15900000,10.10300000,10.13400000,2740.90000000,1633796699999,27776.34740000,73,1859.50000000,18845.82700000,0
1633796700000,10.13300000,10.13300000,10.11200000,10.13300000,2447.70000000,1633796999999,24783.92030000,45,631.20000000,6392.45130000,0
1633797000000,10.14600000,10.14600000,10.08000000,10.08400000,4646.30000000,1633797299999,46975.82730000,107,1384.70000000,14006.53090000,0
1633797300000,10.08800000,10.10200000,10.08800000,10.09000000,909.20000000,1633797599999,9178.36470000,26,610.60000000,6163.68370000,0
1633797600000,10.08800000,10.11100000,10.06100000,10.06100000,2320.20000000,1633797899999,23417.72980000,62,809.70000000,8166.63240000,0
1633797900000,10.06600000,10.10200000,10.06600000,10.09600000,1595.60000000,1633798199999,16086.17930000,38,1080.10000000,10885.57180000,0
1633798200000,10.08700000,10.11100000,10.08600000,10.09600000,1383.80000000,1633798499999,13969.17320000,44,772.50000000,7798.36830000,0
1633798500000,10.08900000,10.10600000,10.08200000,10.10600000,2052.30000000,1633798799999,20718.63830000,48,1394.00000000,14071.67640000,0
1633798800000,10.11000000,10.13000000,10.07700000,10.11800000,1539.30000000,1633799099999,15553.38620000,55,434.80000000,4391.48070000,0
1633799100000,10.11400000,10.14000000,10.11400000,10.12900000,2058.40000000,1633799399999,20861.92490000,73,1085.50000000,11001.17540000,0
1633799400000,10.13300000,10.13900000,10.13100000,10.13900000,1790.40000000,1633799699999,18146.36230000,57,764.80000000,7751.12290000,0
1633799700000,10.13700000,10.14900000,10.11900000,10.12100000,1183.40000000,1633799999999,11992.39590000,43,561.40000000,5688.41450000,0
1633800000000,10.12100000,10.15200000,10.12100000,10.14700000,2786.30000000,1633800299999,28226.41820000,56,1782.60000000,18051.49090000,0
1633800300000,10.14700000,10.15100000,10.14200000,10.14500000,763.30000000,1633800599999,7744.86670000,29,260.00000000,2638.64150000,0
1633800600000,10.14600000,10.15200000,10.13400000,10.14200000,782.80000000,1633800899999,7939.05280000,28,306.80000000,3112.02690000,0
1633800900000,10.13700000,10.16900000,10.13700000,10.15500000,1389.90000000,1633801199999,14110.16650000,39,1023.20000000,10386.47280000,0
1633801200000,10.15500000,10.15900000,10.08700000,10.09300000,1436.30000000,1633801499999,14545.33660000,46,431.90000000,4367.00150000,0
1633801500000,10.09600000,10.12600000,10.09600000,10.11300000,1397.50000000,1633801799999,14124.17330000,41,774.50000000,7825.50970000,0
1633801800000,10.10400000,10.12500000,10.10400000,10.11300000,1001.40000000,1633802099999,10131.36960000,40,486.20000000,4917.51520000,0
1633802100000,10.11600000,10.14600000,10.11600000,10.12800000,2326.50000000,1633802399999,23575.17450000,73,1433.60000000,14527.14000000,0
1633802400000,10.13100000,10.17200000,10.13100000,10.15000000,2794.90000000,1633802699999,28375.57420000,45,1253.10000000,12727.96770000,0
1633802700000,10.14500000,10.15600000,10.13600000,10.15300000,551.80000000,1633802999999,5599.57010000,16,234.60000000,2380.58440000,0
1633803000000,10.15500000,10.15500000,10.13600000,10.14400000,1373.60000000,1633803299999,13932.62540000,32,499.00000000,5061.26020000,0
1633803300000,10.15000000,10.19400000,10.15000000,10.16300000,3314.70000000,1633803599999,33718.80760000,105,2019.50000000,20545.01130000,0
1633803600000,10.17200000,10.17200000,10.13600000,10.14100000,384.40000000,1633803899999,3902.89640000,32,225.90000000,2293.67690000,0
1633803900000,10.13800000,10.13900000,10.10100000,10.12400000,1171.60000000,1633804199999,11855.01960000,42,223.40000000,2259.01910000,0
1633804200000,10.12700000,10.16000000,10.12600000,10.12900000,875.80000000,1633804499999,8885.52840000,27,420.00000000,4260.04380000,0
1633804500000,10.13300000,10.13300000,10.10000000,10.10000000,2595.20000000,1633804799999,26240.65560000,38,1885.10000000,19058.07180000,0
1633804800000,10.10200000,10.11000000,10.08600000,10.10200000,2500.80000000,1633805099999,25250.88370000,74,1278.70000000,12908.59060000,0
1633805100000,10.11500000,10.15000000,10.11300000,10.15000000,1499.20000000,1633805399999,15184.95470000,43,1032.90000000,10463.98330000,0
1633805400000,10.14300000,10.14500000,10.13500000,10.14500000,635.60000000,1633805699999,6445.22310000,25,152.70000000,1548.68340000,0
1633805700000,10.14300000,10.15700000,10.13700000,10.15700000,1955.40000000,1633805999999,19845.96760000,57,765.80000000,7771.18630000,0
1633806000000,10.15500000,10.17500000,10.14800000,10.15500000,2386.00000000,1633806299999,24242.63510000,62,1315.00000000,13364.41390000,0
1633806300000,10.15800000,10.15800000,10.12900000,10.15000000,907.20000000,1633806599999,9204.40670000,29,416.20000000,4221.90750000,0
1633806600000,10.15600000,10.15900000,10.12500000,10.13800000,942.90000000,1633806899999,9564.60730000,33,414.90000000,4207.23000000,0
1633806900000,10.13600000,10.13600000,10.11300000,10.12600000,1870.00000000,1633807199999,18929.11350000,43,686.60000000,6947.62140000,0
1633807200000,10.12500000,10.12600000,10.10600000,10.11400000,1113.50000000,1633807499999,11262.56810000,32,636.60000000,6437.66340000,0
1633807500000,10.11300000,10.12600000,10.10100000,10.10100000,1713.60000000,1633807799999,17333.11460000,37,1227.20000000,12411.94290000,0
1633807800000,10.10000000,10.12300000,10.09600000,10.10900000,1451.90000000,1633808099999,14678.56550000,35,613.30000000,6196.62460000,0
1633808100000,10.10900000,10.11600000,10.09600000,10.10400000,997.60000000,1633808399999,10083.80680000,31,388.10000000,3922.88410000,0
1633808400000,10.10400000,10.12400000,10.08600000,10.11700000,1908.60000000,1633808699999,19286.14740000,57,827.30000000,8360.52290000,0
1633808700000,10.11900000,10.12500000,10.09100000,10.10000000,1497.30000000,1633808999999,15138.03890000,57,1054.00000000,10656.12390000,0
1633809000000,10.10400000,10.10400000,10.06900000,10.07100000,2805.50000000,1633809299999,28301.01420000,72,997.00000000,10059.12600000,0
1633809300000,10.06800000,10.08600000,10.05100000,10.08000000,1885.00000000,1633809599999,18973.78580000,55,874.00000000,8795.68340000,0
1633809600000,10.06700000,10.06700000,9.99500000,10.02800000,4090.50000000,1633809899999,40991.82020000,157,1837.80000000,18403.58820000,0
1633809900000,10.03200000,10.06500000,10.02600000,10.05200000,6156.80000000,1633810199999,61867.10490000,108,4825.90000000,48492.91580000,0
1633810200000,10.05100000,10.06000000,10.03500000,10.03600000,1919.80000000,1633810499999,19286.82500000,53,819.20000000,8230.68670000,0
1633810500000,10.02900000,10.06000000,10.02100000,10.05200000,1897.50000000,1633810799999,19069.56400000,60,632.70000000,6353.64120000,0
1633810800000,10.06800000,10.08400000,10.06800000,10.08300000,1155.60000000,1633811099999,11643.37040000,27,968.60000000,9759.15330000,0
1633811100000,10.08600000,10.08700000,10.06100000,10.08100000,726.40000000,1633811399999,7319.83230000,15,486.00000000,4897.06680000,0
1633811400000,10.08300000,10.09000000,10.06500000,10.07400000,1507.80000000,1633811699999,15201.53170000,42,212.70000000,2144.68980000,0
1633811700000,10.07300000,10.09100000,10.07100000,10.09100000,1419.50000000,1633811999999,14306.26450000,42,760.30000000,7662.34460000,0
1633812000000,10.09200000,10.09500000,10.07400000,10.08600000,1107.10000000,1633812299999,11166.62900000,42,480.30000000,4841.84390000,0
1633812300000,10.09000000,10.11500000,10.08700000,10.08900000,3747.80000000,1633812599999,37862.80270000,44,730.90000000,7381.29730000,0
1633812600000,10.08700000,10.10200000,10.08300000,10.10100000,472.00000000,1633812899999,4762.86510000,19,322.60000000,3255.86380000,0
1633812900000,10.10700000,10.13100000,10.10000000,10.12700000,1198.10000000,1633813199999,12113.94820000,30,621.50000000,6285.52040000,0
1633813200000,10.13000000,10.13000000,10.10600000,10.11600000,1074.80000000,1633813499999,10871.44450000,33,436.30000000,4413.03720000,0
1633813500000,10.11300000,10.11300000,10.09100000,10.09800000,471.80000000,1633813799999,4763.13560000,20,145.30000000,1467.03530000,0
1633813800000,10.09600000,10.13600000,10.09600000,10.13600000,1782.70000000,1633814099999,18037.15370000,54,1485.70000000,15033.29140000,0
1633814100000,10.13500000,10.14600000,10.12900000,10.13100000,2446.10000000,1633814399999,24794.64230000,78,1066.20000000,10808.09500000,0
1633814400000,10.12900000,10.13000000,10.11500000,10.11900000,948.80000000,1633814699999,9606.09120000,29,441.50000000,4469.30160000,0
1633814700000,10.14400000,10.14800000,10.13800000,10.14600000,473.10000000,1633814999999,4798.20620000,18,218.70000000,2218.13000000,0
1633815000000,10.14800000,10.15000000,10.12400000,10.12400000,452.20000000,1633815299999,4585.09090000,18,222.80000000,2257.89500000,0
1633815300000,10.12600000,10.13400000,10.12500000,10.13400000,800.40000000,1633815599999,8107.55320000,16,778.90000000,7889.77660000,0
1633815600000,10.13500000,10.13600000,10.12600000,10.13500000,761.60000000,1633815899999,7715.13630000,19,233.40000000,2364.20120000,0
1633815900000,10.13500000,10.13900000,10.11900000,10.11900000,936.90000000,1633816199999,9494.01340000,23,211.90000000,2148.26610000,0
1633816200000,10.11800000,10.12400000,10.11500000,10.12400000,183.60000000,1633816499999,1858.18020000,13,127.50000000,1290.44170000,0
1633816500000,10.12400000,10.12900000,10.12400000,10.12600000,521.50000000,1633816799999,5281.15020000,11,204.40000000,2069.74560000,0
1633816800000,10.11700000,10.12300000,10.10000000,10.10500000,4116.70000000,1633817099999,41635.16710000,44,3259.70000000,32968.92790000,0
1633817100000,10.09900000,10.11400000,10.09900000,10.11400000,611.70000000,1633817399999,6180.79870000,14,335.60000000,3390.44360000,0
1633817400000,10.10600000,10.11200000,10.09700000,10.11200000,626.10000000,1633817699999,6326.54850000,17,365.40000000,3692.70280000,0
1633817700000,10.10900000,10.11300000,10.10200000,10.10600000,728.80000000,1633817999999,7366.83130000,17,331.00000000,3344.95070000,0
1633818000000,10.11000000,10.14900000,10.09600000,10.14800000,1730.70000000,1633818299999,17509.47330000,48,1043.20000000,10554.13890000,0
1633818300000,10.15000000,10.15000000,10.13000000,10.13300000,1690.70000000,1633818599999,17139.39910000,54,672.90000000,6819.51210000,0
1633818600000,10.13000000,10.14300000,10.12300000,10.12900000,2140.80000000,1633818899999,21689.48270000,55,1001.10000000,10141.97740000,0
1633818900000,10.12600000,10.12600000,10.11000000,10.11700000,699.40000000,1633819199999,7076.46460000,19,429.90000000,4349.03870000,0
1633819200000,10.12000000,10.14400000,10.11800000,10.14400000,456.00000000,1633819499999,4619.97600000,23,200.80000000,2034.72630000,0
1633819500000,10.14800000,10.16400000,10.13300000,10.16400000,1210.40000000,1633819799999,12284.45750000,25,828.90000000,8415.37320000,0
1633819800000,10.16100000,10.18300000,10.16100000,10.18300000,769.50000000,1633820099999,7829.75520000,22,325.50000000,3310.61740000,0
1633820100000,10.18000000,10.20500000,10.17200000,10.20400000,1101.90000000,1633820399999,11230.52300000,34,406.10000000,4138.44700000,0
1633820400000,10.19100000,10.20100000,10.16800000,10.18800000,659.40000000,1633820699999,6720.55260000,22,75.00000000,764.46220000,0
1633820700000,10.18500000,10.19700000,10.17900000,10.18400000,819.00000000,1633820999999,8345.36410000,20,301.20000000,3067.99450000,0
1633821000000,10.19000000,10.19700000,10.17600000,10.17800000,1463.00000000,1633821299999,14905.62250000,30,776.30000000,7908.99210000,0
1633821300000,10.17600000,10.19600000,10.17500000,10.19600000,520.80000000,1633821599999,5301.82140000,14,244.10000000,2484.77770000,0
1633821600000,10.19500000,10.20500000,10.18300000,10.20000000,405.20000000,1633821899999,4132.09310000,15,120.40000000,1227.07810000,0
1633821900000,10.19900000,10.20000000,10.18300000,10.18400000,461.40000000,1633822199999,4704.55330000,8,350.20000000,3570.48830000,0
1633822200000,10.19300000,10.19300000,10.18100000,10.19000000,853.50000000,1633822499999,8693.23280000,16,610.80000000,6220.65400000,0
1633822500000,10.18700000,10.22400000,10.18300000,10.22000000,936.20000000,1633822799999,9556.90000000,40,428.10000000,4373.09020000,0
1633822800000,10.22100000,10.23500000,10.20200000,10.22000000,1800.20000000,1633823099999,18404.90970000,48,808.10000000,8260.28990000,0
1633823100000,10.22000000,10.24700000,10.21900000,10.23200000,1322.90000000,1633823399999,13537.90950000,46,1217.60000000,12461.71680000,0
1633823400000,10.22700000,10.22700000,10.19000000,10.19200000,834.50000000,1633823699999,8515.34070000,38,161.20000000,1644.72360000,0
1633823700000,10.20200000,10.24400000,10.18600000,10.22400000,1749.50000000,1633823999999,17888.03410000,39,731.30000000,7474.24070000,0
