1643673600000,21.29000000,21.30000000,21.24000000,21.24000000,1453.84000000,1643673659999,30929.19370000,91,613.34000000,13052.83750000,0
1643673660000,21.24000000,21.24000000,21.19000000,21.19000000,6572.12000000,1643673719999,139434.21790000,268,1640.52000000,34808.51690000,0
1643673720000,21.19000000,21.22000000,21.18000000,21.22000000,4795.65000000,1643673779999,101684.65560000,143,4158.42000000,88177.78650000,0
1643673780000,21.22000000,21.27000000,21.22000000,21.27000000,1850.21000000,1643673839999,39304.49660000,117,1342.89000000,28524.45980000,0
1643673840000,21.26000000,21.28000000,21.26000000,21.26000000,591.76000000,1643673899999,12587.52910000,55,319.76000000,6802.20510000,0
1643673900000,21.26000000,21.26000000,21.22000000,21.25000000,624.02000000,1643673959999,13255.26230000,69,236.10000000,5014.52820000,0
1643673960000,21.24000000,21.27000000,21.23000000,21.27000000,467.87000000,1643674019999,9940.66160000,52,365.45000000,7764.85540000,0
1643674020000,21.27000000,21.33000000,21.27000000,21.33000000,4176.95000000,1643674079999,88965.92980000,117,4043.71000000,86127.76650000,0
1643674080000,21.33000000,21.38000000,21.33000000,21.36000000,5256.31000000,1643674139999,112291.99740000,242,4127.74000000,88185.47510000,0
1643674140000,21.35000000,21.40000000,21.35000000,21.37000000,2332.34000000,1643674199999,49858.03910000,168,1517.07000000,32432.08980000,0
1643674200000,21.37000000,21.37000000,21.30000000,21.32000000,4365.13000000,1643674259999,93049.25260000,149,1919.49000000,40909.40290000,0
1643674260000,21.33000000,21.35000000,21.32000000,21.32000000,830.66000000,1643674319999,17720.89010000,67,516.67000000,11022.77550000,0
1643674320000,21.32000000,21.33000000,21.31000000,21.31000000,375.97000000,1643674379999,8016.32890000,57,202.22000000,4311.98830000,0
1643674380000,21.31000000,21.32000000,21.30000000,21.32000000,1694.15000000,1643674439999,36112.26810000,68,513.39000000,10943.07950000,0
1643674440000,21.31000000,21.34000000,21.30000000,21.30000000,657.04000000,1643674499999,14012.93080000,64,401.77000000,8569.81180000,0
1643674500000,21.30000000,21.35000000,21.30000000,21.35000000,7995.28000000,1643674559999,170511.67570000,242,4791.14000000,102146.11890000,0
1643674560000,21.35000000,21.35000000,21.30000000,21.31000000,1360.46000000,1643674619999,29000.30810000,113,263.91000000,5625.20600000,0
1643674620000,21.31000000,21.31000000,21.25000000,21.25000000,906.05000000,1643674679999,19283.79100000,68,89.08000000,1894.79630000,0
1643674680000,21.25000000,21.25000000,21.18000000,21.18000000,6952.18000000,1643674739999,147363.88370000,171,1000.10000000,21221.65380000,0
1643674740000,21.18000000,21.21000000,21.17000000,21.20000000,2275.31000000,1643674799999,48193.80680000,123,865.65000000,18339.14430000,0
1643674800000,21.19000000,21.19000000,21.16000000,21.18000000,3091.82000000,1643674859999,65443.96000000,146,2280.28000000,48269.61400000,0
1643674860000,21.18000000,21.19000000,21.16000000,21.17000000,1253.38000000,1643674919999,26543.62460000,68,356.07000000,7540.14990000,0
1643674920000,21.18000000,21.20000000,21.17000000,21.18000000,1127.78000000,1643674979999,23888.18570000,60,786.79000000,16664.97950000,0
1643674980000,21.18000000,21.21000000,21.18000000,21.20000000,1174.19000000,1643675039999,24888.52900000,79,722.36000000,15309.86610000,0
1643675040000,21.20000000,21.25000000,21.20000000,21.23000000,1327.50000000,1643675099999,28173.70840000,93,814.78000000,17291.67050000,0
1643675100000,21.24000000,21.26000000,21.23000000,21.26000000,1121.07000000,1643675159999,23814.27450000,82,737.86000000,15674.29760000,0
1643675160000,21.24000000,21.26000000,21.24000000,21.25000000,725.06000000,1643675219999,15405.49210000,48,217.93000000,4629.99830000,0
1643675220000,21.25000000,21.27000000,21.24000000,21.25000000,935.32000000,1643675279999,19882.89950000,72,421.11000000,8951.99750000,0
1643675280000,21.25000000,21.27000000,21.24000000,21.26000000,733.17000000,1643675339999,15585.78300000,57,302.08000000,6422.25890000,0
1643675340000,21.26000000,21.28000000,21.25000000,21.27000000,1703.49000000,1643675399999,36223.03450000,90,444.96000000,9461.51470000,0
1643675400000,21.28000000,21.29000000,21.27000000,21.28000000,215.16000000,1643675459999,4578.67530000,25,179.91000000,3828.58440000,0
1643675460000,21.28000000,21.31000000,21.27000000,21.30000000,1039.77000000,1643675519999,22136.05380000,68,562.74000000,11983.82000000,0
1643675520000,21.31000000,21.31000000,21.26000000,21.27000000,1170.97000000,1643675579999,24917.97370000,74,255.47000000,5432.35570000,0
1643675580000,21.27000000,21.27000000,21.25000000,21.25000000,1219.74000000,1643675639999,25933.59950000,63,193.92000000,4121.80990000,0
1643675640000,21.25000000,21.27000000,21.25000000,21.26000000,752.83000000,1643675699999,15998.75850000,72,266.00000000,5653.61280000,0
1643675700000,21.27000000,21.28000000,21.27000000,21.27000000,1069.83000000,1643675759999,22755.51460000,62,395.38000000,8409.96310000,0
1643675760000,21.28000000,21.28000000,21.26000000,21.27000000,330.69000000,1643675819999,7033.93270000,44,50.37000000,1071.55380000,0
1643675820000,21.27000000,21.27000000,21.23000000,21.25000000,615.09000000,1643675879999,13071.31420000,70,196.90000000,4183.00780000,0
1643675880000,21.25000000,21.27000000,21.24000000,21.25000000,511.57000000,1643675939999,10873.71520000,72,307.49000000,6535.86310000,0
1643675940000,21.26000000,21.26000000,21.23000000,21.25000000,1028.98000000,1643675999999,21857.52090000,95,375.53000000,7976.65350000,0
1643676000000,21.24000000,21.24000000,21.23000000,21.24000000,364.09000000,1643676059999,7730.18800000,67,90.02000000,1911.38940000,0
1643676060000,21.24000000,21.24000000,21.22000000,21.22000000,1251.57000000,1643676119999,26575.43700000,123,705.50000000,14982.53580000,0
1643676120000,21.22000000,21.24000000,21.21000000,21.24000000,542.02000000,1643676179999,11504.07720000,94,491.12000000,10424.03740000,0
1643676180000,21.24000000,21.26000000,21.24000000,21.26000000,1484.46000000,1643676239999,31545.26040000,92,892.49000000,18965.95460000,0
1643676240000,21.26000000,21.26000000,21.24000000,21.25000000,537.26000000,1643676299999,11417.10800000,95,35.39000000,752.38050000,0
1643676300000,21.25000000,21.25000000,21.23000000,21.24000000,799.76000000,1643676359999,16981.79350000,105,321.70000000,6831.57550000,0
1643676360000,21.24000000,21.27000000,21.23000000,21.26000000,2678.26000000,1643676419999,56930.62910000,185,2038.21000000,43323.33730000,0
1643676420000,21.26000000,21.27000000,21.25000000,21.26000000,657.81000000,1643676479999,13984.98590000,75,181.90000000,3867.27980000,0
1643676480000,21.26000000,21.36000000,21.26000000,21.33000000,2954.65000000,1643676539999,62961.53910000,192,2389.17000000,50897.14840000,0
1643676540000,21.33000000,21.35000000,21.33000000,21.34000000,1193.88000000,1643676599999,25472.37890000,116,438.40000000,9354.61610000,0
1643676600000,21.34000000,21.35000000,21.32000000,21.34000000,1040.38000000,1643676659999,22190.58420000,122,471.79000000,10064.35980000,0
1643676660000,21.33000000,21.36000000,21.32000000,21.35000000,841.24000000,1643676719999,17950.53870000,101,495.21000000,10569.19130000,0
1643676720000,21.36000000,21.36000000,21.34000000,21.34000000,1494.57000000,1643676779999,31904.34490000,128,460.10000000,9824.30000000,0
1643676780000,21.34000000,21.36000000,21.33000000,21.34000000,517.02000000,1643676839999,11036.30260000,96,212.60000000,4538.99260000,0
1643676840000,21.34000000,21.35000000,21.33000000,21.34000000,332.72000000,1643676899999,7100.55330000,137,217.92000000,4650.93430000,0
1643676900000,21.34000000,21.35000000,21.32000000,21.32000000,1096.90000000,1643676959999,23397.72150000,119,101.80000000,2172.43650000,0
1643676960000,21.32000000,21.32000000,21.31000000,21.32000000,297.72000000,1643677019999,6347.03750000,75,262.43000000,5595.00760000,0
1643677020000,21.32000000,21.35000000,21.32000000,21.32000000,1638.91000000,1643677079999,34952.94800000,132,874.38000000,18645.49560000,0
1643677080000,21.32000000,21.34000000,21.31000000,21.34000000,589.42000000,1643677139999,12563.89780000,119,354.09000000,7548.40850000,0
1643677140000,21.34000000,21.35000000,21.33000000,21.33000000,381.43000000,1643677199999,8138.02950000,72,107.09000000,2285.48320000,0
1643677200000,21.33000000,21.36000000,21.30000000,21.36000000,3450.84000000,1643677259999,73618.85010000,159,3048.16000000,65039.00910000,0
1643677260000,21.36000000,21.37000000,21.35000000,21.37000000,1405.79000000,1643677319999,30021.43760000,128,614.22000000,13118.75400000,0
1643677320000,21.36000000,21.37000000,21.31000000,21.32000000,825.52000000,1643677379999,17618.99740000,123,118.94000000,2538.17590000,0
1643677380000,21.33000000,21.34000000,21.33000000,21.34000000,1283.55000000,1643677439999,27384.82710000,127,708.35000000,15111.19420000,0
1643677440000,21.33000000,21.35000000,21.32000000,21.35000000,278.38000000,1643677499999,5938.50850000,88,197.70000000,4217.63430000,0
1643677500000,21.35000000,21.35000000,21.33000000,21.35000000,223.63000000,1643677559999,4772.26780000,77,143.51000000,3062.62450000,0
1643677560000,21.35000000,21.37000000,21.34000000,21.37000000,989.52000000,1643677619999,21131.38390000,132,719.56000000,15366.26480000,0
1643677620000,21.37000000,21.39000000,21.36000000,21.37000000,667.46000000,1643677679999,14268.01550000,115,396.26000000,8470.56740000,0
1643677680000,21.37000000,21.37000000,21.35000000,21.35000000,636.13000000,1643677739999,13586.55840000,123,323.63000000,6913.53300000,0
1643677740000,21.36000000,21.37000000,21.35000000,21.35000000,827.55000000,1643677799999,17676.35760000,95,592.48000000,12655.59120000,0
1643677800000,21.34000000,21.38000000,21.34000000,21.35000000,2448.49000000,1643677859999,52288.27320000,171,752.79000000,16078.50790000,0
1643677860000,21.35000000,21.35000000,21.33000000,21.34000000,242.16000000,1643677919999,5167.92400000,82,113.60000000,2424.49650000,0
1643677920000,21.35000000,21.35000000,21.34000000,21.35000000,336.01000000,1643677979999,7172.63550000,94,218.21000000,4658.78350000,0
1643677980000,21.36000000,21.37000000,21.34000000,21.36000000,1534.79000000,1643678039999,32774.45680000,131,1212.78000000,25898.94830000,0
1643678040000,21.36000000,21.39000000,21.34000000,21.38000000,6432.46000000,1643678099999,137446.03510000,193,5674.75000000,121252.05220000,0
1643678100000,21.38000000,21.46000000,21.38000000,21.41000000,2507.91000000,1643678159999,53753.73290000,266,1397.33000000,29951.22310000,0
1643678160000,21.40000000,21.42000000,21.38000000,21.42000000,1346.55000000,1643678219999,28814.48420000,129,846.25000000,18109.58610000,0
1643678220000,21.43000000,21.43000000,21.38000000,21.39000000,737.87000000,1643678279999,15793.02340000,164,388.78000000,8322.59770000,0
1643678280000,21.39000000,21.41000000,21.39000000,21.40000000,761.31000000,1643678339999,16291.84220000,104,375.77000000,8041.67470000,0
1643678340000,21.40000000,21.42000000,21.39000000,21.41000000,625.13000000,1643678399999,13381.33530000,122,535.28000000,11457.75360000,0
1643678400000,21.41000000,21.42000000,21.38000000,21.39000000,750.03000000,1643678459999,16048.07830000,149,330.71000000,7078.76980000,0
1643678460000,21.39000000,21.40000000,21.36000000,21.37000000,1164.48000000,1643678519999,24905.60270000,177,613.73000000,13127.50820000,0
1643678520000,21.37000000,21.41000000,21.37000000,21.41000000,935.26000000,1643678579999,20004.74440000,139,835.34000000,17867.90510000,0
1643678580000,21.41000000,21.42000000,21.41000000,21.41000000,426.91000000,1643678639999,9140.87570000,92,189.16000000,4050.64820000,0
1643678640000,21.41000000,21.42000000,21.40000000,21.40000000,874.75000000,1643678699999,18733.81700000,126,680.15000000,14568.22290000,0
1643678700000,21.40000000,21.42000000,21.39000000,21.39000000,1516.72000000,1643678759999,32464.74810000,204,418.44000000,8957.21900000,0
1643678760000,21.40000000,21.43000000,21.39000000,21.43000000,3614.50000000,1643678819999,77378.14110000,232,2765.72000000,59214.62210000,0
1643678820000,21.43000000,21.43000000,21.40000000,21.41000000,482.42000000,1643678879999,10332.14520000,106,110.17000000,2360.22250000,0
1643678880000,21.41000000,21.46000000,21.41000000,21.46000000,1931.05000000,1643678939999,41377.84480000,153,1283.08000000,27496.07050000,0
1643678940000,21.46000000,21.51000000,21.46000000,21.47000000,1810.00000000,1643678999999,38895.70510000,221,612.76000000,13172.50240000,0
1643679000000,21.47000000,21.48000000,21.43000000,21.44000000,1137.27000000,1643679059999,24393.76940000,194,477.68000000,10248.07220000,0
1643679060000,21.44000000,21.46000000,21.43000000,21.45000000,1424.40000000,1643679119999,30545.65770000,170,1066.98000000,22883.00230000,0
1643679120000,21.45000000,21.46000000,21.44000000,21.45000000,880.34000000,1643679179999,18881.16890000,139,393.01000000,8430.37390000,0
1643679180000,21.46000000,21.46000000,21.44000000,21.44000000,550.77000000,1643679239999,11811.40320000,91,216.45000000,4642.65410000,0
1643679240000,21.44000000,21.44000000,21.42000000,21.43000000,1141.27000000,1643679299999,24457.97180000,131,350.48000000,7512.09110000,0
1643679300000,21.43000000,21.43000000,21.40000000,21.41000000,575.90000000,1643679359999,12330.03310000,97,310.44000000,6646.86620000,0
1643679360000,21.41000000,21.42000000,21.39000000,21.41000000,1385.89000000,1643679419999,29665.88530000,137,755.66000000,16177.69190000,0
1643679420000,21.41000000,21.42000000,21.40000000,21.42000000,492.36000000,1643679479999,10541.54690000,98,117.39000000,2514.06970000,0
1643679480000,21.42000000,21.42000000,21.41000000,21.41000000,2736.41000000,1643679539999,58592.13680000,142,1340.96000000,28714.66400000,0
1643679540000,21.41000000,21.43000000,21.40000000,21.42000000,1476.01000000,1643679599999,31623.91100000,135,1366.08000000,29269.33300000,0
1643679600000,21.43000000,21.44000000,21.40000000,21.42000000,1431.24000000,1643679659999,30656.80620000,178,434.47000000,9308.38220000,0
1643679660000,21.42000000,21.43000000,21.39000000,21.40000000,977.26000000,1643679719999,20924.78970000,152,427.38000000,9152.88420000,0
1643679720000,21.39000000,21.40000000,21.39000000,21.39000000,380.76000000,1643679779999,8145.58370000,108,170.47000000,3647.48060000,0
1643679780000,21.39000000,21.40000000,21.38000000,21.40000000,1127.93000000,1643679839999,24128.88200000,110,925.63000000,19801.82070000,0
1643679840000,21.40000000,21.40000000,21.38000000,21.39000000,533.57000000,1643679899999,11413.11200000,116,386.19000000,8260.88850000,0
1643679900000,21.39000000,21.39000000,21.37000000,21.38000000,400.66000000,1643679959999,8566.57130000,95,265.20000000,5670.53090000,0
1643679960000,21.38000000,21.38000000,21.31000000,21.33000000,4501.86000000,1643680019999,96081.28500000,289,1611.45000000,34406.98010000,0
1643680020000,21.33000000,21.33000000,21.26000000,21.27000000,9400.95000000,1643680079999,200079.86210000,293,1190.88000000,25360.70970000,0
1643680080000,21.27000000,21.28000000,21.25000000,21.26000000,963.34000000,1643680139999,20488.07190000,116,191.23000000,4067.19630000,0
1643680140000,21.26000000,21.26000000,21.24000000,21.25000000,913.35000000,1643680199999,19410.79200000,124,479.10000000,10183.60230000,0
1643680200000,21.25000000,21.25000000,21.22000000,21.23000000,1352.73000000,1643680259999,28718.91680000,126,377.21000000,8009.66200000,0
1643680260000,21.23000000,21.27000000,21.22000000,21.27000000,1454.50000000,1643680319999,30893.99750000,165,1272.54000000,27030.03950000,0
1643680320000,21.27000000,21.28000000,21.24000000,21.24000000,5099.33000000,1643680379999,108372.40370000,203,1031.47000000,21918.37070000,0
1643680380000,21.24000000,21.25000000,21.24000000,21.25000000,1676.36000000,1643680439999,35609.75750000,78,1564.83000000,33240.86030000,0
1643680440000,21.25000000,21.29000000,21.24000000,21.24000000,2749.36000000,1643680499999,58447.82370000,194,1616.25000000,34352.84400000,0
1643680500000,21.24000000,21.27000000,21.24000000,21.27000000,736.10000000,1643680559999,15647.67490000,101,417.69000000,8879.27810000,0
1643680560000,21.27000000,21.28000000,21.27000000,21.27000000,464.91000000,1643680619999,9889.75670000,89,193.14000000,4109.20880000,0
1643680620000,21.27000000,21.28000000,21.25000000,21.26000000,1329.04000000,1643680679999,28266.48480000,115,740.22000000,15743.45000000,0
1643680680000,21.27000000,21.29000000,21.27000000,21.28000000,313.50000000,1643680739999,6671.73420000,76,253.26000000,5389.87210000,0
1643680740000,21.28000000,21.30000000,21.27000000,21.29000000,1010.33000000,1643680799999,21502.03690000,100,843.69000000,17955.16190000,0
1643680800000,21.29000000,21.29000000,21.26000000,21.26000000,1645.60000000,1643680859999,35010.71590000,149,707.63000000,15057.85240000,0
1643680860000,21.26000000,21.28000000,21.26000000,21.27000000,531.97000000,1643680919999,11312.54760000,75,307.27000000,6534.94350000,0
1643680920000,21.27000000,21.29000000,21.27000000,21.29000000,1185.61000000,1643680979999,25225.84750000,116,968.21000000,20600.09680000,0
1643680980000,21.30000000,21.31000000,21.28000000,21.29000000,1316.29000000,1643681039999,28040.68250000,128,757.16000000,16131.11790000,0
1643681040000,21.28000000,21.30000000,21.27000000,21.28000000,816.81000000,1643681099999,17385.62630000,100,400.33000000,8521.36010000,0
1643681100000,21.28000000,21.30000000,21.27000000,21.28000000,823.97000000,1643681159999,17537.77020000,83,607.84000000,12937.56350000,0
1643681160000,21.28000000,21.28000000,21.25000000,21.26000000,588.77000000,1643681219999,12520.34240000,91,313.92000000,6676.22110000,0
1643681220000,21.26000000,21.27000000,21.25000000,21.27000000,1338.92000000,1643681279999,28466.31670000,113,646.86000000,13753.18440000,0
1643681280000,21.27000000,21.28000000,21.26000000,21.28000000,951.50000000,1643681339999,20239.57260000,99,803.29000000,17087.21110000,0
1643681340000,21.28000000,21.30000000,21.27000000,21.30000000,883.99000000,1643681399999,18816.64610000,98,688.26000000,14650.04720000,0
1643681400000,21.30000000,21.30000000,21.28000000,21.29000000,592.65000000,1643681459999,12618.44130000,77,388.43000000,8270.60310000,0
1643681460000,21.29000000,21.32000000,21.29000000,21.31000000,1241.74000000,1643681519999,26450.89380000,56,974.36000000,20755.82750000,0
1643681520000,21.32000000,21.35000000,21.32000000,21.35000000,1354.14000000,1643681579999,28890.74240000,93,741.07000000,15809.43510000,0
1643681580000,21.35000000,21.36000000,21.33000000,21.36000000,1311.39000000,1643681639999,27996.44330000,95,1113.41000000,23771.20250000,0
1643681640000,21.36000000,21.36000000,21.34000000,21.35000000,271.25000000,1643681699999,5791.73060000,39,202.79000000,4330.39990000,0
1643681700000,21.35000000,21.38000000,21.35000000,21.36000000,2030.12000000,1643681759999,43380.70050000,127,1289.68000000,27559.25440000,0
1643681760000,21.35000000,21.38000000,21.35000000,21.38000000,2346.06000000,1643681819999,50126.27360000,105,1822.30000000,38936.46100000,0
1643681820000,21.37000000,21.38000000,21.36000000,21.37000000,559.05000000,1643681879999,11947.14640000,64,297.95000000,6367.52320000,0
1643681880000,21.37000000,21.38000000,21.36000000,21.38000000,935.87000000,1643681939999,20001.43050000,90,631.80000000,13503.51940000,0
1643681940000,21.38000000,21.38000000,21.37000000,21.38000000,418.76000000,1643681999999,8952.38980000,56,296.09000000,6330.40420000,0
1643682000000,21.39000000,21.39000000,21.37000000,21.37000000,618.79000000,1643682059999,13227.74150000,65,345.09000000,7377.35700000,0
1643682060000,21.37000000,21.38000000,21.36000000,21.37000000,477.07000000,1643682119999,10194.93000000,68,324.64000000,6938.46380000,0
1643682120000,21.37000000,21.39000000,21.37000000,21.37000000,1448.38000000,1643682179999,30958.31820000,75,590.45000000,12619.55020000,0
1643682180000,21.38000000,21.38000000,21.36000000,21.38000000,326.92000000,1643682239999,6987.47270000,47,264.16000000,5646.35950000,0
1643682240000,21.38000000,21.38000000,21.37000000,21.37000000,157.28000000,1643682299999,3362.56680000,19,149.32000000,3192.46160000,0
1643682300000,21.38000000,21.38000000,21.37000000,21.37000000,1197.65000000,1643682359999,25598.63260000,76,309.42000000,6615.37350000,0
1643682360000,21.37000000,21.39000000,21.36000000,21.38000000,886.15000000,1643682419999,18939.13710000,76,639.50000000,13667.65080000,0
1643682420000,21.38000000,21.38000000,21.35000000,21.35000000,654.51000000,1643682479999,13982.64220000,45,126.99000000,2714.09940000,0
1643682480000,21.36000000,21.36000000,21.35000000,21.36000000,177.12000000,1643682539999,3783.21400000,27,170.20000000,3635.47200000,0
1643682540000,21.36000000,21.36000000,21.35000000,21.36000000,619.24000000,1643682599999,13226.23750000,37,490.68000000,10480.92480000,0
1643682600000,21.36000000,21.36000000,21.34000000,21.34000000,312.36000000,1643682659999,6669.13720000,53,115.54000000,2467.89920000,0
1643682660000,21.34000000,21.36000000,21.34000000,21.36000000,172.13000000,1643682719999,3674.88350000,32,159.26000000,3400.23770000,0
1643682720000,21.35000000,21.37000000,21.35000000,21.35000000,818.29000000,1643682779999,17477.09670000,79,548.16000000,11708.77360000,0
1643682780000,21.36000000,21.38000000,21.34000000,21.38000000,1372.17000000,1643682839999,29315.38220000,107,773.82000000,16533.28410000,0
1643682840000,21.38000000,21.40000000,21.37000000,21.40000000,999.96000000,1643682899999,21388.26550000,57,385.00000000,8234.42510000,0
1643682900000,21.40000000,21.40000000,21.36000000,21.37000000,1354.73000000,1643682959999,28968.02490000,84,504.32000000,10781.92750000,0
1643682960000,21.37000000,21.39000000,21.37000000,21.38000000,2266.21000000,1643683019999,48447.11420000,93,1852.72000000,39606.89270000,0
1643683020000,21.39000000,21.40000000,21.37000000,21.39000000,591.14000000,1643683079999,12641.66780000,71,288.49000000,6170.62250000,0
1643683080000,21.39000000,21.40000000,21.38000000,21.39000000,2645.28000000,1643683139999,56565.59840000,85,487.11000000,10418.30260000,0
1643683140000,21.39000000,21.41000000,21.38000000,21.40000000,3359.20000000,1643683199999,71876.83980000,118,2987.89000000,63932.59280000,0
1643683200000,21.40000000,21.40000000,21.35000000,21.36000000,4665.06000000,1643683259999,99738.99610000,143,1095.03000000,23403.24710000,0
1643683260000,21.36000000,21.36000000,21.33000000,21.35000000,1394.91000000,1643683319999,29782.32570000,89,1035.66000000,22114.20030000,0
1643683320000,21.35000000,21.37000000,21.34000000,21.35000000,1435.66000000,1643683379999,30645.88370000,81,587.82000000,12551.37580000,0
1643683380000,21.35000000,21.37000000,21.35000000,21.36000000,2397.04000000,1643683439999,51199.29400000,122,1454.24000000,31062.04040000,0
1643683440000,21.36000000,21.37000000,21.34000000,21.35000000,891.82000000,1643683499999,19044.77240000,61,528.36000000,11283.84400000,0
1643683500000,21.35000000,21.36000000,21.34000000,21.36000000,1263.35000000,1643683559999,26973.85540000,91,693.32000000,14805.04840000,0
1643683560000,21.36000000,21.37000000,21.35000000,21.36000000,301.61000000,1643683619999,6442.94880000,44,202.88000000,4334.11290000,0
1643683620000,21.36000000,21.36000000,21.35000000,21.36000000,384.67000000,1643683679999,8216.53740000,29,383.29000000,8187.07440000,0
1643683680000,21.35000000,21.36000000,21.33000000,21.35000000,1033.69000000,1643683739999,22061.45930000,85,328.09000000,7003.62750000,0
1643683740000,21.35000000,21.36000000,21.34000000,21.36000000,801.02000000,1643683799999,17095.11980000,62,352.84000000,7530.93250000,0
1643683800000,21.36000000,21.36000000,21.34000000,21.34000000,384.25000000,1643683859999,8203.04030000,33,33.26000000,710.19080000,0
1643683860000,21.34000000,21.40000000,21.34000000,21.38000000,2158.58000000,1643683919999,46119.42760000,145,1776.16000000,37940.35820000,0
1643683920000,21.38000000,21.39000000,21.35000000,21.37000000,1528.10000000,1643683979999,32650.65400000,98,1009.15000000,21563.90520000,0
1643683980000,21.38000000,21.38000000,21.36000000,21.37000000,520.54000000,1643684039999,11123.96870000,57,191.28000000,4087.79270000,0
1643684040000,21.37000000,21.38000000,21.36000000,21.37000000,130.46000000,1643684099999,2787.93660000,19,31.64000000,676.18570000,0
1643684100000,21.38000000,21.38000000,21.36000000,21.37000000,611.08000000,1643684159999,13062.24070000,50,326.37000000,6977.40130000,0
1643684160000,21.38000000,21.39000000,21.37000000,21.39000000,467.00000000,1643684219999,9984.40980000,55,222.26000000,4751.94300000,0
1643684220000,21.39000000,21.39000000,21.37000000,21.39000000,1145.02000000,1643684279999,24477.49190000,69,389.48000000,8327.59450000,0
1643684280000,21.39000000,21.40000000,21.37000000,21.39000000,469.70000000,1643684339999,10043.13460000,48,149.31000000,3193.17100000,0
1643684340000,21.38000000,21.40000000,21.38000000,21.39000000,410.26000000,1643684399999,8775.72100000,50,184.97000000,3956.80990000,0
1643684400000,21.39000000,21.39000000,21.36000000,21.36000000,2828.32000000,1643684459999,60433.29750000,82,627.55000000,13406.97390000,0
1643684460000,21.36000000,21.36000000,21.35000000,21.35000000,517.99000000,1643684519999,11063.07500000,45,197.17000000,4211.55120000,0
1643684520000,21.36000000,21.36000000,21.33000000,21.34000000,429.73000000,1643684579999,9173.72650000,49,144.29000000,3081.46330000,0
1643684580000,21.34000000,21.35000000,21.33000000,21.33000000,890.91000000,1643684639999,19011.94020000,66,682.21000000,14558.37310000,0
1643684640000,21.34000000,21.34000000,21.32000000,21.34000000,346.17000000,1643684699999,7383.91160000,35,199.60000000,4257.65880000,0
1643684700000,21.34000000,21.34000000,21.32000000,21.32000000,1646.57000000,1643684759999,35116.91460000,91,1193.91000000,25463.26970000,0
1643684760000,21.33000000,21.33000000,21.32000000,21.33000000,935.00000000,1643684819999,19943.23750000,61,392.46000000,8371.17180000,0
1643684820000,21.32000000,21.34000000,21.32000000,21.33000000,702.03000000,1643684879999,14976.96220000,43,323.59000000,6904.89110000,0
1643684880000,21.33000000,21.37000000,21.32000000,21.37000000,2503.41000000,1643684939999,53466.66430000,131,1874.32000000,40029.84690000,0
1643684940000,21.37000000,21.48000000,21.37000000,21.43000000,7567.95000000,1643684999999,162072.31570000,330,6115.92000000,130934.16210000,0
1643685000000,21.43000000,21.45000000,21.43000000,21.44000000,1932.88000000,1643685059999,41435.54760000,122,1363.74000000,29235.05250000,0
1643685060000,21.44000000,21.46000000,21.43000000,21.45000000,2183.45000000,1643685119999,46832.70400000,81,1142.22000000,24507.46460000,0
1643685120000,21.45000000,21.46000000,21.43000000,21.44000000,807.88000000,1643685179999,17323.22490000,78,338.40000000,7257.43220000,0
1643685180000,21.43000000,21.46000000,21.43000000,21.45000000,1532.63000000,1643685239999,32864.10230000,100,451.85000000,9690.62970000,0
1643685240000,21.45000000,21.45000000,21.42000000,21.44000000,402.77000000,1643685299999,8635.20950000,53,237.39000000,5089.83380000,0
1643685300000,21.44000000,21.46000000,21.43000000,21.44000000,1375.86000000,1643685359999,29504.15530000,98,361.59000000,7755.63450000,0
1643685360000,21.44000000,21.45000000,21.42000000,21.43000000,3362.45000000,1643685419999,72060.92200000,121,1647.85000000,35314.13130000,0
1643685420000,21.42000000,21.44000000,21.41000000,21.42000000,1267.40000000,1643685479999,27152.16580000,103,470.14000000,10073.11780000,0
1643685480000,21.42000000,21.44000000,21.42000000,21.44000000,426.54000000,1643685539999,9137.91700000,33,62.94000000,1348.87450000,0
1643685540000,21.44000000,21.44000000,21.42000000,21.44000000,423.13000000,1643685599999,9068.24530000,45,318.03000000,6815.96230000,0
1643685600000,21.44000000,21.45000000,21.43000000,21.45000000,1542.95000000,1643685659999,33084.98970000,86,1015.46000000,21775.43720000,0
1643685660000,21.46000000,21.59000000,21.45000000,21.59000000,9248.75000000,1643685719999,199237.96450000,486,7571.96000000,163100.14870000,0
1643685720000,21.59000000,21.59000000,21.52000000,21.53000000,2362.95000000,1643685779999,50931.56280000,237,443.35000000,9552.35900000,0
1643685780000,21.53000000,21.54000000,21.51000000,21.52000000,1348.91000000,1643685839999,29032.11470000,104,585.94000000,12611.23170000,0
1643685840000,21.52000000,21.53000000,21.50000000,21.50000000,1267.72000000,1643685899999,27273.81020000,66,220.75000000,4751.46710000,0
1643685900000,21.51000000,21.51000000,21.49000000,21.50000000,761.32000000,1643685959999,16368.15500000,56,579.60000000,12461.62160000,0
1643685960000,21.50000000,21.51000000,21.49000000,21.49000000,423.10000000,1643686019999,9095.51520000,34,294.47000000,6331.09150000,0
1643686020000,21.48000000,21.49000000,21.46000000,21.47000000,967.02000000,1643686079999,20772.86270000,56,824.75000000,17717.58430000,0
1643686080000,21.47000000,21.47000000,21.45000000,21.45000000,640.98000000,1643686139999,13757.26060000,47,130.51000000,2800.74460000,0
1643686140000,21.45000000,21.47000000,21.44000000,21.47000000,460.98000000,1643686199999,9890.92160000,57,350.69000000,7525.39640000,0
1643686200000,21.46000000,21.47000000,21.44000000,21.46000000,1754.74000000,1643686259999,37650.85720000,190,849.52000000,18230.05050000,0
1643686260000,21.46000000,21.46000000,21.44000000,21.45000000,261.43000000,1643686319999,5607.73740000,50,59.85000000,1284.07550000,0
1643686320000,21.44000000,21.48000000,21.44000000,21.45000000,1256.25000000,1643686379999,26953.42380000,101,969.03000000,20791.55550000,0
1643686380000,21.45000000,21.45000000,21.43000000,21.44000000,1489.91000000,1643686439999,31953.00110000,128,956.26000000,20509.94450000,0
1643686440000,21.44000000,21.45000000,21.42000000,21.43000000,433.66000000,1643686499999,9294.61280000,50,48.86000000,1047.63290000,0
1643686500000,21.43000000,21.44000000,21.41000000,21.42000000,871.67000000,1643686559999,18675.35210000,94,568.98000000,12190.91680000,0
1643686560000,21.42000000,21.45000000,21.42000000,21.43000000,707.80000000,1643686619999,15172.61210000,47,230.02000000,4930.75580000,0
1643686620000,21.43000000,21.44000000,21.42000000,21.43000000,965.44000000,1643686679999,20691.50920000,88,320.68000000,6874.56080000,0
1643686680000,21.43000000,21.44000000,21.41000000,21.42000000,1166.79000000,1643686739999,24997.50920000,150,523.95000000,11224.57700000,0
1643686740000,21.41000000,21.41000000,21.38000000,21.39000000,1353.88000000,1643686799999,28966.73160000,100,411.12000000,8795.36240000,0
1643686800000,21.39000000,21.41000000,21.39000000,21.41000000,287.45000000,1643686859999,6152.40640000,36,192.54000000,4121.55680000,0
1643686860000,21.42000000,21.44000000,21.40000000,21.43000000,2243.31000000,1643686919999,48052.96040000,128,966.15000000,20697.45630000,0
1643686920000,21.42000000,21.42000000,21.41000000,21.41000000,558.21000000,1643686979999,11953.38750000,62,223.53000000,4787.44770000,0
1643686980000,21.41000000,21.44000000,21.40000000,21.43000000,1020.57000000,1643687039999,21861.14770000,90,383.94000000,8224.94080000,0
1643687040000,21.43000000,21.46000000,21.42000000,21.44000000,1072.02000000,1643687099999,22988.16910000,72,444.95000000,9541.38180000,0
1643687100000,21.45000000,21.45000000,21.43000000,21.45000000,712.35000000,1643687159999,15275.89450000,53,516.04000000,11067.42250000,0
1643687160000,21.45000000,21.45000000,21.44000000,21.45000000,482.43000000,1643687219999,10345.09740000,42,179.82000000,3857.13900000,0
1643687220000,21.45000000,21.54000000,21.45000000,21.49000000,6528.62000000,1643687279999,140450.10190000,263,4486.86000000,96515.32010000,0
1643687280000,21.50000000,21.51000000,21.47000000,21.48000000,503.34000000,1643687339999,10814.19070000,71,251.52000000,5403.01880000,0
1643687340000,21.48000000,21.49000000,21.48000000,21.49000000,607.66000000,1643687399999,13057.41350000,74,278.17000000,5977.87330000,0
1643687400000,21.49000000,21.50000000,21.48000000,21.49000000,1409.47000000,1643687459999,30296.27880000,74,869.65000000,18696.19640000,0
1643687460000,21.48000000,21.50000000,21.48000000,21.50000000,706.24000000,1643687519999,15181.81400000,51,178.34000000,3833.55210000,0
1643687520000,21.50000000,21.50000000,21.47000000,21.47000000,1430.41000000,1643687579999,30737.58020000,81,951.50000000,20448.15660000,0
1643687580000,21.47000000,21.48000000,21.46000000,21.48000000,1693.78000000,1643687639999,36364.76510000,91,594.25000000,12758.73570000,0
1643687640000,21.48000000,21.48000000,21.45000000,21.46000000,687.73000000,1643687699999,14763.82320000,41,443.61000000,9524.14130000,0
1643687700000,21.47000000,21.47000000,21.46000000,21.46000000,1796.99000000,1643687759999,38568.31620000,103,770.31000000,16533.60460000,0
1643687760000,21.45000000,21.50000000,21.45000000,21.50000000,1704.46000000,1643687819999,36603.51730000,101,1390.28000000,29854.04660000,0
1643687820000,21.50000000,21.50000000,21.47000000,21.47000000,1666.83000000,1643687879999,35808.47720000,81,1316.65000000,28285.18230000,0
1643687880000,21.47000000,21.47000000,21.45000000,21.46000000,666.30000000,1643687939999,14298.89490000,48,347.06000000,7447.96000000,0
1643687940000,21.46000000,21.46000000,21.45000000,21.45000000,963.83000000,1643687999999,20677.71220000,59,91.91000000,1972.38860000,0
1643688000000,21.46000000,21.47000000,21.45000000,21.45000000,491.57000000,1643688059999,10549.02280000,27,235.63000000,5056.66710000,0
1643688060000,21.45000000,21.47000000,21.45000000,21.46000000,431.52000000,1643688119999,9260.11780000,54,283.38000000,6081.44440000,0
1643688120000,21.46000000,21.47000000,21.45000000,21.46000000,2088.50000000,1643688179999,44819.85880000,62,751.15000000,16120.45190000,0
1643688180000,21.46000000,21.46000000,21.45000000,21.46000000,375.85000000,1643688239999,8065.59970000,35,130.65000000,2803.74900000,0
1643688240000,21.45000000,21.48000000,21.45000000,21.47000000,703.10000000,1643688299999,15091.87920000,31,459.43000000,9863.76090000,0
1643688300000,21.47000000,21.47000000,21.45000000,21.47000000,252.31000000,1643688359999,5414.55860000,28,133.77000000,2870.74280000,0
1643688360000,21.46000000,21.52000000,21.46000000,21.50000000,753.00000000,1643688419999,16187.44070000,93,518.90000000,11153.60240000,0
1643688420000,21.50000000,21.50000000,21.48000000,21.48000000,572.88000000,1643688479999,12313.12250000,42,68.41000000,1470.13090000,0
1643688480000,21.47000000,21.48000000,21.46000000,21.48000000,1130.98000000,1643688539999,24284.78590000,63,854.31000000,18344.73400000,0
1643688540000,21.48000000,21.48000000,21.46000000,21.48000000,152.06000000,1643688599999,3265.25300000,28,114.75000000,2464.25660000,0
1643688600000,21.48000000,21.48000000,21.46000000,21.46000000,245.62000000,1643688659999,5274.38920000,39,112.17000000,2409.39130000,0
1643688660000,21.47000000,21.47000000,21.46000000,21.46000000,884.44000000,1643688719999,18983.13800000,51,148.54000000,3189.15380000,0
1643688720000,21.46000000,21.48000000,21.46000000,21.46000000,248.71000000,1643688779999,5339.29970000,41,130.11000000,2793.47290000,0
1643688780000,21.48000000,21.48000000,21.46000000,21.46000000,335.02000000,1643688839999,7192.95060000,34,166.77000000,3580.71830000,0
1643688840000,21.46000000,21.46000000,21.45000000,21.45000000,273.76000000,1643688899999,5874.77720000,51,100.00000000,2146.00000000,0
1643688900000,21.45000000,21.46000000,21.40000000,21.40000000,2924.05000000,1643688959999,62677.14230000,184,944.41000000,20238.61660000,0
1643688960000,21.40000000,21.40000000,21.39000000,21.40000000,463.19000000,1643689019999,9911.81080000,76,194.33000000,4158.66200000,0
1643689020000,21.40000000,21.40000000,21.38000000,21.38000000,1399.68000000,1643689079999,29946.27300000,92,704.64000000,15079.07690000,0
1643689080000,21.39000000,21.40000000,21.38000000,21.39000000,510.42000000,1643689139999,10917.59640000,48,284.29000000,6080.96920000,0
1643689140000,21.39000000,21.39000000,21.36000000,21.37000000,461.45000000,1643689199999,9863.25910000,46,150.54000000,3217.59750000,0
1643689200000,21.37000000,21.37000000,21.34000000,21.35000000,1336.73000000,1643689259999,28547.29150000,165,460.76000000,9838.59370000,0
1643689260000,21.35000000,21.36000000,21.34000000,21.35000000,2241.16000000,1643689319999,47853.72540000,102,1658.22000000,35408.54420000,0
1643689320000,21.34000000,21.35000000,21.33000000,21.33000000,620.25000000,1643689379999,13234.91700000,79,285.76000000,6098.18050000,0
1643689380000,21.34000000,21.36000000,21.33000000,21.33000000,625.43000000,1643689439999,13351.58060000,89,209.79000000,4479.01240000,0
1643689440000,21.34000000,21.35000000,21.33000000,21.35000000,517.43000000,1643689499999,11042.97390000,43,440.76000000,9406.85620000,0
1643689500000,21.34000000,21.35000000,21.33000000,21.34000000,595.90000000,1643689559999,12716.61720000,57,207.26000000,4423.05240000,0
1643689560000,21.34000000,21.34000000,21.32000000,21.34000000,756.42000000,1643689619999,16138.94520000,87,537.24000000,11463.36120000,0
1643689620000,21.35000000,21.36000000,21.34000000,21.34000000,624.76000000,1643689679999,13335.40140000,62,263.03000000,5615.69610000,0
1643689680000,21.35000000,21.36000000,21.34000000,21.35000000,689.29000000,1643689739999,14713.90940000,85,192.85000000,4117.47200000,0
1643689740000,21.35000000,21.36000000,21.34000000,21.35000000,522.52000000,1643689799999,11155.71640000,51,313.17000000,6686.18440000,0
1643689800000,21.35000000,21.36000000,21.30000000,21.30000000,2365.90000000,1643689859999,50484.38350000,207,1437.21000000,30673.31980000,0
1643689860000,21.31000000,21.32000000,21.30000000,21.30000000,5026.95000000,1643689919999,107107.87250000,230,1371.61000000,29229.71920000,0
1643689920000,21.31000000,21.32000000,21.31000000,21.31000000,1606.14000000,1643689979999,34227.73830000,82,833.05000000,17753.19040000,0
1643689980000,21.32000000,21.33000000,21.31000000,21.31000000,726.10000000,1643690039999,15480.32320000,61,595.59000000,12697.99590000,0
1643690040000,21.32000000,21.34000000,21.31000000,21.33000000,888.18000000,1643690099999,18938.65950000,66,664.50000000,14171.84710000,0
1643690100000,21.34000000,21.35000000,21.33000000,21.33000000,701.84000000,1643690159999,14977.96520000,61,227.90000000,4864.20100000,0
1643690160000,21.33000000,21.36000000,21.33000000,21.34000000,1376.20000000,1643690219999,29373.74510000,91,489.25000000,10445.55940000,0
1643690220000,21.35000000,21.36000000,21.34000000,21.36000000,386.56000000,1643690279999,8253.67590000,35,319.89000000,6830.69040000,0
1643690280000,21.36000000,21.37000000,21.35000000,21.36000000,1155.09000000,1643690339999,24676.35860000,77,819.44000000,17506.97460000,0
1643690340000,21.36000000,21.38000000,21.36000000,21.37000000,414.93000000,1643690399999,8867.11600000,47,250.07000000,5344.20350000,0
1643690400000,21.38000000,21.38000000,21.37000000,21.37000000,1463.35000000,1643690459999,31276.25080000,87,812.79000000,17373.78360000,0
1643690460000,21.37000000,21.37000000,21.35000000,21.36000000,467.72000000,1643690519999,9993.48250000,49,161.14000000,3443.53500000,0
1643690520000,21.35000000,21.37000000,21.35000000,21.36000000,1721.81000000,1643690579999,36782.84030000,81,1327.34000000,28353.68950000,0
1643690580000,21.37000000,21.38000000,21.36000000,21.37000000,616.56000000,1643690639999,13176.12450000,46,362.22000000,7740.95980000,0
1643690640000,21.37000000,21.38000000,21.36000000,21.37000000,281.46000000,1643690699999,6015.32370000,29,242.92000000,5191.76740000,0
1643690700000,21.37000000,21.37000000,21.35000000,21.35000000,379.69000000,1643690759999,8112.00540000,39,103.00000000,2201.08000000,0
1643690760000,21.36000000,21.36000000,21.33000000,21.33000000,1208.66000000,1643690819999,25797.87660000,49,191.84000000,4095.57430000,0
1643690820000,21.34000000,21.34000000,21.33000000,21.34000000,104.44000000,1643690879999,2228.52290000,20,81.77000000,1744.97180000,0
1643690880000,21.34000000,21.35000000,21.34000000,21.34000000,112.94000000,1643690939999,2410.30530000,18,101.45000000,2165.10870000,0
1643690940000,21.34000000,21.35000000,21.34000000,21.34000000,33.56000000,1643690999999,716.19380000,11,2.34000000,49.95900000,0
1643691000000,21.34000000,21.35000000,21.34000000,21.34000000,327.64000000,1643691059999,6991.85230000,24,1.47000000,31.38450000,0
1643691060000,21.34000000,21.35000000,21.34000000,21.34000000,105.27000000,1643691119999,2247.28110000,16,81.93000000,1749.20550000,0
1643691120000,21.35000000,21.35000000,21.31000000,21.31000000,3824.44000000,1643691179999,81552.35160000,129,1047.11000000,22331.85760000,0
1643691180000,21.31000000,21.33000000,21.31000000,21.32000000,1237.71000000,1643691239999,26383.38320000,65,869.67000000,18537.48140000,0
1643691240000,21.33000000,21.34000000,21.33000000,21.33000000,588.06000000,1643691299999,12545.63050000,50,322.05000000,6870.51910000,0
1643691300000,21.32000000,21.35000000,21.32000000,21.35000000,1902.52000000,1643691359999,40596.63700000,122,1325.98000000,28295.94990000,0
1643691360000,21.36000000,21.37000000,21.35000000,21.36000000,479.32000000,1643691419999,10238.36510000,39,240.07000000,5128.01170000,0
1643691420000,21.37000000,21.37000000,21.36000000,21.36000000,1420.78000000,1643691479999,30359.52260000,50,1020.76000000,21813.64120000,0
1643691480000,21.36000000,21.38000000,21.36000000,21.37000000,685.41000000,1643691539999,14642.58910000,80,430.98000000,9207.92420000,0
1643691540000,21.38000000,21.38000000,21.36000000,21.37000000,1340.39000000,1643691599999,28644.66010000,67,790.05000000,16883.92920000,0
1643691600000,21.37000000,21.38000000,21.36000000,21.37000000,436.81000000,1643691659999,9334.94040000,41,93.10000000,1989.89830000,0
1643691660000,21.38000000,21.39000000,21.38000000,21.39000000,383.75000000,1643691719999,8205.05790000,73,90.24000000,1929.81410000,0
1643691720000,21.38000000,21.38000000,21.37000000,21.38000000,655.25000000,1643691779999,14003.50560000,71,391.46000000,8365.58290000,0
1643691780000,21.37000000,21.38000000,21.36000000,21.37000000,681.52000000,1643691839999,14563.79560000,61,245.30000000,5242.10820000,0
1643691840000,21.37000000,21.38000000,21.37000000,21.38000000,380.17000000,1643691899999,8127.87350000,44,363.40000000,7769.49200000,0
1643691900000,21.39000000,21.39000000,21.37000000,21.37000000,677.61000000,1643691959999,14482.84970000,92,198.22000000,4236.03340000,0
1643691960000,21.37000000,21.38000000,21.36000000,21.36000000,191.76000000,1643692019999,4097.80390000,36,120.37000000,2572.31150000,0
1643692020000,21.36000000,21.37000000,21.36000000,21.36000000,97.67000000,1643692079999,2086.32110000,24,8.99000000,192.11630000,0
1643692080000,21.36000000,21.36000000,21.33000000,21.34000000,1832.99000000,1643692139999,39129.44890000,59,225.99000000,4822.78100000,0
1643692140000,21.34000000,21.35000000,21.32000000,21.33000000,841.83000000,1643692199999,17956.88900000,89,232.16000000,4952.60270000,0
1643692200000,21.33000000,21.33000000,21.31000000,21.31000000,156.20000000,1643692259999,3329.90420000,22,3.29000000,70.17570000,0
1643692260000,21.31000000,21.33000000,21.31000000,21.31000000,441.03000000,1643692319999,9401.59630000,48,223.22000000,4759.48840000,0
1643692320000,21.31000000,21.34000000,21.31000000,21.32000000,469.42000000,1643692379999,10010.16990000,43,394.81000000,8418.94650000,0
1643692380000,21.33000000,21.36000000,21.32000000,21.34000000,2090.61000000,1643692439999,44632.02640000,70,211.01000000,4503.37830000,0
1643692440000,21.34000000,21.35000000,21.33000000,21.34000000,435.56000000,1643692499999,9293.28990000,70,199.74000000,4261.64990000,0
1643692500000,21.35000000,21.35000000,21.33000000,21.33000000,155.80000000,1643692559999,3324.47430000,36,77.82000000,1660.72720000,0
1643692560000,21.34000000,21.35000000,21.31000000,21.32000000,1551.75000000,1643692619999,33100.08370000,86,702.14000000,14976.05190000,0
1643692620000,21.31000000,21.32000000,21.31000000,21.32000000,104.99000000,1643692679999,2238.23410000,22,79.66000000,1698.35120000,0
1643692680000,21.32000000,21.34000000,21.32000000,21.34000000,907.26000000,1643692739999,19344.32350000,46,251.80000000,5369.91630000,0
1643692740000,21.33000000,21.34000000,21.32000000,21.32000000,453.10000000,1643692799999,9666.17510000,35,240.30000000,5128.00200000,0
1643692800000,21.32000000,21.33000000,21.32000000,21.33000000,211.99000000,1643692859999,4521.07490000,18,144.81000000,3088.79730000,0
1643692860000,21.32000000,21.33000000,21.31000000,21.32000000,752.97000000,1643692919999,16054.71410000,55,276.80000000,5902.78970000,0
1643692920000,21.32000000,21.33000000,21.32000000,21.32000000,580.99000000,1643692979999,12386.73290000,27,159.27000000,3395.66250000,0
1643692980000,21.32000000,21.34000000,21.32000000,21.32000000,971.60000000,1643693039999,20720.96940000,81,359.33000000,7664.19450000,0
1643693040000,21.32000000,21.32000000,21.30000000,21.30000000,817.09000000,1643693099999,17413.84780000,82,543.08000000,11574.79660000,0
1643693100000,21.30000000,21.31000000,21.27000000,21.27000000,1677.99000000,1643693159999,35718.16480000,143,342.59000000,7293.47560000,0
1643693160000,21.28000000,21.28000000,21.24000000,21.25000000,1798.81000000,1643693219999,38236.44770000,113,858.19000000,18239.54480000,0
1643693220000,21.25000000,21.26000000,21.25000000,21.26000000,938.28000000,1643693279999,19939.93750000,59,898.94000000,19103.79230000,0
1643693280000,21.26000000,21.26000000,21.25000000,21.26000000,688.74000000,1643693339999,14642.53590000,47,173.01000000,3678.19260000,0
1643693340000,21.26000000,21.26000000,21.25000000,21.25000000,593.38000000,1643693399999,12614.32070000,31,36.81000000,782.58060000,0
1643693400000,21.25000000,21.28000000,21.25000000,21.27000000,853.92000000,1643693459999,18156.91590000,78,485.99000000,10333.93320000,0
1643693460000,21.26000000,21.28000000,21.26000000,21.28000000,265.40000000,1643693519999,5646.03420000,41,256.43000000,5455.32410000,0
1643693520000,21.27000000,21.27000000,21.26000000,21.27000000,474.40000000,1643693579999,10090.25040000,36,77.75000000,1653.74250000,0
1643693580000,21.27000000,21.29000000,21.26000000,21.27000000,724.59000000,1643693639999,15415.51750000,60,333.27000000,7090.79000000,0
1643693640000,21.28000000,21.28000000,21.26000000,21.27000000,456.41000000,1643693699999,9707.80940000,30,122.04000000,2595.80480000,0
1643693700000,21.26000000,21.27000000,21.26000000,21.27000000,61.87000000,1643693759999,1315.42350000,12,6.73000000,143.14710000,0
1643693760000,21.26000000,21.27000000,21.26000000,21.26000000,473.97000000,1643693819999,10079.15160000,33,103.90000000,2209.95300000,0
1643693820000,21.27000000,21.27000000,21.26000000,21.26000000,647.46000000,1643693879999,13771.28030000,46,209.59000000,4457.97930000,0
1643693880000,21.27000000,21.29000000,21.27000000,21.29000000,517.08000000,1643693939999,11003.65160000,36,251.04000000,5342.37850000,0
1643693940000,21.29000000,21.31000000,21.29000000,21.30000000,1795.61000000,1643693999999,38258.04540000,79,1644.36000000,35037.18890000,0
1643694000000,21.30000000,21.31000000,21.29000000,21.29000000,437.35000000,1643694059999,9315.91670000,45,170.57000000,3633.59230000,0
1643694060000,21.29000000,21.30000000,21.29000000,21.30000000,309.56000000,1643694119999,6593.56540000,33,244.03000000,5197.83900000,0
1643694120000,21.30000000,21.31000000,21.30000000,21.30000000,768.56000000,1643694179999,16377.51870000,48,628.23000000,13387.58130000,0
1643694180000,21.30000000,21.30000000,21.28000000,21.28000000,1392.67000000,1643694239999,29660.57390000,82,224.14000000,4774.01670000,0
1643694240000,21.28000000,21.29000000,21.28000000,21.28000000,1655.56000000,1643694299999,35241.10970000,83,172.23000000,3666.77670000,0
1643694300000,21.28000000,21.29000000,21.27000000,21.28000000,314.74000000,1643694359999,6697.31220000,65,105.41000000,2243.12940000,0
1643694360000,21.28000000,21.28000000,21.27000000,21.28000000,311.30000000,1643694419999,6623.56390000,29,202.95000000,4318.77600000,0
1643694420000,21.28000000,21.29000000,21.28000000,21.29000000,212.79000000,1643694479999,4528.18050000,22,0.93000000,19.79970000,0
1643694480000,21.28000000,21.29000000,21.25000000,21.29000000,6267.43000000,1643694539999,133330.12260000,192,2396.01000000,50978.43840000,0
1643694540000,21.28000000,21.28000000,21.27000000,21.27000000,441.19000000,1643694599999,9386.64530000,32,183.17000000,3897.85760000,0
1643694600000,21.27000000,21.28000000,21.26000000,21.26000000,144.71000000,1643694659999,3077.96190000,22,3.80000000,80.86400000,0
1643694660000,21.27000000,21.27000000,21.26000000,21.26000000,100.58000000,1643694719999,2138.43080000,16,10.00000000,212.70000000,0
1643694720000,21.26000000,21.27000000,21.26000000,21.26000000,195.06000000,1643694779999,4147.79440000,14,81.88000000,1741.58760000,0
1643694780000,21.26000000,21.27000000,21.26000000,21.27000000,302.13000000,1643694839999,6426.14390000,35,175.15000000,3725.44050000,0
1643694840000,21.26000000,21.27000000,21.26000000,21.26000000,180.88000000,1643694899999,3847.07070000,37,91.95000000,1955.77650000,0
1643694900000,21.26000000,21.27000000,21.26000000,21.26000000,36.36000000,1643694959999,773.28840000,10,27.48000000,584.49960000,0
1643694960000,21.26000000,21.26000000,21.26000000,21.26000000,169.77000000,1643695019999,3609.31020000,27,0.00000000,0.00000000,0
1643695020000,21.26000000,21.27000000,21.25000000,21.26000000,688.30000000,1643695079999,14633.46490000,36,144.40000000,3070.94400000,0
1643695080000,21.25000000,21.25000000,21.18000000,21.19000000,4084.39000000,1643695139999,86623.18100000,207,963.72000000,20427.58570000,0
1643695140000,21.19000000,21.20000000,21.13000000,21.13000000,3669.03000000,1643695199999,77613.85860000,270,1467.69000000,31047.33660000,0
1643695200000,21.13000000,21.16000000,21.13000000,21.15000000,5190.49000000,1643695259999,109721.10090000,150,1529.52000000,32335.32430000,0
1643695260000,21.14000000,21.16000000,21.14000000,21.15000000,2820.27000000,1643695319999,59633.24890000,84,1055.96000000,22334.84850000,0
1643695320000,21.14000000,21.15000000,21.14000000,21.15000000,1339.88000000,1643695379999,28334.14810000,61,443.86000000,9387.63900000,0
1643695380000,21.14000000,21.18000000,21.13000000,21.15000000,2555.92000000,1643695439999,54055.77410000,177,916.38000000,19382.81170000,0
1643695440000,21.14000000,21.15000000,21.13000000,21.13000000,464.95000000,1643695499999,9827.07040000,54,238.24000000,5035.64520000,0
1643695500000,21.12000000,21.15000000,21.12000000,21.14000000,741.86000000,1643695559999,15682.24430000,50,260.66000000,5509.69220000,0
1643695560000,21.14000000,21.16000000,21.14000000,21.14000000,818.12000000,1643695619999,17303.30470000,70,633.10000000,13391.17110000,0
1643695620000,21.14000000,21.15000000,21.12000000,21.15000000,1210.98000000,1643695679999,25592.20340000,53,229.72000000,4855.18690000,0
1643695680000,21.14000000,21.15000000,21.13000000,21.13000000,455.41000000,1643695739999,9623.99710000,57,134.46000000,2841.18360000,0
1643695740000,21.13000000,21.13000000,21.06000000,21.07000000,4949.55000000,1643695799999,104341.65530000,312,2959.62000000,62391.31430000,0
1643695800000,21.08000000,21.08000000,21.06000000,21.08000000,527.48000000,1643695859999,11118.29710000,44,494.40000000,10421.31580000,0
1643695860000,21.07000000,21.11000000,21.07000000,21.10000000,1015.15000000,1643695919999,21416.43270000,114,547.68000000,11554.61480000,0
1643695920000,21.10000000,21.11000000,21.08000000,21.10000000,1060.43000000,1643695979999,22374.24320000,72,475.33000000,10030.35880000,0
1643695980000,21.10000000,21.10000000,21.07000000,21.08000000,636.29000000,1643696039999,13416.02100000,56,465.67000000,9818.70780000,0
1643696040000,21.07000000,21.08000000,21.07000000,21.08000000,1555.92000000,1643696099999,32791.89200000,62,228.86000000,4824.36880000,0
1643696100000,21.09000000,21.10000000,21.08000000,21.08000000,733.20000000,1643696159999,15461.69270000,62,324.13000000,6835.92080000,0
1643696160000,21.07000000,21.11000000,21.07000000,21.10000000,1514.39000000,1643696219999,31942.18630000,115,1244.02000000,26240.82320000,0
1643696220000,21.10000000,21.14000000,21.10000000,21.14000000,2197.38000000,1643696279999,46403.38500000,126,1962.58000000,41445.48780000,0
1643696280000,21.14000000,21.14000000,21.13000000,21.14000000,976.40000000,1643696339999,20635.15910000,90,637.15000000,13466.73560000,0
1643696340000,21.15000000,21.15000000,21.14000000,21.14000000,172.51000000,1643696399999,3648.54680000,24,168.54000000,3564.62100000,0
1643696400000,21.15000000,21.16000000,21.15000000,21.15000000,495.68000000,1643696459999,10486.50100000,52,341.50000000,7225.59400000,0
1643696460000,21.15000000,21.18000000,21.15000000,21.18000000,761.47000000,1643696519999,16118.87640000,74,591.40000000,12518.83210000,0
1643696520000,21.17000000,21.20000000,21.17000000,21.20000000,815.37000000,1643696579999,17272.49630000,41,559.14000000,11847.51480000,0
1643696580000,21.19000000,21.21000000,21.17000000,21.17000000,6599.35000000,1643696639999,139805.64780000,169,2538.81000000,53792.63220000,0
1643696640000,21.17000000,21.18000000,21.16000000,21.18000000,346.19000000,1643696699999,7329.34940000,33,243.30000000,5151.35930000,0
1643696700000,21.18000000,21.20000000,21.16000000,21.16000000,832.32000000,1643696759999,17632.32740000,67,293.93000000,6227.48020000,0
1643696760000,21.17000000,21.17000000,21.15000000,21.16000000,812.31000000,1643696819999,17188.50810000,39,479.24000000,10140.96350000,0
1643696820000,21.16000000,21.17000000,21.16000000,21.17000000,267.55000000,1643696879999,5663.00850000,28,88.43000000,1872.06310000,0
1643696880000,21.16000000,21.17000000,21.14000000,21.15000000,1235.87000000,1643696939999,26154.46870000,85,258.40000000,5467.87530000,0
1643696940000,21.15000000,21.16000000,21.15000000,21.15000000,263.92000000,1643696999999,5583.39790000,38,140.51000000,2972.61110000,0
1643697000000,21.16000000,21.17000000,21.14000000,21.14000000,978.96000000,1643697059999,20711.77010000,64,792.34000000,16764.32340000,0
1643697060000,21.15000000,21.16000000,21.14000000,21.16000000,457.54000000,1643697119999,9677.67310000,35,430.08000000,9097.03130000,0
1643697120000,21.17000000,21.17000000,21.15000000,21.16000000,475.54000000,1643697179999,10061.70390000,49,256.88000000,5435.86460000,0
1643697180000,21.16000000,21.17000000,21.15000000,21.15000000,967.83000000,1643697239999,20481.54070000,76,529.19000000,11199.26960000,0
1643697240000,21.16000000,21.16000000,21.15000000,21.15000000,896.89000000,1643697299999,18974.32640000,23,510.29000000,10797.73640000,0
1643697300000,21.15000000,21.18000000,21.15000000,21.17000000,840.64000000,1643697359999,17790.24010000,53,816.79000000,17285.42100000,0
1643697360000,21.17000000,21.18000000,21.16000000,21.16000000,451.23000000,1643697419999,9552.72720000,44,131.04000000,2774.34550000,0
1643697420000,21.17000000,21.18000000,21.16000000,21.18000000,951.85000000,1643697479999,20153.85940000,47,744.74000000,15769.35440000,0
1643697480000,21.17000000,21.18000000,21.16000000,21.18000000,270.36000000,1643697539999,5724.34460000,39,129.16000000,2735.27670000,0
1643697540000,21.17000000,21.18000000,21.17000000,21.18000000,947.63000000,1643697599999,20070.50240000,51,583.88000000,12366.57840000,0
1643697600000,21.18000000,21.19000000,21.17000000,21.17000000,240.52000000,1643697659999,5094.12670000,31,79.47000000,1683.22740000,0
1643697660000,21.17000000,21.18000000,21.17000000,21.17000000,622.81000000,1643697719999,13185.29900000,49,97.57000000,2065.96820000,0
1643697720000,21.16000000,21.18000000,21.16000000,21.16000000,1222.32000000,1643697779999,25876.29710000,46,206.31000000,4367.60770000,0
1643697780000,21.16000000,21.17000000,21.16000000,21.17000000,217.73000000,1643697839999,4609.28830000,30,178.03000000,3768.89510000,0
1643697840000,21.17000000,21.17000000,21.15000000,21.15000000,340.81000000,1643697899999,7212.01920000,28,2.99000000,63.29830000,0
1643697900000,21.15000000,21.17000000,21.15000000,21.16000000,231.96000000,1643697959999,4908.25960000,33,197.14000000,4171.49720000,0
1643697960000,21.16000000,21.19000000,21.16000000,21.18000000,564.61000000,1643698019999,11956.49190000,39,548.25000000,11610.11980000,0
1643698020000,21.19000000,21.19000000,21.16000000,21.16000000,984.64000000,1643698079999,20847.41130000,73,328.32000000,6951.72840000,0
1643698080000,21.16000000,21.18000000,21.15000000,21.17000000,528.86000000,1643698139999,11194.37780000,46,358.58000000,7591.18670000,0
1643698140000,21.17000000,21.17000000,21.16000000,21.16000000,305.51000000,1643698199999,6467.10810000,34,14.00000000,296.38000000,0
1643698200000,21.16000000,21.18000000,21.16000000,21.17000000,270.52000000,1643698259999,5726.99860000,37,122.38000000,2591.49370000,0
1643698260000,21.18000000,21.18000000,21.16000000,21.17000000,578.91000000,1643698319999,12258.25140000,32,380.67000000,8061.52850000,0
1643698320000,21.17000000,21.18000000,21.17000000,21.18000000,855.89000000,1643698379999,18125.76710000,46,721.53000000,15281.33450000,0
1643698380000,21.18000000,21.18000000,21.17000000,21.17000000,661.55000000,1643698439999,14007.98510000,36,6.49000000,137.45820000,0
1643698440000,21.18000000,21.22000000,21.17000000,21.18000000,2747.73000000,1643698499999,58247.26640000,138,2017.02000000,42754.76580000,0
1643698500000,21.18000000,21.20000000,21.18000000,21.19000000,590.01000000,1643698559999,12501.51560000,42,213.56000000,4525.59180000,0
1643698560000,21.19000000,21.19000000,21.18000000,21.18000000,269.63000000,1643698619999,5711.93020000,36,116.68000000,2472.44920000,0
1643698620000,21.18000000,21.19000000,21.17000000,21.17000000,243.47000000,1643698679999,5156.36930000,80,36.49000000,773.05250000,0
1643698680000,21.18000000,21.21000000,21.17000000,21.19000000,1046.38000000,1643698739999,22169.58690000,61,663.94000000,14065.45960000,0
1643698740000,21.18000000,21.18000000,21.17000000,21.18000000,164.91000000,1643698799999,3492.77900000,21,100.53000000,2129.22540000,0
1643698800000,21.18000000,21.18000000,21.16000000,21.16000000,709.92000000,1643698859999,15031.50940000,60,184.20000000,3899.84720000,0
1643698860000,21.17000000,21.19000000,21.17000000,21.18000000,612.79000000,1643698919999,12978.70490000,60,271.13000000,5742.35610000,0
1643698920000,21.17000000,21.18000000,21.17000000,21.17000000,74.94000000,1643698979999,1586.82680000,19,34.70000000,734.94600000,0
1643698980000,21.17000000,21.18000000,21.17000000,21.18000000,173.62000000,1643699039999,3677.19360000,20,159.33000000,3374.60940000,0
1643699040000,21.18000000,21.19000000,21.17000000,21.18000000,153.48000000,1643699099999,3250.74050000,20,54.43000000,1152.88690000,0
1643699100000,21.18000000,21.21000000,21.17000000,21.21000000,1552.75000000,1643699159999,32899.86570000,98,1199.28000000,25408.41100000,0
1643699160000,21.21000000,21.21000000,21.20000000,21.21000000,130.91000000,1643699219999,2776.53400000,18,113.29000000,2402.88090000,0
1643699220000,21.22000000,21.23000000,21.21000000,21.23000000,665.26000000,1643699279999,14115.82260000,72,269.45000000,5717.96960000,0
1643699280000,21.22000000,21.23000000,21.22000000,21.22000000,638.50000000,1643699339999,13551.81610000,63,226.43000000,4807.10890000,0
1643699340000,21.21000000,21.23000000,21.21000000,21.23000000,539.63000000,1643699399999,11456.02370000,50,164.52000000,3492.65720000,0
1643699400000,21.22000000,21.24000000,21.22000000,21.23000000,179.81000000,1643699459999,3817.01420000,25,82.45000000,1750.43340000,0
1643699460000,21.23000000,21.25000000,21.23000000,21.24000000,3747.25000000,1643699519999,79589.85060000,151,887.80000000,18859.29320000,0
1643699520000,21.24000000,21.26000000,21.23000000,21.23000000,1122.53000000,1643699579999,23847.89620000,69,774.76000000,16459.39890000,0
1643699580000,21.23000000,21.23000000,21.22000000,21.22000000,463.88000000,1643699639999,9846.36910000,32,0.96000000,20.38080000,0
1643699640000,21.22000000,21.23000000,21.22000000,21.23000000,62.07000000,1643699699999,1317.66900000,8,54.36000000,1154.06280000,0
1643699700000,21.23000000,21.23000000,21.22000000,21.22000000,283.24000000,1643699759999,6013.12210000,26,243.34000000,5166.10820000,0
1643699760000,21.22000000,21.24000000,21.22000000,21.23000000,1086.26000000,1643699819999,23056.73030000,83,497.17000000,10554.29210000,0
1643699820000,21.22000000,21.23000000,21.21000000,21.21000000,250.32000000,1643699879999,5311.47640000,27,1.47000000,31.20290000,0
1643699880000,21.21000000,21.24000000,21.21000000,21.23000000,1189.67000000,1643699939999,25257.69330000,58,1005.71000000,21352.35620000,0
1643699940000,21.23000000,21.23000000,21.22000000,21.22000000,380.22000000,1643699999999,8071.69600000,20,342.76000000,7276.79480000,0
1643700000000,21.22000000,21.23000000,21.22000000,21.23000000,662.98000000,1643700059999,14074.96800000,18,653.24000000,13868.28520000,0
1643700060000,21.23000000,21.24000000,21.22000000,21.24000000,423.14000000,1643700119999,8983.66060000,25,410.66000000,8718.83500000,0
1643700120000,21.24000000,21.25000000,21.22000000,21.25000000,669.53000000,1643700179999,14216.18180000,46,266.00000000,5649.32820000,0
1643700180000,21.24000000,21.24000000,21.23000000,21.24000000,348.10000000,1643700239999,7393.59260000,29,55.79000000,1184.97960000,0
1643700240000,21.24000000,21.25000000,21.24000000,21.25000000,208.73000000,1643700299999,4433.69740000,28,160.32000000,3405.46900000,0
1643700300000,21.25000000,21.25000000,21.24000000,21.24000000,49.74000000,1643700359999,1056.84030000,13,36.27000000,770.73750000,0
1643700360000,21.25000000,21.25000000,21.24000000,21.25000000,160.96000000,1643700419999,3420.23320000,29,144.28000000,3065.95000000,0
1643700420000,21.24000000,21.25000000,21.24000000,21.24000000,190.11000000,1643700479999,4039.73620000,20,179.98000000,3824.57500000,0
1643700480000,21.24000000,21.25000000,21.24000000,21.25000000,224.55000000,1643700539999,4771.60660000,20,196.32000000,4171.80000000,0
1643700540000,21.25000000,21.25000000,21.25000000,21.25000000,440.30000000,1643700599999,9356.37500000,23,0.00000000,0.00000000,0
1643700600000,21.25000000,21.25000000,21.24000000,21.24000000,145.39000000,1643700659999,3088.54580000,24,42.32000000,899.30000000,0
1643700660000,21.24000000,21.25000000,21.23000000,21.25000000,344.41000000,1643700719999,7315.14250000,37,263.51000000,5596.96240000,0
1643700720000,21.24000000,21.24000000,21.23000000,21.24000000,971.32000000,1643700779999,20630.05690000,56,324.35000000,6889.19400000,0
1643700780000,21.25000000,21.25000000,21.24000000,21.24000000,43.85000000,1643700839999,931.45850000,9,8.45000000,179.56250000,0
1643700840000,21.24000000,21.24000000,21.23000000,21.24000000,66.64000000,1643700899999,1415.35220000,15,22.96000000,487.67040000,0
1643700900000,21.24000000,21.24000000,21.22000000,21.23000000,589.24000000,1643700959999,12511.86540000,41,442.23000000,9391.79320000,0
1643700960000,21.23000000,21.24000000,21.23000000,21.23000000,12.66000000,1643701019999,268.78700000,7,1.52000000,32.28480000,0
1643701020000,21.24000000,21.27000000,21.23000000,21.27000000,699.12000000,1643701079999,14857.88940000,63,618.58000000,13146.58110000,0
1643701080000,21.27000000,21.27000000,21.23000000,21.23000000,414.40000000,1643701139999,8806.98010000,49,50.88000000,1081.64720000,0
1643701140000,21.24000000,21.25000000,21.23000000,21.24000000,450.13000000,1643701199999,9562.14120000,48,216.89000000,4607.56460000,0
1643701200000,21.24000000,21.25000000,21.23000000,21.24000000,252.97000000,1643701259999,5372.71460000,29,161.50000000,3430.41270000,0
1643701260000,21.24000000,21.25000000,21.23000000,21.24000000,1260.07000000,1643701319999,26766.44330000,80,272.30000000,5784.76200000,0
1643701320000,21.25000000,21.25000000,21.24000000,21.24000000,89.35000000,1643701379999,1898.15760000,16,36.36000000,772.65000000,0
1643701380000,21.24000000,21.24000000,21.24000000,21.24000000,47.90000000,1643701439999,1017.39600000,13,0.00000000,0.00000000,0
1643701440000,21.24000000,21.24000000,21.24000000,21.24000000,34.76000000,1643701499999,738.30240000,9,0.00000000,0.00000000,0
1643701500000,21.24000000,21.25000000,21.22000000,21.23000000,2321.61000000,1643701559999,49291.97210000,98,204.71000000,4346.14540000,0
1643701560000,21.23000000,21.23000000,21.19000000,21.19000000,1227.88000000,1643701619999,26036.18760000,88,17.52000000,371.42400000,0
1643701620000,21.19000000,21.21000000,21.19000000,21.20000000,2252.69000000,1643701679999,47760.59960000,83,1977.21000000,41918.25480000,0
1643701680000,21.20000000,21.21000000,21.19000000,21.20000000,1906.42000000,1643701739999,40423.29310000,97,1293.25000000,27424.99980000,0
1643701740000,21.20000000,21.21000000,21.19000000,21.19000000,292.68000000,1643701799999,6206.43700000,38,122.86000000,2605.86060000,0
1643701800000,21.20000000,21.21000000,21.19000000,21.20000000,542.83000000,1643701859999,11508.05850000,50,353.99000000,7504.68800000,0
1643701860000,21.21000000,21.21000000,21.19000000,21.19000000,55.15000000,1643701919999,1169.23750000,13,8.33000000,176.67930000,0
1643701920000,21.19000000,21.21000000,21.19000000,21.20000000,280.42000000,1643701979999,5944.94800000,24,270.34000000,5731.26070000,0
1643701980000,21.20000000,21.20000000,21.19000000,21.19000000,224.19000000,1643702039999,4752.74720000,19,78.48000000,1663.77600000,0
1643702040000,21.20000000,21.21000000,21.20000000,21.20000000,513.90000000,1643702099999,10897.94890000,50,506.67000000,10744.67290000,0
1643702100000,21.20000000,21.21000000,21.20000000,21.20000000,342.93000000,1643702159999,7271.93600000,25,182.00000000,3860.22000000,0
1643702160000,21.20000000,21.22000000,21.20000000,21.21000000,2421.29000000,1643702219999,51356.07500000,58,892.82000000,18937.28970000,0
1643702220000,21.21000000,21.22000000,21.21000000,21.22000000,491.62000000,1643702279999,10431.77150000,48,451.13000000,9572.97860000,0
1643702280000,21.22000000,21.24000000,21.22000000,21.23000000,613.25000000,1643702339999,13019.98520000,73,430.19000000,9133.69770000,0
1643702340000,21.23000000,21.25000000,21.22000000,21.24000000,2145.62000000,1643702399999,45570.57020000,66,525.88000000,11167.46660000,0
1643702400000,21.25000000,21.25000000,21.22000000,21.22000000,1109.21000000,1643702459999,23557.29940000,48,359.18000000,7630.62340000,0
1643702460000,21.22000000,21.22000000,21.20000000,21.22000000,1808.70000000,1643702519999,38368.53770000,109,317.65000000,6738.57400000,0
1643702520000,21.23000000,21.25000000,21.21000000,21.21000000,676.68000000,1643702579999,14367.08790000,64,422.61000000,8974.99270000,0
1643702580000,21.22000000,21.22000000,21.21000000,21.22000000,492.29000000,1643702639999,10443.52800000,41,415.93000000,8823.93240000,0
1643702640000,21.21000000,21.24000000,21.20000000,21.24000000,1671.96000000,1643702699999,35501.02670000,74,1316.42000000,27955.29470000,0
1643702700000,21.23000000,21.25000000,21.23000000,21.23000000,677.05000000,1643702759999,14379.14980000,58,180.08000000,3824.99920000,0
1643702760000,21.23000000,21.23000000,21.22000000,21.22000000,342.46000000,1643702819999,7269.83510000,32,200.90000000,4265.09900000,0
1643702820000,21.22000000,21.22000000,21.21000000,21.21000000,233.15000000,1643702879999,4945.29180000,33,18.03000000,382.59660000,0
1643702880000,21.20000000,21.22000000,21.20000000,21.21000000,234.88000000,1643702939999,4982.39650000,24,220.27000000,4672.52670000,0
1643702940000,21.22000000,21.22000000,21.21000000,21.22000000,154.91000000,1643702999999,3285.70000000,19,5.89000000,124.98580000,0
1643703000000,21.22000000,21.23000000,21.21000000,21.22000000,750.98000000,1643703059999,15936.01450000,72,507.01000000,10758.97950000,0
1643703060000,21.21000000,21.23000000,21.21000000,21.22000000,767.69000000,1643703119999,16285.77370000,55,278.78000000,5915.36420000,0
1643703120000,21.22000000,21.22000000,21.21000000,21.22000000,559.71000000,1643703179999,11877.00340000,52,234.49000000,4975.87780000,0
1643703180000,21.22000000,21.23000000,21.22000000,21.22000000,334.04000000,1643703239999,7088.49280000,44,58.73000000,1246.41460000,0
1643703240000,21.22000000,21.24000000,21.22000000,21.23000000,138.49000000,1643703299999,2940.14340000,23,98.25000000,2085.92150000,0
1643703300000,21.24000000,21.24000000,21.21000000,21.22000000,3006.04000000,1643703359999,63783.06140000,106,226.75000000,4812.26560000,0
1643703360000,21.22000000,21.22000000,21.20000000,21.20000000,1617.75000000,1643703419999,34312.60950000,36,137.75000000,2921.68660000,0
1643703420000,21.20000000,21.21000000,21.18000000,21.18000000,914.14000000,1643703479999,19378.39590000,51,73.97000000,1568.90370000,0
1643703480000,21.19000000,21.19000000,21.17000000,21.17000000,1528.41000000,1643703539999,32381.80580000,77,1128.96000000,23921.56460000,0
1643703540000,21.17000000,21.18000000,21.17000000,21.17000000,83.44000000,1643703599999,1766.52940000,16,10.46000000,221.54280000,0
1643703600000,21.17000000,21.19000000,21.17000000,21.19000000,234.04000000,1643703659999,4956.83420000,22,202.83000000,4296.04750000,0
1643703660000,21.19000000,21.20000000,21.19000000,21.19000000,866.98000000,1643703719999,18371.37190000,35,169.80000000,3598.12770000,0
1643703720000,21.19000000,21.20000000,21.18000000,21.18000000,1589.22000000,1643703779999,33675.19560000,78,697.99000000,14790.41280000,0
1643703780000,21.18000000,21.19000000,21.16000000,21.18000000,1560.07000000,1643703839999,33039.86770000,58,271.60000000,5751.16160000,0
1643703840000,21.17000000,21.19000000,21.17000000,21.17000000,480.03000000,1643703899999,10164.34780000,36,268.12000000,5677.38460000,0
1643703900000,21.17000000,21.18000000,21.16000000,21.16000000,378.23000000,1643703959999,8007.58590000,46,123.25000000,2609.76260000,0
1643703960000,21.17000000,21.17000000,21.16000000,21.16000000,85.86000000,1643704019999,1817.57900000,19,78.14000000,1654.22380000,0
1643704020000,21.17000000,21.18000000,21.16000000,21.18000000,860.61000000,1643704079999,18222.21630000,49,610.63000000,12930.89120000,0
1643704080000,21.18000000,21.20000000,21.18000000,21.19000000,1527.30000000,1643704139999,32362.53660000,65,1009.22000000,21384.50490000,0
1643704140000,21.19000000,21.20000000,21.18000000,21.19000000,1790.27000000,1643704199999,37925.14260000,37,160.11000000,3393.10890000,0
1643704200000,21.18000000,21.18000000,21.16000000,21.16000000,887.76000000,1643704259999,18790.04070000,45,14.83000000,313.97810000,0
1643704260000,21.17000000,21.17000000,21.15000000,21.16000000,3283.44000000,1643704319999,69469.49950000,85,1412.31000000,29892.76520000,0
1643704320000,21.16000000,21.16000000,21.15000000,21.16000000,589.43000000,1643704379999,12471.54600000,50,419.67000000,8880.21720000,0
1643704380000,21.16000000,21.18000000,21.16000000,21.17000000,250.72000000,1643704439999,5307.72290000,36,170.72000000,3614.67340000,0
1643704440000,21.17000000,21.18000000,21.15000000,21.15000000,448.93000000,1643704499999,9502.95120000,45,222.82000000,4717.31620000,0
1643704500000,21.15000000,21.17000000,21.15000000,21.16000000,858.87000000,1643704559999,18173.41440000,63,799.08000000,16908.55460000,0
1643704560000,21.16000000,21.16000000,21.15000000,21.15000000,687.19000000,1643704619999,14540.68710000,30,661.86000000,14004.95760000,0
1643704620000,21.16000000,21.16000000,21.15000000,21.15000000,219.49000000,1643704679999,4642.37200000,22,15.85000000,335.38600000,0
1643704680000,21.15000000,21.16000000,21.15000000,21.16000000,715.29000000,1643704739999,15128.88490000,38,510.57000000,10799.05690000,0
1643704740000,21.16000000,21.16000000,21.14000000,21.14000000,867.83000000,1643704799999,18354.67730000,27,9.70000000,205.25200000,0
1643704800000,21.14000000,21.16000000,21.13000000,21.16000000,1076.04000000,1643704859999,22754.45590000,68,790.12000000,16709.34820000,0
1643704860000,21.15000000,21.17000000,21.14000000,21.14000000,812.80000000,1643704919999,17194.29400000,65,189.57000000,4010.39190000,0
1643704920000,21.14000000,21.16000000,21.14000000,21.14000000,1641.23000000,1643704979999,34704.62090000,81,732.09000000,15483.74550000,0
1643704980000,21.15000000,21.17000000,21.15000000,21.16000000,784.79000000,1643705039999,16601.85560000,84,591.47000000,12511.76960000,0
1643705040000,21.16000000,21.16000000,21.14000000,21.14000000,273.66000000,1643705099999,5786.35230000,31,11.90000000,251.78910000,0
1643705100000,21.15000000,21.15000000,21.14000000,21.14000000,723.28000000,1643705159999,15295.26690000,70,512.77000000,10845.08550000,0
1643705160000,21.14000000,21.16000000,21.14000000,21.16000000,1056.13000000,1643705219999,22339.11260000,103,1001.54000000,21185.02190000,0
1643705220000,21.15000000,21.17000000,21.15000000,21.15000000,538.53000000,1643705279999,11394.49420000,88,398.08000000,8423.37990000,0
1643705280000,21.16000000,21.16000000,21.13000000,21.14000000,446.35000000,1643705339999,9438.46390000,53,115.19000000,2436.58440000,0
1643705340000,21.14000000,21.19000000,21.14000000,21.17000000,959.05000000,1643705399999,20296.74270000,92,593.96000000,12567.70860000,0
1643705400000,21.18000000,21.19000000,21.17000000,21.17000000,612.44000000,1643705459999,12969.49300000,57,365.46000000,7740.09230000,0
1643705460000,21.18000000,21.18000000,21.17000000,21.17000000,224.78000000,1643705519999,4759.15210000,30,55.95000000,1185.02100000,0
1643705520000,21.17000000,21.19000000,21.17000000,21.19000000,319.93000000,1643705579999,6775.93770000,41,284.76000000,6031.15430000,0
1643705580000,21.18000000,21.22000000,21.18000000,21.21000000,736.11000000,1643705639999,15603.45340000,61,524.97000000,11129.09820000,0
1643705640000,21.21000000,21.22000000,21.20000000,21.21000000,328.72000000,1643705699999,6973.52170000,37,217.86000000,4622.21450000,0
1643705700000,21.22000000,21.22000000,21.20000000,21.21000000,914.17000000,1643705759999,19390.36830000,43,557.42000000,11824.15300000,0
1643705760000,21.20000000,21.23000000,21.20000000,21.23000000,652.86000000,1643705819999,13853.14280000,32,155.73000000,3304.25800000,0
1643705820000,21.22000000,21.23000000,21.22000000,21.22000000,436.51000000,1643705879999,9264.11160000,37,136.94000000,2907.23620000,0
1643705880000,21.22000000,21.26000000,21.22000000,21.25000000,2566.43000000,1643705939999,54501.77680000,125,1891.91000000,40181.83080000,0
1643705940000,21.24000000,21.25000000,21.24000000,21.24000000,862.63000000,1643705999999,18327.42660000,51,463.73000000,9854.26250000,0
1643706000000,21.25000000,21.26000000,21.23000000,21.23000000,1559.28000000,1643706059999,33121.44470000,63,443.44000000,9420.24150000,0
1643706060000,21.24000000,21.29000000,21.24000000,21.29000000,1214.66000000,1643706119999,25823.85630000,88,1088.25000000,23135.22530000,0
1643706120000,21.28000000,21.29000000,21.26000000,21.29000000,608.69000000,1643706179999,12950.26670000,54,458.47000000,9754.09930000,0
1643706180000,21.29000000,21.30000000,21.28000000,21.30000000,2433.35000000,1643706239999,51813.07940000,90,1687.19000000,35927.47720000,0
1643706240000,21.29000000,21.43000000,21.29000000,21.42000000,23654.79000000,1643706299999,505353.87940000,846,15393.57000000,328927.14640000,0
1643706300000,21.42000000,21.47000000,21.40000000,21.41000000,7056.49000000,1643706359999,151333.72960000,337,4565.18000000,97929.21170000,0
1643706360000,21.41000000,21.44000000,21.40000000,21.42000000,4332.55000000,1643706419999,92758.14270000,158,2128.61000000,45582.43130000,0
1643706420000,21.42000000,21.42000000,21.38000000,21.40000000,6487.46000000,1643706479999,138807.05680000,226,2401.87000000,51387.68870000,0
1643706480000,21.41000000,21.45000000,21.41000000,21.45000000,2657.53000000,1643706539999,56948.86560000,129,2099.97000000,45002.12370000,0
1643706540000,21.44000000,21.45000000,21.42000000,21.44000000,2723.37000000,1643706599999,58378.70570000,129,1353.19000000,29008.64320000,0
1643706600000,21.44000000,21.46000000,21.41000000,21.41000000,2732.20000000,1643706659999,58551.08320000,96,564.68000000,12099.26700000,0
1643706660000,21.42000000,21.44000000,21.42000000,21.44000000,2229.09000000,1643706719999,47761.84770000,78,2095.84000000,44907.63270000,0
1643706720000,21.43000000,21.43000000,21.38000000,21.39000000,6318.85000000,1643706779999,135237.59900000,201,4898.43000000,104832.41500000,0
1643706780000,21.40000000,21.41000000,21.37000000,21.38000000,2561.58000000,1643706839999,54788.37260000,121,1416.76000000,30305.92870000,0
1643706840000,21.39000000,21.39000000,21.37000000,21.38000000,419.94000000,1643706899999,8978.10660000,51,300.76000000,6430.43240000,0
1643706900000,21.38000000,21.40000000,21.37000000,21.40000000,1396.55000000,1643706959999,29869.65980000,84,1300.83000000,27823.26420000,0
1643706960000,21.40000000,21.41000000,21.38000000,21.40000000,2022.56000000,1643707019999,43280.34750000,93,505.29000000,10811.54120000,0
1643707020000,21.39000000,21.39000000,21.34000000,21.35000000,1584.25000000,1643707079999,33843.63240000,109,358.93000000,7668.91330000,0
1643707080000,21.35000000,21.36000000,21.31000000,21.31000000,1615.06000000,1643707139999,34471.48590000,96,570.95000000,12188.87160000,0
1643707140000,21.31000000,21.31000000,21.29000000,21.30000000,600.26000000,1643707199999,12786.12530000,75,317.53000000,6765.00360000,0
1643707200000,21.31000000,21.32000000,21.31000000,21.32000000,1364.34000000,1643707259999,29078.47080000,88,620.70000000,13229.62120000,0
1643707260000,21.31000000,21.32000000,21.30000000,21.30000000,1568.83000000,1643707319999,33440.05220000,72,1128.24000000,24052.75050000,0
1643707320000,21.30000000,21.30000000,21.22000000,21.23000000,6813.03000000,1643707379999,144790.61500000,288,2774.43000000,58953.92540000,0
1643707380000,21.22000000,21.22000000,21.19000000,21.20000000,4030.68000000,1643707439999,85476.94400000,178,1927.50000000,40877.37040000,0
1643707440000,21.20000000,21.22000000,21.17000000,21.18000000,5313.52000000,1643707499999,112583.48630000,322,2833.18000000,60035.80610000,0
1643707500000,21.19000000,21.24000000,21.19000000,21.20000000,3447.47000000,1643707559999,73135.47580000,188,1681.99000000,35681.68560000,0
1643707560000,21.20000000,21.20000000,21.10000000,21.13000000,10833.32000000,1643707619999,229042.10300000,448,4100.80000000,86672.10870000,0
1643707620000,21.12000000,21.14000000,21.09000000,21.10000000,2022.29000000,1643707679999,42705.10250000,117,351.23000000,7416.84670000,0
1643707680000,21.11000000,21.11000000,20.90000000,20.97000000,32198.54000000,1643707739999,675566.33480000,1327,10426.06000000,218647.95570000,0
1643707740000,20.97000000,20.99000000,20.94000000,20.98000000,7471.23000000,1643707799999,156574.91200000,258,2428.98000000,50914.34710000,0
1643707800000,20.97000000,20.99000000,20.93000000,20.94000000,2884.37000000,1643707859999,60456.16800000,210,1211.80000000,25400.23140000,0
1643707860000,20.94000000,21.01000000,20.93000000,21.01000000,3285.86000000,1643707919999,68867.99860000,214,2548.51000000,53421.84260000,0
1643707920000,21.01000000,21.05000000,21.01000000,21.01000000,3494.56000000,1643707979999,73478.36820000,234,2342.55000000,49256.19580000,0
1643707980000,21.02000000,21.03000000,20.98000000,20.99000000,1951.69000000,1643708039999,40985.64640000,153,609.64000000,12803.95460000,0
1643708040000,21.00000000,21.03000000,20.98000000,20.98000000,3574.12000000,1643708099999,75116.24330000,208,2262.24000000,47552.16570000,0
1643708100000,20.98000000,20.98000000,20.87000000,20.87000000,15463.23000000,1643708159999,323537.00410000,543,4969.83000000,103989.31110000,0
1643708160000,20.87000000,20.97000000,20.87000000,20.96000000,2746.34000000,1643708219999,57452.09870000,287,1256.85000000,26293.86020000,0
1643708220000,20.96000000,20.97000000,20.95000000,20.96000000,1271.55000000,1643708279999,26648.77750000,92,901.56000000,18896.10930000,0
1643708280000,20.97000000,20.99000000,20.95000000,20.95000000,1195.74000000,1643708339999,25080.18110000,105,704.89000000,14786.55310000,0
1643708340000,20.96000000,21.01000000,20.96000000,20.99000000,2613.46000000,1643708399999,54848.70780000,146,1771.17000000,37165.61540000,0
1643708400000,20.99000000,20.99000000,20.96000000,20.97000000,3629.09000000,1643708459999,76104.84300000,150,1986.54000000,41653.40770000,0
1643708460000,20.96000000,20.99000000,20.94000000,20.94000000,5574.37000000,1643708519999,116881.59830000,209,2725.80000000,57165.29320000,0
1643708520000,20.94000000,20.95000000,20.90000000,20.90000000,904.81000000,1643708579999,18931.30140000,106,426.58000000,8926.79910000,0
1643708580000,20.90000000,20.90000000,20.78000000,20.78000000,8230.43000000,1643708639999,171519.74570000,388,1342.83000000,28010.32220000,0
1643708640000,20.79000000,20.88000000,20.77000000,20.86000000,13302.93000000,1643708699999,276987.46410000,542,7253.80000000,151103.96300000,0
1643708700000,20.87000000,20.89000000,20.84000000,20.84000000,2848.35000000,1643708759999,59435.24300000,96,1483.28000000,30961.50580000,0
1643708760000,20.83000000,20.90000000,20.82000000,20.90000000,2150.47000000,1643708819999,44851.65270000,147,1480.54000000,30894.96150000,0
1643708820000,20.89000000,20.94000000,20.88000000,20.92000000,2009.22000000,1643708879999,42009.84690000,140,998.07000000,20865.50450000,0
1643708880000,20.92000000,20.96000000,20.92000000,20.94000000,2329.27000000,1643708939999,48764.54140000,120,615.56000000,12893.35400000,0
1643708940000,20.94000000,20.95000000,20.92000000,20.93000000,2515.01000000,1643708999999,52651.53770000,148,903.29000000,18912.17770000,0
1643709000000,20.93000000,20.93000000,20.90000000,20.91000000,1159.78000000,1643709059999,24265.73160000,80,271.76000000,5683.97530000,0
1643709060000,20.91000000,20.91000000,20.89000000,20.91000000,2076.08000000,1643709119999,43390.26350000,96,764.12000000,15973.27150000,0
1643709120000,20.91000000,20.95000000,20.89000000,20.94000000,1755.88000000,1643709179999,36736.93610000,123,1453.89000000,30421.80820000,0
1643709180000,20.94000000,20.96000000,20.91000000,20.95000000,5636.62000000,1643709239999,118019.68060000,185,5013.39000000,104978.30830000,0
1643709240000,20.95000000,20.97000000,20.94000000,20.95000000,1850.75000000,1643709299999,38788.35130000,133,650.50000000,13633.61860000,0
1643709300000,20.95000000,20.97000000,20.95000000,20.97000000,664.20000000,1643709359999,13921.61270000,64,309.37000000,6484.50030000,0
1643709360000,20.97000000,20.97000000,20.95000000,20.96000000,1343.20000000,1643709419999,28159.04470000,78,850.28000000,17825.75750000,0
1643709420000,20.96000000,20.97000000,20.91000000,20.91000000,2019.07000000,1643709479999,42299.42510000,86,281.34000000,5889.96920000,0
1643709480000,20.91000000,20.91000000,20.89000000,20.90000000,3943.23000000,1643709539999,82414.27680000,98,2641.64000000,55211.09200000,0
1643709540000,20.89000000,20.92000000,20.89000000,20.92000000,938.00000000,1643709599999,19608.58760000,61,902.94000000,18875.96090000,0
1643709600000,20.91000000,20.91000000,20.87000000,20.90000000,3398.99000000,1643709659999,70984.25830000,134,1290.30000000,26935.07020000,0
1643709660000,20.90000000,20.93000000,20.89000000,20.92000000,1759.32000000,1643709719999,36781.28420000,106,1101.93000000,23036.83930000,0
1643709720000,20.92000000,20.94000000,20.91000000,20.94000000,1243.81000000,1643709779999,26037.33880000,84,994.56000000,20820.47520000,0
1643709780000,20.94000000,20.96000000,20.94000000,20.96000000,2479.35000000,1643709839999,51958.09180000,101,1981.08000000,41518.20760000,0
1643709840000,20.96000000,20.97000000,20.96000000,20.97000000,827.27000000,1643709899999,17340.86630000,74,520.12000000,10902.88500000,0
1643709900000,20.97000000,21.07000000,20.97000000,21.05000000,5862.87000000,1643709959999,123329.41290000,300,4951.78000000,104174.14610000,0
1643709960000,21.05000000,21.06000000,21.02000000,21.06000000,1396.00000000,1643710019999,29380.34840000,134,848.69000000,17863.45950000,0
1643710020000,21.06000000,21.08000000,21.04000000,21.04000000,7894.82000000,1643710079999,166269.00300000,171,851.21000000,17933.92710000,0
1643710080000,21.04000000,21.06000000,21.04000000,21.05000000,774.90000000,1643710139999,16309.01010000,75,508.48000000,10702.81950000,0
1643710140000,21.05000000,21.06000000,21.03000000,21.03000000,975.57000000,1643710199999,20528.54050000,82,311.81000000,6563.13610000,0
1643710200000,21.04000000,21.04000000,21.00000000,21.02000000,795.00000000,1643710259999,16713.52760000,73,332.81000000,6995.73090000,0
1643710260000,21.03000000,21.04000000,21.02000000,21.03000000,630.17000000,1643710319999,13254.38960000,58,450.37000000,9472.75180000,0
1643710320000,21.03000000,21.04000000,21.01000000,21.01000000,723.34000000,1643710379999,15210.62990000,50,309.92000000,6518.58550000,0
1643710380000,21.02000000,21.03000000,21.01000000,21.01000000,489.76000000,1643710439999,10294.90070000,40,75.30000000,1583.02540000,0
1643710440000,21.01000000,21.01000000,20.98000000,21.00000000,2328.90000000,1643710499999,48904.76730000,116,481.40000000,10108.59180000,0
1643710500000,21.01000000,21.02000000,20.86000000,20.86000000,6725.23000000,1643710559999,140725.15050000,303,2674.08000000,55954.47100000,0
1643710560000,20.86000000,20.86000000,20.79000000,20.83000000,8618.04000000,1643710619999,179444.66690000,321,4127.93000000,85948.71890000,0
1643710620000,20.83000000,20.87000000,20.83000000,20.86000000,3825.10000000,1643710679999,79724.13520000,110,1890.16000000,39405.83860000,0
1643710680000,20.86000000,20.88000000,20.85000000,20.87000000,4402.04000000,1643710739999,91861.45970000,149,2802.62000000,58494.04940000,0
1643710740000,20.86000000,20.90000000,20.86000000,20.89000000,839.61000000,1643710799999,17535.24640000,66,505.05000000,10548.44750000,0
1643710800000,20.89000000,20.92000000,20.88000000,20.90000000,1628.96000000,1643710859999,34049.16830000,103,1022.84000000,21378.68370000,0
1643710860000,20.91000000,20.94000000,20.90000000,20.92000000,1179.26000000,1643710919999,24663.20140000,103,460.78000000,9640.67460000,0
1643710920000,20.92000000,20.94000000,20.91000000,20.92000000,1047.78000000,1643710979999,21923.65240000,56,274.84000000,5752.21950000,0
1643710980000,20.92000000,20.94000000,20.91000000,20.94000000,1018.24000000,1643711039999,21307.83240000,97,449.92000000,9418.24150000,0
1643711040000,20.95000000,20.99000000,20.95000000,20.98000000,1464.85000000,1643711099999,30715.61430000,105,855.21000000,17929.88000000,0
1643711100000,20.98000000,20.99000000,20.97000000,20.97000000,921.10000000,1643711159999,19322.10000000,56,292.76000000,6142.11240000,0
1643711160000,20.96000000,20.99000000,20.96000000,20.98000000,437.15000000,1643711219999,9170.04530000,44,201.44000000,4225.87730000,0
1643711220000,20.98000000,20.99000000,20.96000000,20.96000000,730.14000000,1643711279999,15313.90620000,62,392.50000000,8232.31120000,0
1643711280000,20.97000000,21.02000000,20.97000000,21.01000000,2187.09000000,1643711339999,45941.92000000,148,2057.41000000,43217.77440000,0
1643711340000,21.01000000,21.01000000,20.99000000,21.00000000,358.04000000,1643711399999,7519.73580000,54,159.61000000,3352.43620000,0
1643711400000,20.99000000,20.99000000,20.97000000,20.99000000,665.54000000,1643711459999,13963.84790000,62,357.17000000,7494.64720000,0
1643711460000,20.99000000,21.03000000,20.99000000,21.02000000,775.21000000,1643711519999,16288.79110000,70,531.27000000,11161.24220000,0
1643711520000,21.02000000,21.03000000,21.02000000,21.02000000,155.15000000,1643711579999,3261.46100000,29,71.44000000,1501.87680000,0
1643711580000,21.02000000,21.04000000,21.02000000,21.04000000,179.07000000,1643711639999,3766.37070000,33,167.76000000,3528.55340000,0
1643711640000,21.03000000,21.07000000,21.03000000,21.05000000,1101.00000000,1643711699999,23180.95420000,105,513.98000000,10821.38450000,0
1643711700000,21.05000000,21.06000000,21.03000000,21.04000000,1149.93000000,1643711759999,24198.86900000,79,463.33000000,9750.05310000,0
1643711760000,21.03000000,21.05000000,21.01000000,21.04000000,857.22000000,1643711819999,18024.35840000,70,278.97000000,5867.00350000,0
1643711820000,21.04000000,21.04000000,21.03000000,21.03000000,389.48000000,1643711879999,8193.96940000,47,151.01000000,3177.25040000,0
1643711880000,21.03000000,21.04000000,21.03000000,21.04000000,209.59000000,1643711939999,4409.67530000,28,178.91000000,3764.26640000,0
1643711940000,21.05000000,21.06000000,21.04000000,21.04000000,1460.53000000,1643711999999,30735.76360000,93,732.81000000,15424.28400000,0
1643712000000,21.03000000,21.04000000,21.00000000,21.00000000,1269.21000000,1643712059999,26676.58670000,95,333.04000000,7001.41230000,0
1643712060000,21.01000000,21.02000000,21.01000000,21.01000000,794.63000000,1643712119999,16698.32270000,57,587.30000000,12340.96100000,0
1643712120000,21.01000000,21.02000000,21.00000000,21.02000000,617.50000000,1643712179999,12977.29770000,55,399.08000000,8387.13480000,0
1643712180000,21.02000000,21.04000000,21.02000000,21.02000000,297.94000000,1643712239999,6265.81430000,37,177.70000000,3737.20020000,0
1643712240000,21.02000000,21.03000000,21.02000000,21.02000000,654.64000000,1643712299999,13762.25750000,47,376.39000000,7913.00340000,0
1643712300000,21.02000000,21.05000000,21.01000000,21.03000000,873.77000000,1643712359999,18375.36060000,70,344.77000000,7251.35650000,0
1643712360000,21.03000000,21.05000000,21.03000000,21.04000000,562.57000000,1643712419999,11836.77660000,44,408.90000000,8603.56900000,0
1643712420000,21.04000000,21.05000000,21.03000000,21.04000000,605.78000000,1643712479999,12745.44500000,56,248.98000000,5238.59490000,0
1643712480000,21.05000000,21.05000000,21.03000000,21.05000000,455.82000000,1643712539999,9592.61110000,55,220.44000000,4639.78130000,0
1643712540000,21.04000000,21.05000000,21.01000000,21.01000000,517.28000000,1643712599999,10880.70100000,65,120.66000000,2538.79360000,0
1643712600000,21.01000000,21.04000000,21.01000000,21.02000000,772.97000000,1643712659999,16257.29330000,50,268.94000000,5654.92890000,0
1643712660000,21.02000000,21.02000000,20.99000000,21.00000000,788.47000000,1643712719999,16563.53950000,44,71.51000000,1502.18180000,0
1643712720000,21.00000000,21.00000000,20.95000000,20.95000000,2668.76000000,1643712779999,55977.61010000,133,1036.51000000,21743.50680000,0
1643712780000,20.95000000,20.97000000,20.93000000,20.96000000,839.80000000,1643712839999,17590.31850000,55,653.71000000,13692.17590000,0
1643712840000,20.96000000,20.96000000,20.94000000,20.96000000,775.15000000,1643712899999,16241.94650000,52,637.79000000,13365.07450000,0
1643712900000,20.96000000,20.97000000,20.94000000,20.96000000,657.96000000,1643712959999,13788.35590000,49,287.39000000,6022.40140000,0
1643712960000,20.96000000,20.99000000,20.96000000,20.97000000,743.59000000,1643713019999,15595.83960000,68,495.09000000,10383.98290000,0
1643713020000,20.97000000,20.99000000,20.96000000,20.99000000,844.36000000,1643713079999,17714.31580000,87,504.74000000,10591.24890000,0
1643713080000,20.99000000,21.00000000,20.98000000,20.98000000,698.97000000,1643713139999,14670.62560000,90,319.25000000,6701.26130000,0
1643713140000,20.98000000,20.99000000,20.98000000,20.98000000,777.81000000,1643713199999,16320.34650000,56,520.43000000,10920.51410000,0
1643713200000,20.98000000,21.01000000,20.95000000,20.95000000,1750.89000000,1643713259999,36727.53760000,112,825.13000000,17309.10370000,0
1643713260000,20.95000000,20.96000000,20.95000000,20.95000000,1314.77000000,1643713319999,27552.01910000,55,880.31000000,18446.56080000,0
1643713320000,20.96000000,20.97000000,20.95000000,20.97000000,1289.74000000,1643713379999,27038.98250000,91,534.00000000,11196.04130000,0
1643713380000,20.97000000,20.98000000,20.96000000,20.96000000,454.96000000,1643713439999,9539.73910000,39,95.41000000,2000.77480000,0
1643713440000,20.96000000,20.96000000,20.94000000,20.94000000,939.14000000,1643713499999,19681.33140000,60,255.35000000,5351.93600000,0
1643713500000,20.95000000,20.98000000,20.95000000,20.97000000,2674.41000000,1643713559999,56074.51260000,98,1975.49000000,41424.71730000,0
1643713560000,20.96000000,20.99000000,20.96000000,20.96000000,949.08000000,1643713619999,19912.58110000,65,479.16000000,10055.17620000,0
1643713620000,20.96000000,20.99000000,20.96000000,20.99000000,470.57000000,1643713679999,9871.36120000,40,446.55000000,9367.76710000,0
1643713680000,20.99000000,21.00000000,20.98000000,21.00000000,1004.92000000,1643713739999,21095.44610000,71,321.40000000,6747.91410000,0
1643713740000,20.99000000,21.00000000,20.98000000,21.00000000,621.15000000,1643713799999,13040.99160000,47,282.42000000,5930.47400000,0
1643713800000,21.00000000,21.01000000,20.99000000,20.99000000,430.99000000,1643713859999,9052.51060000,34,380.44000000,7991.00530000,0
1643713860000,20.99000000,21.02000000,20.99000000,21.01000000,456.44000000,1643713919999,9588.16630000,36,268.83000000,5647.12580000,0
1643713920000,21.01000000,21.02000000,21.01000000,21.02000000,92.89000000,1643713979999,1951.63890000,13,22.11000000,464.55110000,0
1643713980000,21.02000000,21.04000000,21.01000000,21.04000000,622.72000000,1643714039999,13094.94160000,61,463.22000000,9741.32350000,0
1643714040000,21.03000000,21.03000000,21.02000000,21.03000000,927.87000000,1643714099999,19504.90590000,43,206.11000000,4333.24540000,0
1643714100000,21.03000000,21.04000000,21.02000000,21.04000000,1954.29000000,1643714159999,41116.04290000,45,1906.00000000,40100.68460000,0
1643714160000,21.05000000,21.07000000,21.05000000,21.06000000,1485.68000000,1643714219999,31282.92920000,106,685.55000000,14435.67570000,0
1643714220000,21.06000000,21.09000000,21.06000000,21.08000000,2149.04000000,1643714279999,45292.65850000,115,1384.09000000,29169.97430000,0
1643714280000,21.08000000,21.12000000,21.08000000,21.11000000,1654.54000000,1643714339999,34911.11320000,118,1204.78000000,25419.45980000,0
1643714340000,21.11000000,21.11000000,21.10000000,21.10000000,799.81000000,1643714399999,16877.85430000,56,170.97000000,3608.61120000,0
1643714400000,21.10000000,21.13000000,21.10000000,21.11000000,810.78000000,1643714459999,17120.02870000,77,439.42000000,9278.22590000,0
1643714460000,21.12000000,21.13000000,21.11000000,21.13000000,1722.62000000,1643714519999,36379.07600000,65,1063.67000000,22468.63620000,0
1643714520000,21.12000000,21.15000000,21.12000000,21.14000000,1041.21000000,1643714579999,22007.35550000,98,290.52000000,6141.25600000,0
1643714580000,21.14000000,21.14000000,21.12000000,21.14000000,1855.20000000,1643714639999,39213.94710000,92,1460.38000000,30869.66910000,0
1643714640000,21.13000000,21.14000000,21.12000000,21.14000000,312.89000000,1643714699999,6611.58340000,49,119.58000000,2526.95120000,0
1643714700000,21.14000000,21.14000000,21.12000000,21.12000000,867.06000000,1643714759999,18322.27480000,62,272.80000000,5763.72100000,0
1643714760000,21.11000000,21.12000000,21.11000000,21.12000000,238.54000000,1643714819999,5037.44970000,39,90.13000000,1903.54560000,0
1643714820000,21.13000000,21.13000000,21.09000000,21.11000000,994.61000000,1643714879999,20992.08010000,80,372.29000000,7857.62490000,0
1643714880000,21.11000000,21.12000000,21.10000000,21.10000000,258.68000000,1643714939999,5459.02050000,36,99.91000000,2108.82340000,0
1643714940000,21.11000000,21.11000000,21.09000000,21.09000000,428.12000000,1643714999999,9034.53680000,44,179.37000000,3786.50070000,0
1643715000000,21.10000000,21.11000000,21.10000000,21.10000000,1190.83000000,1643715059999,25136.54610000,50,1173.92000000,24779.74510000,0
1643715060000,21.11000000,21.11000000,21.04000000,21.04000000,3517.82000000,1643715119999,74122.70620000,152,451.54000000,9508.65070000,0
1643715120000,21.04000000,21.05000000,21.03000000,21.04000000,1719.03000000,1643715179999,36175.35300000,95,1451.80000000,30553.08120000,0
1643715180000,21.03000000,21.05000000,21.03000000,21.03000000,341.13000000,1643715239999,7176.90100000,38,241.66000000,5084.53540000,0
1643715240000,21.03000000,21.04000000,21.03000000,21.04000000,214.57000000,1643715299999,4514.41890000,25,200.26000000,4213.47040000,0
1643715300000,21.04000000,21.04000000,21.03000000,21.04000000,139.58000000,1643715359999,2936.27670000,21,61.46000000,1293.11840000,0
1643715360000,21.04000000,21.05000000,21.03000000,21.04000000,608.55000000,1643715419999,12806.56100000,63,298.08000000,6272.83950000,0
1643715420000,21.03000000,21.07000000,21.03000000,21.05000000,4707.31000000,1643715479999,99109.95150000,79,4461.58000000,93937.99630000,0
1643715480000,21.04000000,21.05000000,21.04000000,21.05000000,173.57000000,1643715539999,3652.91800000,23,100.52000000,2115.94600000,0
1643715540000,21.05000000,21.05000000,21.04000000,21.04000000,109.84000000,1643715599999,2311.23070000,22,19.71000000,414.89550000,0
1643715600000,21.05000000,21.06000000,21.03000000,21.03000000,602.81000000,1643715659999,12683.50590000,56,197.14000000,4149.57270000,0
1643715660000,21.02000000,21.03000000,21.01000000,21.03000000,608.91000000,1643715719999,12800.81340000,57,323.69000000,6805.50720000,0
1643715720000,21.03000000,21.03000000,21.02000000,21.03000000,326.29000000,1643715779999,6860.68210000,30,206.63000000,4345.42890000,0
1643715780000,21.02000000,21.02000000,20.97000000,20.98000000,7237.71000000,1643715839999,151896.17180000,214,888.27000000,18650.05350000,0
1643715840000,20.98000000,20.99000000,20.98000000,20.99000000,367.13000000,1643715899999,7704.39620000,42,177.99000000,3735.70100000,0
1643715900000,20.99000000,21.01000000,20.97000000,20.97000000,1231.11000000,1643715959999,25838.46180000,92,436.51000000,9162.95140000,0
1643715960000,20.97000000,20.98000000,20.96000000,20.97000000,524.49000000,1643716019999,10999.64420000,41,365.30000000,7661.43780000,0
1643716020000,20.97000000,20.97000000,20.96000000,20.96000000,685.80000000,1643716079999,14379.79690000,46,296.81000000,6224.10570000,0
1643716080000,20.97000000,20.98000000,20.96000000,20.98000000,662.74000000,1643716139999,13899.94190000,46,475.55000000,9974.68770000,0
1643716140000,20.98000000,20.98000000,20.97000000,20.98000000,925.31000000,1643716199999,19410.92460000,49,447.51000000,9388.75980000,0
1643716200000,20.99000000,20.99000000,20.98000000,20.98000000,354.77000000,1643716259999,7443.90950000,25,116.23000000,2439.34030000,0
1643716260000,20.98000000,20.98000000,20.96000000,20.96000000,258.95000000,1643716319999,5431.65900000,31,2.42000000,50.77160000,0
1643716320000,20.96000000,20.97000000,20.96000000,20.96000000,201.52000000,1643716379999,4225.68880000,11,182.96000000,3836.67120000,0
1643716380000,20.96000000,20.98000000,20.95000000,20.95000000,948.10000000,1643716439999,19877.61530000,54,714.51000000,14981.15390000,0
1643716440000,20.95000000,20.95000000,20.94000000,20.94000000,810.06000000,1643716499999,16967.19890000,68,228.39000000,4784.77050000,0
1643716500000,20.95000000,20.97000000,20.95000000,20.97000000,976.43000000,1643716559999,20466.39490000,42,960.98000000,20142.68290000,0
1643716560000,20.97000000,21.00000000,20.97000000,20.99000000,3706.49000000,1643716619999,77780.08770000,127,1755.86000000,36838.42660000,0
1643716620000,21.00000000,21.00000000,20.98000000,20.99000000,256.93000000,1643716679999,5393.44160000,27,138.36000000,2904.69840000,0
1643716680000,20.99000000,21.04000000,20.99000000,21.01000000,1569.40000000,1643716739999,32989.61500000,114,1242.78000000,26122.41110000,0
1643716740000,21.01000000,21.02000000,21.00000000,21.00000000,618.85000000,1643716799999,13004.42990000,51,251.56000000,5286.99950000,0
1643716800000,21.00000000,21.02000000,21.00000000,21.02000000,373.53000000,1643716859999,7846.88090000,44,217.19000000,4563.65980000,0
1643716860000,21.02000000,21.03000000,21.02000000,21.02000000,366.94000000,1643716919999,7713.66870000,37,187.28000000,3937.21550000,0
1643716920000,21.03000000,21.04000000,21.02000000,21.03000000,415.14000000,1643716979999,8730.17580000,29,171.67000000,3610.30800000,0
1643716980000,21.04000000,21.06000000,21.04000000,21.04000000,707.07000000,1643717039999,14881.26740000,54,582.57000000,12260.58260000,0
1643717040000,21.05000000,21.05000000,21.00000000,21.00000000,3407.73000000,1643717099999,71650.80710000,98,355.93000000,7491.97010000,0
1643717100000,21.00000000,21.00000000,20.98000000,20.99000000,824.69000000,1643717159999,17312.20170000,66,602.88000000,12655.81190000,0
1643717160000,21.00000000,21.03000000,21.00000000,21.02000000,1348.01000000,1643717219999,28328.46550000,93,1067.44000000,22432.59350000,0
1643717220000,21.03000000,21.04000000,21.02000000,21.02000000,515.36000000,1643717279999,10835.53950000,48,240.00000000,5046.03840000,0
1643717280000,21.02000000,21.03000000,21.02000000,21.03000000,135.26000000,1643717339999,2843.97160000,17,122.55000000,2576.80740000,0
1643717340000,21.02000000,21.04000000,21.02000000,21.03000000,2475.91000000,1643717399999,52067.80250000,98,1740.98000000,36614.45070000,0
1643717400000,21.03000000,21.04000000,21.03000000,21.04000000,137.10000000,1643717459999,2883.32900000,19,84.45000000,1776.09950000,0
1643717460000,21.03000000,21.05000000,21.03000000,21.03000000,653.47000000,1643717519999,13747.66700000,57,314.87000000,6624.94480000,0
1643717520000,21.03000000,21.04000000,21.02000000,21.03000000,682.72000000,1643717579999,14359.43410000,37,303.97000000,6394.37220000,0
1643717580000,21.03000000,21.04000000,21.03000000,21.03000000,305.96000000,1643717639999,6434.65840000,39,66.93000000,1407.85750000,0
1643717640000,21.02000000,21.05000000,21.02000000,21.05000000,417.09000000,1643717699999,8771.06900000,33,225.03000000,4733.93770000,0
1643717700000,21.05000000,21.08000000,21.03000000,21.07000000,1631.50000000,1643717759999,34357.51440000,116,1215.54000000,25598.66600000,0
1643717760000,21.07000000,21.07000000,21.05000000,21.05000000,1208.52000000,1643717819999,25455.15610000,78,225.03000000,4737.76730000,0
1643717820000,21.04000000,21.04000000,21.02000000,21.03000000,265.37000000,1643717879999,5581.58160000,35,39.48000000,830.26440000,0
1643717880000,21.03000000,21.03000000,21.02000000,21.03000000,774.24000000,1643717939999,16282.03680000,39,304.98000000,6413.72940000,0
1643717940000,21.02000000,21.02000000,21.00000000,21.01000000,1034.30000000,1643717999999,21732.26190000,58,336.49000000,7069.87600000,0
1643718000000,21.01000000,21.01000000,20.99000000,20.99000000,485.09000000,1643718059999,10185.73140000,28,80.81000000,1697.06280000,0
1643718060000,21.00000000,21.03000000,21.00000000,21.01000000,2401.42000000,1643718119999,50456.18210000,111,1922.55000000,40390.62020000,0
1643718120000,21.02000000,21.04000000,21.02000000,21.03000000,1156.13000000,1643718179999,24315.96840000,93,564.26000000,11868.27940000,0
1643718180000,21.03000000,21.03000000,21.01000000,21.01000000,842.31000000,1643718239999,17704.76090000,41,2.24000000,47.10720000,0
1643718240000,21.02000000,21.05000000,21.01000000,21.04000000,3857.61000000,1643718299999,81126.83350000,143,3320.50000000,69827.52160000,0
1643718300000,21.04000000,21.06000000,21.03000000,21.06000000,491.63000000,1643718359999,10346.44690000,55,324.70000000,6834.21290000,0
1643718360000,21.06000000,21.08000000,21.05000000,21.07000000,427.36000000,1643718419999,9002.96990000,42,106.75000000,2249.15350000,0
1643718420000,21.07000000,21.07000000,21.06000000,21.06000000,508.32000000,1643718479999,10706.78450000,65,156.53000000,3298.08710000,0
1643718480000,21.06000000,21.07000000,21.06000000,21.07000000,181.69000000,1643718539999,3827.74120000,28,168.98000000,3560.06860000,0
1643718540000,21.07000000,21.07000000,21.06000000,21.06000000,172.59000000,1643718599999,3636.01750000,24,0.00000000,0.00000000,0
1643718600000,21.06000000,21.06000000,21.05000000,21.06000000,599.91000000,1643718659999,12633.65880000,48,437.11000000,9205.53660000,0
1643718660000,21.06000000,21.07000000,21.03000000,21.04000000,2942.13000000,1643718719999,61917.90850000,86,2311.69000000,48643.47810000,0
1643718720000,21.05000000,21.05000000,21.03000000,21.04000000,259.03000000,1643718779999,5449.54570000,30,116.87000000,2459.53890000,0
1643718780000,21.05000000,21.06000000,21.04000000,21.04000000,686.02000000,1643718839999,14439.11330000,34,78.04000000,1642.74700000,0
1643718840000,21.05000000,21.09000000,21.05000000,21.09000000,783.93000000,1643718899999,16514.23460000,74,711.94000000,14997.55410000,0
1643718900000,21.08000000,21.09000000,21.08000000,21.08000000,413.89000000,1643718959999,8726.87880000,46,262.03000000,5525.29140000,0
1643718960000,21.08000000,21.10000000,21.08000000,21.09000000,455.91000000,1643719019999,9615.30660000,39,185.83000000,3919.36020000,0
1643719020000,21.10000000,21.10000000,21.08000000,21.08000000,925.78000000,1643719079999,19521.28540000,50,365.02000000,7699.65900000,0
1643719080000,21.08000000,21.09000000,21.08000000,21.08000000,919.92000000,1643719139999,19400.71150000,44,600.87000000,12672.34830000,0
1643719140000,21.09000000,21.10000000,21.08000000,21.08000000,2865.92000000,1643719199999,60442.03520000,61,2555.15000000,53888.12350000,0
1643719200000,21.09000000,21.09000000,21.03000000,21.04000000,5446.32000000,1643719259999,114669.73330000,172,341.82000000,7193.78600000,0
1643719260000,21.04000000,21.04000000,21.02000000,21.02000000,247.45000000,1643719319999,5203.41120000,30,106.98000000,2249.80060000,0
1643719320000,21.02000000,21.04000000,21.02000000,21.02000000,413.14000000,1643719379999,8688.12590000,56,268.64000000,5650.40180000,0
1643719380000,21.03000000,21.03000000,21.00000000,21.00000000,1201.18000000,1643719439999,25255.83660000,61,857.90000000,18040.69370000,0
1643719440000,21.01000000,21.02000000,21.01000000,21.01000000,461.53000000,1643719499999,9700.50070000,32,378.73000000,7960.40890000,0
1643719500000,21.02000000,21.03000000,21.00000000,21.03000000,792.14000000,1643719559999,16645.54580000,60,443.62000000,9323.09560000,0
1643719560000,21.02000000,21.04000000,21.02000000,21.02000000,1524.74000000,1643719619999,32064.30770000,70,672.95000000,14157.56730000,0
1643719620000,21.02000000,21.02000000,21.00000000,21.00000000,1472.83000000,1643719679999,30956.75980000,67,355.98000000,7482.69960000,0
1643719680000,21.00000000,21.00000000,20.97000000,20.98000000,1259.40000000,1643719739999,26433.11870000,51,378.47000000,7940.30060000,0
1643719740000,20.98000000,20.99000000,20.96000000,20.97000000,694.47000000,1643719799999,14566.72280000,88,620.69000000,13019.53020000,0
1643719800000,20.97000000,21.00000000,20.97000000,21.00000000,753.32000000,1643719859999,15800.82860000,67,480.23000000,10074.00780000,0
1643719860000,20.99000000,21.02000000,20.99000000,21.02000000,1829.90000000,1643719919999,38430.12170000,64,1290.98000000,27113.06890000,0
1643719920000,21.01000000,21.02000000,21.01000000,21.01000000,525.65000000,1643719979999,11044.26230000,34,158.34000000,3327.07920000,0
1643719980000,21.02000000,21.02000000,21.01000000,21.02000000,734.70000000,1643720039999,15441.55210000,61,200.24000000,4209.04480000,0
1643720040000,21.03000000,21.03000000,21.00000000,21.01000000,2276.73000000,1643720099999,47872.21750000,79,2093.89000000,44029.48200000,0
1643720100000,21.01000000,21.02000000,21.00000000,21.02000000,1518.69000000,1643720159999,31908.43220000,60,1448.22000000,30428.08700000,0
1643720160000,21.01000000,21.02000000,21.00000000,21.00000000,669.39000000,1643720219999,14065.23580000,47,119.97000000,2521.22680000,0
1643720220000,21.00000000,21.00000000,20.98000000,21.00000000,3349.30000000,1643720279999,70321.56650000,120,1114.54000000,23401.42060000,0
1643720280000,21.01000000,21.01000000,20.99000000,21.00000000,1593.11000000,1643720339999,33466.35320000,69,1242.19000000,26097.22980000,0
1643720340000,21.00000000,21.03000000,20.99000000,21.03000000,1790.66000000,1643720399999,37624.62440000,91,1483.94000000,31181.69220000,0
1643720400000,21.04000000,21.04000000,21.02000000,21.02000000,415.93000000,1643720459999,8747.50600000,34,96.50000000,2030.11220000,0
1643720460000,21.03000000,21.04000000,21.03000000,21.03000000,1041.10000000,1643720519999,21904.03300000,46,1029.67000000,21663.66010000,0
1643720520000,21.04000000,21.04000000,21.03000000,21.03000000,9.43000000,1643720579999,198.32640000,6,1.35000000,28.40400000,0
1643720580000,21.03000000,21.04000000,21.03000000,21.03000000,853.15000000,1643720639999,17947.95120000,56,338.33000000,7118.46320000,0
1643720640000,21.03000000,21.04000000,21.03000000,21.03000000,190.20000000,1643720699999,4001.15830000,20,125.23000000,2634.83920000,0
1643720700000,21.04000000,21.05000000,21.04000000,21.04000000,197.90000000,1643720759999,4163.93510000,44,81.43000000,1713.40630000,0
1643720760000,21.04000000,21.04000000,21.02000000,21.04000000,874.04000000,1643720819999,18384.02080000,101,223.69000000,4705.11720000,0
1643720820000,21.03000000,21.03000000,21.01000000,21.02000000,746.65000000,1643720879999,15694.94480000,68,475.63000000,9997.87890000,0
1643720880000,21.03000000,21.03000000,21.02000000,21.02000000,77.17000000,1643720939999,1622.80970000,14,69.63000000,1464.31890000,0
1643720940000,21.03000000,21.03000000,21.01000000,21.01000000,439.27000000,1643720999999,9233.74950000,25,30.24000000,635.94720000,0
1643721000000,21.02000000,21.02000000,21.01000000,21.02000000,2166.40000000,1643721059999,45537.51500000,35,2145.10000000,45090.00200000,0
1643721060000,21.02000000,21.03000000,21.02000000,21.02000000,1177.96000000,1643721119999,24771.89950000,69,640.49000000,13469.50470000,0
1643721120000,21.03000000,21.03000000,21.01000000,21.02000000,1433.73000000,1643721179999,30135.64640000,68,173.95000000,3656.78270000,0
1643721180000,21.03000000,21.03000000,20.98000000,20.98000000,917.52000000,1643721239999,19270.99680000,66,13.28000000,279.01450000,0
1643721240000,20.99000000,20.99000000,20.97000000,20.99000000,655.87000000,1643721299999,13763.18540000,70,430.46000000,9033.89150000,0
1643721300000,20.99000000,21.03000000,20.99000000,21.03000000,2231.49000000,1643721359999,46904.22730000,118,1771.63000000,37234.54190000,0
1643721360000,21.03000000,21.04000000,21.01000000,21.02000000,1290.36000000,1643721419999,27129.58660000,134,840.63000000,17675.61470000,0
1643721420000,21.02000000,21.02000000,21.01000000,21.01000000,434.41000000,1643721479999,9127.22260000,60,141.96000000,2982.84810000,0
1643721480000,21.02000000,21.02000000,21.01000000,21.02000000,210.30000000,1643721539999,4418.92480000,51,90.77000000,1907.59950000,0
1643721540000,21.02000000,21.03000000,21.01000000,21.02000000,487.30000000,1643721599999,10243.26200000,107,377.26000000,7930.26480000,0
1643721600000,21.03000000,21.03000000,21.02000000,21.03000000,625.75000000,1643721659999,13159.23810000,56,451.79000000,9501.14370000,0
1643721660000,21.03000000,21.03000000,21.01000000,21.01000000,587.70000000,1643721719999,12354.57960000,101,191.01000000,4015.11280000,0
1643721720000,21.02000000,21.03000000,21.02000000,21.02000000,127.50000000,1643721779999,2680.05710000,22,31.37000000,659.40450000,0
1643721780000,21.02000000,21.02000000,21.01000000,21.02000000,2003.96000000,1643721839999,42123.23120000,39,1825.87000000,38379.78740000,0
1643721840000,21.02000000,21.03000000,21.02000000,21.02000000,1160.69000000,1643721899999,24397.76950000,37,362.47000000,7619.18510000,0
1643721900000,21.02000000,21.04000000,21.01000000,21.04000000,2032.75000000,1643721959999,42752.02320000,86,1866.86000000,39265.17500000,0
1643721960000,21.05000000,21.08000000,21.02000000,21.03000000,9376.42000000,1643722019999,197388.44320000,301,3211.17000000,67629.65870000,0
1643722020000,21.02000000,21.03000000,20.92000000,20.95000000,6478.59000000,1643722079999,135770.93860000,302,2853.93000000,59795.05440000,0
1643722080000,20.95000000,20.96000000,20.94000000,20.95000000,565.27000000,1643722139999,11840.17040000,70,293.30000000,6144.10850000,0
1643722140000,20.95000000,20.96000000,20.93000000,20.94000000,1714.64000000,1643722199999,35922.06960000,85,1017.32000000,21313.91440000,0
1643722200000,20.93000000,20.95000000,20.93000000,20.94000000,1115.32000000,1643722259999,23349.64760000,90,598.24000000,12526.63200000,0
1643722260000,20.93000000,20.93000000,20.86000000,20.87000000,4932.73000000,1643722319999,103067.80370000,224,1437.14000000,30026.13650000,0
1643722320000,20.87000000,20.87000000,20.82000000,20.85000000,2722.07000000,1643722379999,56733.14720000,167,1149.48000000,23954.71720000,0
1643722380000,20.84000000,20.89000000,20.84000000,20.88000000,1195.52000000,1643722439999,24953.13660000,127,855.69000000,17858.45320000,0
1643722440000,20.89000000,20.90000000,20.88000000,20.89000000,245.28000000,1643722499999,5123.89520000,33,195.04000000,4074.42650000,0
1643722500000,20.90000000,20.90000000,20.88000000,20.88000000,2189.42000000,1643722559999,45729.15630000,142,938.33000000,19600.79170000,0
1643722560000,20.88000000,20.92000000,20.88000000,20.92000000,897.79000000,1643722619999,18764.96250000,93,802.49000000,16773.09630000,0
1643722620000,20.92000000,20.93000000,20.92000000,20.92000000,869.88000000,1643722679999,18202.36020000,64,424.66000000,8887.36930000,0
1643722680000,20.92000000,20.94000000,20.92000000,20.93000000,208.49000000,1643722739999,4362.92060000,24,103.79000000,2172.34770000,0
1643722740000,20.94000000,20.95000000,20.93000000,20.95000000,381.80000000,1643722799999,7994.93080000,39,288.03000000,6031.46820000,0
1643722800000,20.95000000,21.03000000,20.95000000,21.02000000,6026.33000000,1643722859999,126586.52640000,247,3312.62000000,69563.88250000,0
1643722860000,21.01000000,21.06000000,21.00000000,21.05000000,3761.54000000,1643722919999,79112.88220000,154,2593.27000000,54530.73300000,0
1643722920000,21.05000000,21.09000000,21.04000000,21.05000000,2921.86000000,1643722979999,61550.23060000,147,1328.05000000,27981.03020000,0
1643722980000,21.05000000,21.08000000,21.03000000,21.03000000,1337.23000000,1643723039999,28142.23460000,91,778.47000000,16383.76310000,0
1643723040000,21.03000000,21.03000000,21.00000000,21.02000000,1041.98000000,1643723099999,21898.55510000,95,509.67000000,10711.24710000,0
1643723100000,21.03000000,21.04000000,21.00000000,21.00000000,1695.44000000,1643723159999,35643.08470000,100,1059.21000000,22267.27770000,0
1643723160000,21.01000000,21.02000000,20.97000000,20.98000000,8620.00000000,1643723219999,181014.66140000,130,624.67000000,13120.10100000,0
1643723220000,20.98000000,20.99000000,20.97000000,20.98000000,618.90000000,1643723279999,12986.59520000,60,241.76000000,5073.41910000,0
1643723280000,20.98000000,20.99000000,20.97000000,20.99000000,1583.92000000,1643723339999,33237.08920000,73,872.25000000,18305.85520000,0
1643723340000,20.99000000,20.99000000,20.97000000,20.98000000,315.02000000,1643723399999,6610.06420000,35,198.38000000,4163.03680000,0
1643723400000,20.99000000,21.04000000,20.99000000,21.03000000,1593.59000000,1643723459999,33495.09510000,123,1081.32000000,22727.74630000,0
1643723460000,21.04000000,21.07000000,21.04000000,21.05000000,1929.43000000,1643723519999,40617.96840000,130,1084.34000000,22829.38490000,0
1643723520000,21.05000000,21.06000000,21.03000000,21.05000000,6045.81000000,1643723579999,127225.05260000,132,332.23000000,6991.99890000,0
1643723580000,21.05000000,21.06000000,21.04000000,21.05000000,1752.70000000,1643723639999,36892.47740000,111,1258.93000000,26500.50160000,0
1643723640000,21.04000000,21.05000000,21.03000000,21.03000000,626.98000000,1643723699999,13191.22980000,57,265.03000000,5576.61150000,0
1643723700000,21.02000000,21.06000000,21.01000000,21.06000000,4638.42000000,1643723759999,97554.45210000,178,3541.14000000,74474.02730000,0
1643723760000,21.06000000,21.10000000,21.05000000,21.09000000,6977.56000000,1643723819999,147143.29280000,181,6318.43000000,133255.58560000,0
1643723820000,21.10000000,21.16000000,21.07000000,21.08000000,17995.23000000,1643723879999,380166.36560000,469,12327.21000000,260508.62550000,0
1643723880000,21.09000000,21.10000000,21.06000000,21.07000000,1842.96000000,1643723939999,38843.54300000,130,905.55000000,19087.04150000,0
1643723940000,21.07000000,21.07000000,21.05000000,21.06000000,892.04000000,1643723999999,18786.03040000,73,474.89000000,10001.21660000,0
1643724000000,21.06000000,21.07000000,21.00000000,21.02000000,4519.79000000,1643724059999,95010.83320000,173,990.00000000,20807.21290000,0
1643724060000,21.03000000,21.03000000,21.00000000,21.03000000,1900.79000000,1643724119999,39948.99230000,122,990.19000000,20812.29450000,0
1643724120000,21.02000000,21.06000000,21.02000000,21.05000000,2749.03000000,1643724179999,57854.47570000,116,1459.37000000,30712.01010000,0
1643724180000,21.05000000,21.09000000,21.04000000,21.09000000,1166.27000000,1643724239999,24565.27840000,124,630.46000000,13282.44180000,0
1643724240000,21.09000000,21.10000000,21.07000000,21.07000000,1172.84000000,1643724299999,24728.44340000,89,359.83000000,7586.91340000,0
1643724300000,21.07000000,21.09000000,21.06000000,21.08000000,633.03000000,1643724359999,13342.62260000,53,379.77000000,8005.58270000,0
1643724360000,21.07000000,21.07000000,21.05000000,21.07000000,2010.27000000,1643724419999,42330.40590000,106,731.63000000,15405.28680000,0
1643724420000,21.07000000,21.08000000,21.06000000,21.08000000,805.69000000,1643724479999,16974.53100000,70,530.95000000,11187.64990000,0
1643724480000,21.08000000,21.11000000,21.06000000,21.07000000,2049.90000000,1643724539999,43225.85820000,121,1421.20000000,29970.34260000,0
1643724540000,21.07000000,21.08000000,21.05000000,21.07000000,1112.94000000,1643724599999,23446.19220000,93,671.15000000,14139.85020000,0
1643724600000,21.07000000,21.08000000,21.07000000,21.07000000,623.05000000,1643724659999,13130.13670000,62,511.70000000,10783.99220000,0
1643724660000,21.08000000,21.09000000,21.07000000,21.09000000,167.19000000,1643724719999,3523.73470000,29,95.95000000,2022.67280000,0
1643724720000,21.09000000,21.09000000,21.06000000,21.07000000,1395.99000000,1643724779999,29421.38410000,84,332.84000000,7015.32900000,0
1643724780000,21.07000000,21.08000000,21.06000000,21.07000000,623.07000000,1643724839999,13128.41020000,44,376.82000000,7939.95030000,0
1643724840000,21.07000000,21.08000000,21.06000000,21.06000000,267.53000000,1643724899999,5636.85860000,49,126.08000000,2656.93950000,0
1643724900000,21.07000000,21.08000000,21.07000000,21.08000000,280.83000000,1643724959999,5917.49880000,38,140.29000000,2956.32100000,0
1643724960000,21.08000000,21.09000000,21.05000000,21.06000000,1973.15000000,1643725019999,41586.37810000,179,1062.00000000,22386.80240000,0
1643725020000,21.05000000,21.07000000,21.04000000,21.07000000,676.32000000,1643725079999,14242.04530000,63,370.31000000,7798.30150000,0
1643725080000,21.07000000,21.07000000,21.03000000,21.03000000,1558.45000000,1643725139999,32797.86360000,144,457.00000000,9617.72620000,0
1643725140000,21.03000000,21.06000000,21.03000000,21.04000000,496.84000000,1643725199999,10454.51280000,67,362.36000000,7625.18210000,0
1643725200000,21.04000000,21.08000000,21.04000000,21.06000000,2454.00000000,1643725259999,51707.24990000,53,2447.85000000,51577.83390000,0
1643725260000,21.07000000,21.08000000,21.06000000,21.06000000,167.90000000,1643725319999,3537.60310000,34,52.97000000,1116.16270000,0
1643725320000,21.07000000,21.07000000,21.05000000,21.06000000,660.85000000,1643725379999,13915.64580000,92,212.88000000,4483.28030000,0
1643725380000,21.06000000,21.06000000,21.04000000,21.04000000,573.43000000,1643725439999,12074.58600000,71,137.52000000,2896.14020000,0
1643725440000,21.05000000,21.08000000,21.05000000,21.06000000,1384.63000000,1643725499999,29164.46880000,124,978.59000000,20611.49690000,0
1643725500000,21.06000000,21.11000000,21.06000000,21.07000000,3329.10000000,1643725559999,70224.33330000,193,2096.84000000,44229.85930000,0
1643725560000,21.07000000,21.08000000,21.07000000,21.07000000,885.51000000,1643725619999,18657.70610000,66,611.58000000,12886.00100000,0
1643725620000,21.07000000,21.10000000,21.07000000,21.08000000,639.97000000,1643725679999,13492.56980000,74,303.22000000,6393.06050000,0
1643725680000,21.07000000,21.08000000,21.07000000,21.07000000,45.24000000,1643725739999,953.30790000,15,10.11000000,213.11880000,0
1643725740000,21.08000000,21.09000000,21.07000000,21.07000000,839.94000000,1643725799999,17705.08470000,70,476.10000000,10036.19860000,0
1643725800000,21.08000000,21.10000000,21.02000000,21.02000000,3104.75000000,1643725859999,65396.76710000,181,1149.89000000,24223.46570000,0
1643725860000,21.01000000,21.01000000,20.96000000,20.98000000,7989.49000000,1643725919999,167655.91530000,275,2084.95000000,43753.12350000,0
1643725920000,20.98000000,21.00000000,20.96000000,20.99000000,1752.64000000,1643725979999,36758.96020000,126,1082.40000000,22701.74310000,0
1643725980000,20.98000000,20.98000000,20.94000000,20.96000000,2211.63000000,1643726039999,46375.05550000,98,353.70000000,7412.93270000,0
1643726040000,20.96000000,21.10000000,20.96000000,21.09000000,8580.79000000,1643726099999,180704.06840000,359,6583.29000000,138641.73290000,0
1643726100000,21.09000000,21.09000000,21.05000000,21.06000000,1657.45000000,1643726159999,34918.31390000,121,776.21000000,16351.93890000,0
1643726160000,21.06000000,21.07000000,21.04000000,21.04000000,1219.39000000,1643726219999,25664.52970000,95,773.17000000,16272.82640000,0
1643726220000,21.03000000,21.03000000,20.89000000,20.93000000,6385.55000000,1643726279999,133693.03440000,256,2524.47000000,52860.28130000,0
1643726280000,20.93000000,20.98000000,20.92000000,20.97000000,1131.65000000,1643726339999,23716.90430000,112,699.20000000,14654.19270000,0
1643726340000,20.97000000,20.97000000,20.93000000,20.95000000,5724.59000000,1643726399999,119894.25680000,220,2357.05000000,49377.35830000,0
1643726400000,20.96000000,20.99000000,20.96000000,20.98000000,1070.81000000,1643726459999,22459.84730000,114,643.76000000,13502.28540000,0
1643726460000,20.98000000,20.99000000,20.96000000,20.96000000,1340.18000000,1643726519999,28115.70060000,87,419.71000000,8804.08500000,0
1643726520000,20.95000000,20.95000000,20.89000000,20.89000000,5079.20000000,1643726579999,106254.77460000,198,2590.63000000,54197.98470000,0
1643726580000,20.89000000,20.90000000,20.80000000,20.82000000,6776.43000000,1643726639999,141213.05370000,348,2991.14000000,62330.28980000,0
1643726640000,20.83000000,20.86000000,20.81000000,20.85000000,4497.77000000,1643726699999,93718.30640000,183,1954.29000000,40721.48870000,0
1643726700000,20.84000000,20.88000000,20.82000000,20.84000000,5504.57000000,1643726759999,114770.42380000,273,2543.23000000,53043.48210000,0
1643726760000,20.84000000,20.86000000,20.84000000,20.85000000,1704.32000000,1643726819999,35537.74060000,112,1020.64000000,21281.60950000,0
1643726820000,20.84000000,20.85000000,20.78000000,20.78000000,3969.91000000,1643726879999,82620.34390000,182,991.40000000,20633.09750000,0
1643726880000,20.78000000,20.86000000,20.78000000,20.85000000,6074.49000000,1643726939999,126369.07330000,263,4360.66000000,90713.74500000,0
1643726940000,20.85000000,20.91000000,20.85000000,20.89000000,3816.56000000,1643726999999,79695.06950000,197,1933.73000000,40379.38150000,0
1643727000000,20.89000000,20.95000000,20.89000000,20.93000000,2605.99000000,1643727059999,54555.18050000,187,1482.34000000,31030.81320000,0
1643727060000,20.93000000,20.93000000,20.89000000,20.91000000,1337.34000000,1643727119999,27965.34010000,117,321.72000000,6727.68590000,0
1643727120000,20.91000000,20.91000000,20.88000000,20.88000000,2075.89000000,1643727179999,43374.74000000,101,971.78000000,20306.16870000,0
1643727180000,20.88000000,20.91000000,20.83000000,20.89000000,3992.07000000,1643727239999,83345.79080000,185,2768.52000000,57826.96820000,0
1643727240000,20.89000000,20.89000000,20.85000000,20.85000000,2404.68000000,1643727299999,50194.32770000,143,1092.39000000,22806.48240000,0
1643727300000,20.85000000,20.89000000,20.85000000,20.89000000,3395.00000000,1643727359999,70870.98990000,222,1431.76000000,29885.54230000,0
1643727360000,20.88000000,20.88000000,20.84000000,20.87000000,2008.80000000,1643727419999,41898.38380000,148,1016.70000000,21207.87320000,0
1643727420000,20.87000000,20.91000000,20.87000000,20.91000000,1512.14000000,1643727479999,31600.68080000,134,1175.79000000,24571.75350000,0
1643727480000,20.91000000,20.93000000,20.89000000,20.93000000,1737.67000000,1643727539999,36332.00440000,99,1086.60000000,22723.10150000,0
1643727540000,20.92000000,20.96000000,20.92000000,20.94000000,2429.84000000,1643727599999,50901.57530000,136,1964.42000000,41151.99920000,0
1643727600000,20.94000000,20.94000000,20.84000000,20.86000000,4275.31000000,1643727659999,89323.14450000,222,671.26000000,14002.79450000,0
1643727660000,20.87000000,20.89000000,20.83000000,20.84000000,2942.07000000,1643727719999,61356.02070000,149,1048.47000000,21859.54510000,0
1643727720000,20.84000000,20.86000000,20.75000000,20.76000000,13251.06000000,1643727779999,275675.61520000,526,4627.71000000,96289.29240000,0
1643727780000,20.75000000,20.79000000,20.73000000,20.73000000,5499.07000000,1643727839999,114130.43890000,281,1887.12000000,39161.52860000,0
1643727840000,20.73000000,20.78000000,20.73000000,20.77000000,4035.76000000,1643727899999,83787.91790000,231,1584.39000000,32892.11390000,0
1643727900000,20.78000000,20.81000000,20.76000000,20.76000000,4942.44000000,1643727959999,102760.54790000,182,3898.51000000,81071.81350000,0
1643727960000,20.75000000,20.83000000,20.75000000,20.82000000,4003.00000000,1643728019999,83242.24150000,180,2992.91000000,62251.30000000,0
1643728020000,20.82000000,20.83000000,20.81000000,20.82000000,643.12000000,1643728079999,13390.79640000,54,265.75000000,5533.69040000,0
1643728080000,20.82000000,20.83000000,20.81000000,20.81000000,762.35000000,1643728139999,15877.47920000,52,356.80000000,7431.83190000,0
1643728140000,20.82000000,20.83000000,20.81000000,20.83000000,928.41000000,1643728199999,19327.79930000,81,360.95000000,7515.14840000,0
1643728200000,20.83000000,20.88000000,20.82000000,20.82000000,1807.54000000,1643728259999,37677.22260000,142,714.70000000,14898.78400000,0
1643728260000,20.83000000,20.83000000,20.80000000,20.80000000,1767.38000000,1643728319999,36788.12300000,128,623.45000000,12979.04350000,0
1643728320000,20.80000000,20.82000000,20.79000000,20.81000000,3577.14000000,1643728379999,74448.75120000,143,633.01000000,13171.39810000,0
1643728380000,20.81000000,20.89000000,20.81000000,20.87000000,1636.71000000,1643728439999,34123.40120000,135,1166.87000000,24324.31880000,0
1643728440000,20.87000000,20.89000000,20.82000000,20.88000000,6337.60000000,1643728499999,132150.21790000,227,1374.94000000,28666.80280000,0
1643728500000,20.88000000,20.88000000,20.86000000,20.87000000,2111.09000000,1643728559999,44072.50860000,104,783.07000000,16347.31340000,0
1643728560000,20.87000000,20.87000000,20.83000000,20.85000000,1011.40000000,1643728619999,21087.35170000,68,460.54000000,9600.54500000,0
1643728620000,20.84000000,20.87000000,20.84000000,20.85000000,647.00000000,1643728679999,13491.28840000,57,417.18000000,8700.48250000,0
1643728680000,20.85000000,20.86000000,20.84000000,20.84000000,548.82000000,1643728739999,11443.10290000,32,85.74000000,1787.92900000,0
1643728740000,20.84000000,20.84000000,20.82000000,20.82000000,939.41000000,1643728799999,19571.76840000,75,238.70000000,4974.50800000,0
1643728800000,20.82000000,20.85000000,20.82000000,20.84000000,237.88000000,1643728859999,4955.20850000,34,185.94000000,3873.19830000,0
1643728860000,20.85000000,20.88000000,20.84000000,20.87000000,1259.01000000,1643728919999,26263.80330000,82,1085.54000000,22643.99210000,0
1643728920000,20.87000000,20.90000000,20.87000000,20.90000000,772.32000000,1643728979999,16132.47310000,68,584.74000000,12214.93370000,0
1643728980000,20.91000000,20.91000000,20.89000000,20.89000000,280.64000000,1643729039999,5865.35080000,17,74.90000000,1565.45920000,0
1643729040000,20.89000000,20.94000000,20.89000000,20.91000000,5939.63000000,1643729099999,124231.21780000,221,3128.00000000,65419.41130000,0
1643729100000,20.92000000,20.93000000,20.91000000,20.91000000,615.20000000,1643729159999,12867.13990000,57,357.10000000,7468.92060000,0
1643729160000,20.91000000,20.91000000,20.87000000,20.89000000,1182.32000000,1643729219999,24694.67630000,82,140.62000000,2936.83800000,0
1643729220000,20.89000000,20.89000000,20.86000000,20.87000000,504.08000000,1643729279999,10523.55770000,49,104.52000000,2181.33240000,0
1643729280000,20.88000000,20.88000000,20.87000000,20.88000000,467.61000000,1643729339999,9763.66190000,54,267.83000000,5592.29040000,0
1643729340000,20.88000000,20.89000000,20.86000000,20.86000000,737.65000000,1643729399999,15395.13220000,68,227.35000000,4745.92360000,0
1643729400000,20.86000000,20.88000000,20.85000000,20.86000000,539.79000000,1643729459999,11263.56190000,49,259.64000000,5418.02640000,0
1643729460000,20.87000000,20.89000000,20.87000000,20.88000000,669.11000000,1643729519999,13968.98140000,69,431.11000000,8999.54140000,0
1643729520000,20.88000000,20.89000000,20.88000000,20.88000000,1532.52000000,1643729579999,32011.19470000,98,1061.89000000,22182.11090000,0
1643729580000,20.88000000,20.88000000,20.85000000,20.87000000,3759.78000000,1643729639999,78461.00400000,134,678.07000000,14148.95000000,0
1643729640000,20.87000000,20.87000000,20.84000000,20.85000000,676.10000000,1643729699999,14101.98590000,71,318.37000000,6640.46690000,0
1643729700000,20.85000000,20.86000000,20.83000000,20.84000000,757.86000000,1643729759999,15797.22140000,81,456.28000000,9510.76280000,0
1643729760000,20.84000000,20.85000000,20.84000000,20.84000000,1222.06000000,1643729819999,25472.61500000,83,676.28000000,14097.34060000,0
1643729820000,20.85000000,20.86000000,20.80000000,20.85000000,7984.13000000,1643729879999,166270.03180000,220,2272.49000000,47368.33810000,0
1643729880000,20.84000000,20.85000000,20.84000000,20.85000000,474.22000000,1643729939999,9886.74900000,46,272.54000000,5682.45900000,0
1643729940000,20.84000000,20.87000000,20.82000000,20.82000000,2484.44000000,1643729999999,51786.65330000,144,1002.16000000,20895.04420000,0
1643730000000,20.82000000,20.86000000,20.82000000,20.84000000,1030.49000000,1643730059999,21476.27270000,64,740.04000000,15422.82040000,0
1643730060000,20.84000000,20.84000000,20.83000000,20.84000000,724.32000000,1643730119999,15090.44180000,58,194.17000000,4045.46240000,0
1643730120000,20.83000000,20.84000000,20.82000000,20.83000000,736.71000000,1643730179999,15348.75600000,55,249.63000000,5201.13220000,0
1643730180000,20.83000000,20.83000000,20.80000000,20.82000000,878.50000000,1643730239999,18286.60200000,59,181.15000000,3770.56190000,0
1643730240000,20.82000000,20.83000000,20.82000000,20.83000000,400.53000000,1643730299999,8342.50600000,46,252.77000000,5264.74470000,0
1643730300000,20.82000000,20.84000000,20.82000000,20.83000000,458.14000000,1643730359999,9543.47940000,33,344.28000000,7172.02090000,0
1643730360000,20.84000000,20.84000000,20.82000000,20.83000000,793.48000000,1643730419999,16530.07760000,72,378.78000000,7891.24800000,0
1643730420000,20.84000000,20.86000000,20.83000000,20.85000000,689.94000000,1643730479999,14383.88860000,59,474.70000000,9897.00070000,0
1643730480000,20.85000000,20.85000000,20.84000000,20.84000000,791.91000000,1643730539999,16510.29280000,35,39.00000000,813.15000000,0
1643730540000,20.84000000,20.86000000,20.83000000,20.85000000,530.29000000,1643730599999,11054.53030000,57,322.50000000,6722.64420000,0
1643730600000,20.84000000,20.87000000,20.84000000,20.87000000,451.71000000,1643730659999,9424.32600000,42,429.09000000,8952.33660000,0
1643730660000,20.88000000,20.89000000,20.88000000,20.89000000,532.89000000,1643730719999,11130.01250000,38,435.69000000,9099.60130000,0
1643730720000,20.90000000,20.90000000,20.89000000,20.89000000,150.33000000,1643730779999,3140.54750000,20,15.85000000,331.26030000,0
1643730780000,20.88000000,20.92000000,20.88000000,20.91000000,1444.65000000,1643730839999,30197.40940000,84,736.48000000,15392.66050000,0
1643730840000,20.91000000,20.91000000,20.90000000,20.90000000,412.24000000,1643730899999,8619.87130000,33,274.03000000,5729.96730000,0
1643730900000,20.91000000,20.93000000,20.91000000,20.92000000,1046.11000000,1643730959999,21887.13030000,78,721.61000000,15097.61160000,0
1643730960000,20.92000000,20.95000000,20.92000000,20.93000000,1923.87000000,1643731019999,40277.17940000,121,770.44000000,16130.66270000,0
1643731020000,20.93000000,20.95000000,20.92000000,20.95000000,1048.80000000,1643731079999,21956.21710000,71,845.01000000,17690.96190000,0
1643731080000,20.95000000,20.95000000,20.93000000,20.94000000,1800.54000000,1643731139999,37692.08260000,95,1201.59000000,25152.31560000,0
1643731140000,20.94000000,20.96000000,20.93000000,20.94000000,549.27000000,1643731199999,11501.94840000,76,318.06000000,6660.10050000,0
1643731200000,20.95000000,20.99000000,20.95000000,20.98000000,2990.51000000,1643731259999,62713.69550000,146,2286.95000000,47961.43180000,0
1643731260000,20.98000000,20.98000000,20.96000000,20.97000000,1399.17000000,1643731319999,29345.19190000,99,225.62000000,4731.68730000,0
1643731320000,20.97000000,20.98000000,20.96000000,20.97000000,1485.71000000,1643731379999,31152.13130000,98,648.14000000,13590.56800000,0
1643731380000,20.97000000,20.98000000,20.96000000,20.98000000,457.42000000,1643731439999,9591.66100000,57,192.41000000,4034.97550000,0
1643731440000,20.97000000,20.99000000,20.96000000,20.97000000,1125.46000000,1643731499999,23603.00650000,102,672.12000000,14096.23720000,0
1643731500000,20.97000000,20.97000000,20.92000000,20.92000000,994.84000000,1643731559999,20841.49680000,87,252.49000000,5292.59940000,0
1643731560000,20.92000000,20.97000000,20.92000000,20.97000000,1044.81000000,1643731619999,21886.13080000,79,933.50000000,19555.03040000,0
1643731620000,20.98000000,21.00000000,20.98000000,21.00000000,1303.23000000,1643731679999,27357.25810000,83,1139.23000000,23914.77030000,0
1643731680000,21.01000000,21.01000000,20.97000000,21.01000000,2251.19000000,1643731739999,47256.82360000,96,442.94000000,9300.52860000,0
1643731740000,21.01000000,21.01000000,20.98000000,20.99000000,811.41000000,1643731799999,17034.50820000,57,608.04000000,12764.56480000,0
1643731800000,20.99000000,20.99000000,20.95000000,20.96000000,1780.34000000,1643731859999,37340.97000000,104,717.76000000,15060.84330000,0
1643731860000,20.96000000,20.96000000,20.94000000,20.95000000,1082.07000000,1643731919999,22675.61170000,73,470.06000000,9851.72170000,0
1643731920000,20.96000000,20.96000000,20.94000000,20.95000000,1338.44000000,1643731979999,28044.02480000,78,314.83000000,6597.58450000,0
1643731980000,20.95000000,20.97000000,20.95000000,20.96000000,815.80000000,1643732039999,17096.09720000,71,602.43000000,12625.93530000,0
1643732040000,20.96000000,20.98000000,20.95000000,20.97000000,2040.72000000,1643732099999,42782.66970000,118,1586.32000000,33258.68360000,0
1643732100000,20.97000000,20.97000000,20.92000000,20.93000000,2511.64000000,1643732159999,52595.50110000,143,748.02000000,15659.95300000,0
1643732160000,20.93000000,20.95000000,20.92000000,20.93000000,2410.92000000,1643732219999,50480.94640000,101,2167.34000000,45381.08090000,0
1643732220000,20.93000000,20.95000000,20.92000000,20.95000000,685.57000000,1643732279999,14355.91720000,52,590.92000000,12374.39670000,0
1643732280000,20.95000000,20.96000000,20.93000000,20.94000000,804.70000000,1643732339999,16856.65760000,69,358.58000000,7512.02220000,0
1643732340000,20.94000000,20.94000000,20.93000000,20.94000000,1055.15000000,1643732399999,22093.14870000,83,443.17000000,9279.28120000,0
1643732400000,20.94000000,20.95000000,20.94000000,20.95000000,386.38000000,1643732459999,8090.81540000,12,1.82000000,38.12900000,0
1643732460000,20.95000000,20.95000000,20.89000000,20.89000000,1480.88000000,1643732519999,30982.43770000,127,271.70000000,5688.77020000,0
1643732520000,20.89000000,20.89000000,20.87000000,20.87000000,2196.97000000,1643732579999,45874.50230000,95,957.96000000,20002.31460000,0
1643732580000,20.88000000,20.88000000,20.83000000,20.83000000,1706.10000000,1643732639999,35581.33120000,108,455.17000000,9494.59420000,0
1643732640000,20.84000000,20.88000000,20.84000000,20.88000000,2769.08000000,1643732699999,57752.79720000,152,2638.73000000,55035.07820000,0
1643732700000,20.88000000,20.90000000,20.88000000,20.90000000,953.42000000,1643732759999,19919.31510000,64,594.54000000,12422.44790000,0
1643732760000,20.90000000,20.92000000,20.90000000,20.92000000,875.73000000,1643732819999,18308.28170000,44,828.74000000,17325.72080000,0
1643732820000,20.92000000,20.93000000,20.91000000,20.92000000,1175.37000000,1643732879999,24589.48620000,82,427.04000000,8934.45470000,0
1643732880000,20.92000000,20.93000000,20.92000000,20.92000000,545.32000000,1643732939999,11408.10440000,35,49.12000000,1027.60040000,0
1643732940000,20.92000000,20.92000000,20.89000000,20.89000000,349.47000000,1643732999999,7305.12720000,31,4.08000000,85.29480000,0
1643733000000,20.90000000,20.92000000,20.88000000,20.90000000,2300.49000000,1643733059999,48073.69500000,162,1626.03000000,33980.61640000,0
1643733060000,20.89000000,20.90000000,20.87000000,20.88000000,834.42000000,1643733119999,17427.97760000,107,517.78000000,10814.76560000,0
1643733120000,20.89000000,20.89000000,20.88000000,20.89000000,374.59000000,1643733179999,7825.17120000,65,319.37000000,6671.63930000,0
1643733180000,20.90000000,20.94000000,20.90000000,20.93000000,1654.25000000,1643733239999,34607.60120000,143,1083.90000000,22674.12570000,0
1643733240000,20.94000000,21.00000000,20.94000000,20.99000000,3404.45000000,1643733299999,71384.39040000,164,2543.92000000,53326.08540000,0
1643733300000,20.99000000,21.01000000,20.99000000,21.00000000,1220.87000000,1643733359999,25644.44580000,76,478.90000000,10060.25550000,0
1643733360000,21.01000000,21.01000000,20.98000000,20.99000000,1876.74000000,1643733419999,39398.53300000,125,814.45000000,17096.43310000,0
1643733420000,20.98000000,20.99000000,20.94000000,20.95000000,730.76000000,1643733479999,15318.92710000,63,343.41000000,7196.43980000,0
1643733480000,20.96000000,20.97000000,20.96000000,20.96000000,428.04000000,1643733539999,8973.22630000,51,228.70000000,4794.05870000,0
1643733540000,20.96000000,20.99000000,20.90000000,20.93000000,6046.34000000,1643733599999,126559.92290000,259,1659.69000000,34741.14970000,0
1643733600000,20.93000000,20.98000000,20.93000000,20.97000000,1240.20000000,1643733659999,26010.31770000,72,684.97000000,14363.65160000,0
1643733660000,20.97000000,20.98000000,20.96000000,20.98000000,557.05000000,1643733719999,11681.27410000,37,361.71000000,7585.09340000,0
1643733720000,20.97000000,20.99000000,20.96000000,20.97000000,2682.45000000,1643733779999,56262.28970000,111,951.60000000,19960.07760000,0
1643733780000,20.97000000,20.98000000,20.96000000,20.98000000,501.30000000,1643733839999,10512.33670000,42,447.59000000,9386.18420000,0
1643733840000,20.97000000,20.98000000,20.94000000,20.95000000,1068.17000000,1643733899999,22381.52320000,77,339.40000000,7111.40940000,0
1643733900000,20.95000000,20.97000000,20.94000000,20.96000000,788.68000000,1643733959999,16526.10340000,49,434.19000000,9098.78190000,0
1643733960000,20.97000000,20.98000000,20.97000000,20.97000000,513.55000000,1643734019999,10769.22590000,47,252.24000000,5289.55520000,0
1643734020000,20.97000000,20.97000000,20.95000000,20.97000000,717.99000000,1643734079999,15054.46980000,65,433.51000000,9089.70270000,0
1643734080000,20.97000000,20.99000000,20.96000000,20.99000000,756.98000000,1643734139999,15879.69230000,55,648.68000000,13608.17610000,0
1643734140000,20.99000000,21.01000000,20.98000000,20.98000000,852.17000000,1643734199999,17896.66970000,69,372.07000000,7814.42000000,0
1643734200000,20.98000000,21.00000000,20.98000000,21.00000000,981.66000000,1643734259999,20606.78990000,44,327.18000000,6869.14260000,0
1643734260000,21.00000000,21.03000000,21.00000000,21.01000000,1873.68000000,1643734319999,39379.46820000,109,644.66000000,13548.64680000,0
1643734320000,21.01000000,21.03000000,21.00000000,21.03000000,3935.92000000,1643734379999,82745.87030000,119,3519.23000000,73991.33660000,0
1643734380000,21.03000000,21.05000000,21.03000000,21.03000000,1694.30000000,1643734439999,35646.47900000,71,230.51000000,4849.79730000,0
1643734440000,21.04000000,21.05000000,21.04000000,21.04000000,205.05000000,1643734499999,4315.52180000,25,195.07000000,4105.54260000,0
1643734500000,21.05000000,21.05000000,21.02000000,21.02000000,1402.85000000,1643734559999,29504.96490000,93,178.85000000,3761.67000000,0
1643734560000,21.02000000,21.04000000,21.01000000,21.04000000,889.10000000,1643734619999,18690.33820000,61,780.07000000,16399.07600000,0
1643734620000,21.04000000,21.12000000,21.04000000,21.10000000,6657.14000000,1643734679999,140407.97220000,297,4213.60000000,88854.62210000,0
1643734680000,21.10000000,21.18000000,21.10000000,21.15000000,7663.87000000,1643734739999,162057.20610000,391,3397.79000000,71875.53430000,0
1643734740000,21.15000000,21.15000000,21.09000000,21.14000000,5185.46000000,1643734799999,109454.70430000,224,3346.44000000,70631.05770000,0
1643734800000,21.14000000,21.14000000,21.06000000,21.07000000,2898.34000000,1643734859999,61148.43700000,199,1936.60000000,40863.57460000,0
1643734860000,21.07000000,21.09000000,21.06000000,21.08000000,2255.61000000,1643734919999,47536.83290000,139,990.94000000,20889.72980000,0
1643734920000,21.07000000,21.13000000,21.07000000,21.12000000,3155.58000000,1643734979999,66603.55580000,190,1497.87000000,31622.80330000,0
1643734980000,21.13000000,21.20000000,21.13000000,21.14000000,4324.19000000,1643735039999,91514.64380000,265,1785.45000000,37784.03540000,0
1643735040000,21.15000000,21.17000000,21.13000000,21.13000000,1929.50000000,1643735099999,40798.49160000,150,799.20000000,16899.98710000,0
1643735100000,21.13000000,21.13000000,21.08000000,21.09000000,4802.36000000,1643735159999,101326.26070000,194,1663.19000000,35101.87700000,0
1643735160000,21.09000000,21.10000000,21.07000000,21.09000000,1961.12000000,1643735219999,41346.49860000,91,1408.08000000,29688.08010000,0
1643735220000,21.09000000,21.10000000,21.07000000,21.09000000,1753.41000000,1643735279999,36968.15780000,118,817.68000000,17241.73710000,0
1643735280000,21.10000000,21.10000000,21.08000000,21.09000000,1326.46000000,1643735339999,27972.09890000,98,832.96000000,17567.55030000,0
1643735340000,21.08000000,21.09000000,21.07000000,21.08000000,411.35000000,1643735399999,8668.75110000,42,70.71000000,1490.58390000,0
1643735400000,21.08000000,21.08000000,20.99000000,21.01000000,13555.41000000,1643735459999,285006.54500000,320,4085.39000000,85868.31660000,0
1643735460000,21.01000000,21.01000000,20.94000000,20.96000000,14036.17000000,1643735519999,294200.41290000,383,4000.40000000,83828.41140000,0
1643735520000,20.96000000,20.97000000,20.92000000,20.92000000,7490.88000000,1643735579999,156912.40630000,224,2224.08000000,46607.29460000,0
1643735580000,20.93000000,20.94000000,20.91000000,20.93000000,844.94000000,1643735639999,17680.19630000,81,437.31000000,9151.80450000,0
1643735640000,20.93000000,20.95000000,20.90000000,20.92000000,5123.12000000,1643735699999,107157.74560000,236,2957.99000000,61873.51960000,0
1643735700000,20.92000000,20.93000000,20.91000000,20.92000000,1656.95000000,1643735759999,34674.09050000,82,849.93000000,17787.66230000,0
1643735760000,20.92000000,20.93000000,20.90000000,20.90000000,1079.65000000,1643735819999,22580.04880000,71,733.17000000,15332.81270000,0
1643735820000,20.90000000,20.92000000,20.89000000,20.92000000,1639.43000000,1643735879999,34267.86460000,91,1238.20000000,25881.47010000,0
1643735880000,20.92000000,20.96000000,20.91000000,20.95000000,1025.93000000,1643735939999,21483.35350000,87,666.81000000,13965.70870000,0
1643735940000,20.95000000,20.97000000,20.94000000,20.97000000,741.92000000,1643735999999,15549.08050000,64,430.46000000,9021.38670000,0
1643736000000,20.96000000,20.99000000,20.96000000,20.99000000,2209.06000000,1643736059999,46342.43340000,116,1301.00000000,27294.35560000,0
1643736060000,20.99000000,21.01000000,20.99000000,20.99000000,1699.24000000,1643736119999,35680.96860000,120,562.11000000,11802.73180000,0
1643736120000,20.99000000,20.99000000,20.96000000,20.98000000,3080.86000000,1643736179999,64618.76030000,116,933.99000000,19594.70760000,0
1643736180000,20.98000000,20.98000000,20.94000000,20.96000000,2180.29000000,1643736239999,45697.41410000,146,1006.45000000,21096.53080000,0
1643736240000,20.97000000,20.98000000,20.97000000,20.98000000,335.40000000,1643736299999,7034.50330000,27,314.33000000,6592.65790000,0
1643736300000,20.98000000,21.00000000,20.97000000,20.98000000,1201.47000000,1643736359999,25211.78670000,109,598.65000000,12563.02120000,0
1643736360000,20.98000000,20.98000000,20.91000000,20.92000000,3742.46000000,1643736419999,78377.39820000,219,1530.35000000,32042.63240000,0
1643736420000,20.92000000,20.93000000,20.89000000,20.92000000,7654.11000000,1643736479999,160014.43890000,198,2571.24000000,53748.17790000,0
1643736480000,20.91000000,20.92000000,20.91000000,20.91000000,239.82000000,1643736539999,5014.91140000,25,27.52000000,575.71840000,0
1643736540000,20.91000000,20.91000000,20.88000000,20.90000000,1464.78000000,1643736599999,30614.17560000,95,819.01000000,17119.59560000,0
1643736600000,20.90000000,20.91000000,20.89000000,20.91000000,3045.59000000,1643736659999,63658.86450000,129,2322.20000000,48540.53520000,0
1643736660000,20.91000000,20.92000000,20.90000000,20.91000000,850.87000000,1643736719999,17791.87530000,58,480.29000000,10043.06040000,0
1643736720000,20.91000000,20.92000000,20.87000000,20.88000000,1464.65000000,1643736779999,30580.39070000,70,600.25000000,12533.30720000,0
1643736780000,20.88000000,20.89000000,20.84000000,20.85000000,1674.03000000,1643736839999,34930.64910000,192,728.96000000,15214.03260000,0
1643736840000,20.85000000,20.87000000,20.84000000,20.84000000,807.59000000,1643736899999,16839.06040000,103,403.19000000,8407.78400000,0
1643736900000,20.85000000,20.88000000,20.85000000,20.88000000,2047.32000000,1643736959999,42718.49360000,145,1478.54000000,30848.09390000,0
1643736960000,20.88000000,20.92000000,20.88000000,20.91000000,1032.63000000,1643737019999,21587.34380000,110,605.28000000,12651.70250000,0
1643737020000,20.91000000,20.93000000,20.91000000,20.93000000,935.02000000,1643737079999,19565.40290000,65,850.16000000,17790.13170000,0
1643737080000,20.93000000,20.93000000,20.91000000,20.92000000,1231.19000000,1643737139999,25761.39370000,89,650.86000000,13621.14700000,0
1643737140000,20.92000000,20.93000000,20.90000000,20.91000000,805.26000000,1643737199999,16838.52650000,73,354.61000000,7414.99140000,0
1643737200000,20.91000000,20.93000000,20.91000000,20.92000000,697.10000000,1643737259999,14583.44880000,71,558.77000000,11689.69120000,0
1643737260000,20.92000000,20.95000000,20.91000000,20.91000000,1179.18000000,1643737319999,24681.79720000,87,718.42000000,15039.24290000,0
1643737320000,20.92000000,20.92000000,20.91000000,20.92000000,117.49000000,1643737379999,2457.81610000,25,110.02000000,2301.61840000,0
1643737380000,20.92000000,20.93000000,20.90000000,20.92000000,1179.25000000,1643737439999,24663.36460000,81,424.73000000,8882.72630000,0
1643737440000,20.92000000,20.93000000,20.91000000,20.91000000,499.48000000,1643737499999,10449.02190000,39,142.35000000,2978.05010000,0
1643737500000,20.92000000,20.92000000,20.90000000,20.90000000,585.64000000,1643737559999,12242.98510000,59,82.78000000,1731.25950000,0
1643737560000,20.89000000,20.89000000,20.87000000,20.88000000,664.92000000,1643737619999,13884.19420000,68,155.36000000,3244.28740000,0
1643737620000,20.89000000,20.90000000,20.89000000,20.90000000,536.74000000,1643737679999,11216.38740000,40,336.38000000,7029.88630000,0
1643737680000,20.91000000,20.91000000,20.90000000,20.91000000,576.83000000,1643737739999,12058.96130000,65,379.08000000,7925.03240000,0
1643737740000,20.91000000,20.92000000,20.89000000,20.91000000,467.15000000,1643737799999,9766.04740000,46,272.73000000,5702.36310000,0
1643737800000,20.91000000,20.92000000,20.90000000,20.92000000,474.15000000,1643737859999,9917.14820000,52,251.09000000,5252.03780000,0
1643737860000,20.93000000,20.93000000,20.92000000,20.92000000,28.03000000,1643737919999,586.50890000,12,12.13000000,253.88090000,0
1643737920000,20.93000000,20.94000000,20.92000000,20.93000000,866.31000000,1643737979999,18131.55210000,58,457.49000000,9575.30560000,0
1643737980000,20.93000000,20.94000000,20.92000000,20.94000000,329.78000000,1643738039999,6902.95280000,38,172.43000000,3609.70460000,0
1643738040000,20.94000000,20.95000000,20.92000000,20.95000000,591.62000000,1643738099999,12387.74020000,54,444.72000000,9312.21020000,0
1643738100000,20.94000000,20.96000000,20.93000000,20.95000000,1336.14000000,1643738159999,27984.26080000,85,647.59000000,13562.73800000,0
1643738160000,20.95000000,20.97000000,20.95000000,20.96000000,559.87000000,1643738219999,11734.53690000,42,358.71000000,7518.22330000,0
1643738220000,20.97000000,20.99000000,20.97000000,20.98000000,3247.97000000,1643738279999,68166.29340000,94,3004.19000000,63051.94740000,0
1643738280000,20.98000000,20.99000000,20.97000000,20.98000000,218.35000000,1643738339999,4581.05970000,31,159.20000000,3340.10640000,0
1643738340000,20.98000000,21.00000000,20.98000000,21.00000000,373.80000000,1643738399999,7844.26280000,35,364.77000000,7654.80610000,0
1643738400000,21.00000000,21.00000000,20.98000000,20.99000000,1031.82000000,1643738459999,21657.87740000,42,218.76000000,4591.78190000,0
1643738460000,20.98000000,21.00000000,20.98000000,20.99000000,980.79000000,1643738519999,20584.00300000,51,168.68000000,3541.01470000,0
1643738520000,20.98000000,20.99000000,20.95000000,20.95000000,1258.24000000,1643738579999,26385.22100000,63,42.37000000,888.93210000,0
1643738580000,20.95000000,20.95000000,20.94000000,20.94000000,631.79000000,1643738639999,13235.83360000,48,179.11000000,3752.35450000,0
1643738640000,20.95000000,20.97000000,20.95000000,20.97000000,356.39000000,1643738699999,7468.85260000,43,275.31000000,5769.48140000,0
1643738700000,20.96000000,20.96000000,20.93000000,20.95000000,1184.71000000,1643738759999,24810.21700000,72,531.73000000,11135.21240000,0
1643738760000,20.96000000,20.97000000,20.95000000,20.95000000,697.65000000,1643738819999,14619.25560000,57,290.21000000,6080.84530000,0
1643738820000,20.96000000,20.98000000,20.96000000,20.96000000,571.62000000,1643738879999,11984.04480000,38,448.12000000,9394.25710000,0
1643738880000,20.97000000,20.97000000,20.95000000,20.95000000,333.65000000,1643738939999,6990.86580000,41,36.65000000,767.94350000,0
1643738940000,20.95000000,20.95000000,20.94000000,20.95000000,238.67000000,1643738999999,4998.46350000,30,34.81000000,729.26950000,0
1643739000000,20.94000000,20.95000000,20.93000000,20.93000000,842.10000000,1643739059999,17633.97610000,43,158.44000000,3318.14360000,0
1643739060000,20.94000000,20.96000000,20.92000000,20.92000000,5747.16000000,1643739119999,120334.94700000,234,2288.39000000,47940.47510000,0
1643739120000,20.92000000,20.94000000,20.92000000,20.93000000,880.58000000,1643739179999,18432.61630000,79,622.67000000,13033.85710000,0
1643739180000,20.93000000,20.95000000,20.93000000,20.93000000,1326.50000000,1643739239999,27782.83290000,125,925.00000000,19375.46710000,0
1643739240000,20.94000000,20.95000000,20.93000000,20.94000000,372.09000000,1643739299999,7792.97390000,40,279.00000000,5843.46790000,0
1643739300000,20.94000000,20.97000000,20.94000000,20.97000000,1086.12000000,1643739359999,22767.93000000,98,698.66000000,14645.87740000,0
1643739360000,20.96000000,20.97000000,20.96000000,20.97000000,293.05000000,1643739419999,6144.31280000,23,98.48000000,2065.12560000,0
1643739420000,20.97000000,20.97000000,20.95000000,20.96000000,1297.71000000,1643739479999,27203.09360000,88,767.16000000,16079.71170000,0
1643739480000,20.95000000,20.95000000,20.94000000,20.95000000,748.15000000,1643739539999,15669.99470000,52,272.39000000,5706.57050000,0
1643739540000,20.95000000,20.96000000,20.94000000,20.95000000,208.37000000,1643739599999,4365.07440000,27,26.69000000,559.17450000,0
1643739600000,20.95000000,20.95000000,20.93000000,20.93000000,1684.00000000,1643739659999,35265.35630000,104,858.05000000,17970.32610000,0
1643739660000,20.93000000,20.93000000,20.91000000,20.93000000,728.93000000,1643739719999,15249.27960000,51,291.35000000,6096.11350000,0
1643739720000,20.92000000,20.94000000,20.92000000,20.93000000,4605.40000000,1643739779999,96362.20840000,119,3356.69000000,70235.57470000,0
1643739780000,20.93000000,20.93000000,20.92000000,20.93000000,188.62000000,1643739839999,3946.29340000,19,36.30000000,759.75900000,0
1643739840000,20.93000000,20.93000000,20.91000000,20.91000000,241.20000000,1643739899999,5045.91950000,23,2.38000000,49.81340000,0
1643739900000,20.92000000,20.93000000,20.92000000,20.93000000,1050.56000000,1643739959999,21981.95710000,108,784.27000000,16410.64220000,0
1643739960000,20.94000000,20.95000000,20.93000000,20.94000000,222.02000000,1643740019999,4649.11540000,34,91.80000000,1922.31580000,0
1643740020000,20.94000000,20.95000000,20.94000000,20.94000000,32.42000000,1643740079999,679.07380000,14,19.90000000,416.90500000,0
1643740080000,20.94000000,20.94000000,20.94000000,20.94000000,7.57000000,1643740139999,158.51580000,4,0.00000000,0.00000000,0
1643740140000,20.95000000,21.01000000,20.95000000,21.00000000,9975.87000000,1643740199999,209358.71550000,230,9461.17000000,198550.21550000,0
1643740200000,21.00000000,21.02000000,21.00000000,21.00000000,406.36000000,1643740259999,8537.47930000,35,122.27000000,2568.99020000,0
1643740260000,21.01000000,21.04000000,21.00000000,21.03000000,1891.20000000,1643740319999,39756.28350000,124,871.95000000,18326.67110000,0
1643740320000,21.03000000,21.04000000,21.02000000,21.04000000,187.26000000,1643740379999,3938.54760000,25,90.37000000,1901.08380000,0
1643740380000,21.03000000,21.04000000,21.02000000,21.03000000,393.46000000,1643740439999,8275.31260000,43,121.51000000,2556.25280000,0
1643740440000,21.03000000,21.03000000,21.00000000,21.00000000,275.90000000,1643740499999,5799.29810000,40,89.20000000,1875.78340000,0
1643740500000,21.00000000,21.00000000,20.97000000,20.98000000,665.64000000,1643740559999,13968.52330000,59,206.21000000,4326.53580000,0
1643740560000,20.97000000,20.98000000,20.97000000,20.98000000,355.46000000,1643740619999,7456.33490000,51,197.50000000,4143.19020000,0
1643740620000,20.98000000,20.99000000,20.97000000,20.97000000,224.03000000,1643740679999,4700.24360000,34,136.67000000,2867.51390000,0
1643740680000,20.98000000,20.99000000,20.98000000,20.98000000,134.27000000,1643740739999,2817.05130000,19,100.45000000,2107.50770000,0
1643740740000,20.98000000,21.00000000,20.98000000,20.99000000,305.92000000,1643740799999,6421.33260000,34,271.33000000,5695.59870000,0
1643740800000,20.99000000,20.99000000,20.98000000,20.98000000,1002.87000000,1643740859999,21041.57860000,71,275.56000000,5781.33870000,0
1643740860000,20.99000000,20.99000000,20.98000000,20.98000000,390.73000000,1643740919999,8197.52540000,28,213.51000000,4479.44980000,0
1643740920000,20.98000000,20.98000000,20.96000000,20.96000000,373.66000000,1643740979999,7834.03120000,42,41.19000000,863.40760000,0
1643740980000,20.96000000,20.97000000,20.96000000,20.96000000,25.75000000,1643741039999,539.73660000,9,1.66000000,34.81020000,0
1643741040000,20.96000000,20.97000000,20.96000000,20.96000000,43.33000000,1643741099999,908.32740000,14,13.06000000,273.86820000,0
1643741100000,20.97000000,20.97000000,20.93000000,20.94000000,1329.89000000,1643741159999,27861.98160000,75,379.70000000,7959.67880000,0
1643741160000,20.93000000,20.93000000,20.92000000,20.92000000,1064.55000000,1643741219999,22278.72930000,62,595.27000000,12458.32290000,0
1643741220000,20.93000000,20.94000000,20.92000000,20.93000000,599.29000000,1643741279999,12543.80080000,65,332.13000000,6952.46090000,0
1643741280000,20.93000000,20.95000000,20.93000000,20.93000000,1270.01000000,1643741339999,26593.91350000,92,687.44000000,14395.30040000,0
1643741340000,20.93000000,20.93000000,20.91000000,20.92000000,484.15000000,1643741399999,10128.60550000,37,95.74000000,2002.88080000,0
1643741400000,20.92000000,20.93000000,20.90000000,20.90000000,868.65000000,1643741459999,18164.91720000,67,212.60000000,4446.10750000,0
1643741460000,20.90000000,20.91000000,20.90000000,20.90000000,201.74000000,1643741519999,4216.37310000,11,0.71000000,14.84610000,0
1643741520000,20.90000000,20.91000000,20.89000000,20.90000000,389.06000000,1643741579999,8130.99830000,33,87.77000000,1834.40290000,0
1643741580000,20.89000000,20.91000000,20.89000000,20.90000000,601.98000000,1643741639999,12583.82320000,52,325.75000000,6809.79750000,0
1643741640000,20.91000000,20.93000000,20.90000000,20.91000000,677.10000000,1643741699999,14162.07130000,71,441.76000000,9240.06560000,0
1643741700000,20.91000000,20.92000000,20.89000000,20.89000000,535.45000000,1643741759999,11197.46380000,49,222.14000000,4646.75850000,0
1643741760000,20.89000000,20.89000000,20.83000000,20.84000000,3234.80000000,1643741819999,67454.07700000,221,1931.21000000,40258.84110000,0
1643741820000,20.84000000,20.84000000,20.80000000,20.81000000,12937.52000000,1643741879999,269286.02040000,558,8732.97000000,181709.05680000,0
1643741880000,20.81000000,20.81000000,20.77000000,20.78000000,2572.33000000,1643741939999,53457.13790000,122,434.35000000,9027.97590000,0
1643741940000,20.78000000,20.80000000,20.75000000,20.80000000,9110.60000000,1643741999999,189209.26650000,324,5847.18000000,121463.27070000,0
1643742000000,20.80000000,20.81000000,20.77000000,20.78000000,2567.99000000,1643742059999,53384.04900000,103,259.16000000,5385.66650000,0
1643742060000,20.78000000,20.83000000,20.78000000,20.80000000,12519.96000000,1643742119999,260294.57330000,258,8206.61000000,170611.02010000,0
1643742120000,20.80000000,20.82000000,20.80000000,20.82000000,1013.61000000,1643742179999,21090.28270000,94,593.37000000,12346.74300000,0
1643742180000,20.82000000,20.83000000,20.81000000,20.81000000,721.56000000,1643742239999,15018.35350000,50,180.84000000,3764.96860000,0
1643742240000,20.81000000,20.81000000,20.80000000,20.80000000,300.97000000,1643742299999,6263.15210000,32,124.65000000,2593.96650000,0
1643742300000,20.80000000,20.81000000,20.79000000,20.80000000,1138.49000000,1643742359999,23683.55370000,69,838.65000000,17446.80540000,0
1643742360000,20.80000000,20.82000000,20.79000000,20.79000000,919.35000000,1643742419999,19122.51250000,72,183.44000000,3815.13830000,0
1643742420000,20.78000000,20.78000000,20.76000000,20.77000000,355.32000000,1643742479999,7382.38670000,43,87.93000000,1827.08920000,0
1643742480000,20.77000000,20.78000000,20.76000000,20.77000000,277.48000000,1643742539999,5762.13510000,39,162.44000000,3373.14160000,0
1643742540000,20.77000000,20.79000000,20.76000000,20.78000000,536.17000000,1643742599999,11140.13120000,50,307.22000000,6383.73780000,0
1643742600000,20.78000000,20.79000000,20.77000000,20.78000000,216.89000000,1643742659999,4507.09270000,31,76.00000000,1579.43270000,0
1643742660000,20.78000000,20.82000000,20.78000000,20.82000000,649.38000000,1643742719999,13507.54420000,64,621.55000000,12928.60000000,0
1643742720000,20.82000000,20.82000000,20.77000000,20.77000000,617.24000000,1643742779999,12834.15050000,58,165.06000000,3431.55140000,0
1643742780000,20.77000000,20.78000000,20.76000000,20.78000000,257.50000000,1643742839999,5349.33530000,37,191.92000000,3987.26270000,0
1643742840000,20.78000000,20.79000000,20.76000000,20.79000000,673.75000000,1643742899999,13995.99670000,64,314.52000000,6534.15280000,0
1643742900000,20.79000000,20.79000000,20.76000000,20.76000000,2998.77000000,1643742959999,62320.07360000,116,444.42000000,9232.42280000,0
1643742960000,20.76000000,20.76000000,20.74000000,20.74000000,593.85000000,1643743019999,12322.61590000,68,203.97000000,4231.93980000,0
1643743020000,20.74000000,20.75000000,20.67000000,20.67000000,6020.81000000,1643743079999,124627.56000000,317,1452.92000000,30080.67010000,0
1643743080000,20.68000000,20.71000000,20.68000000,20.71000000,1009.21000000,1643743139999,20891.78720000,117,756.30000000,15656.96570000,0
1643743140000,20.71000000,20.73000000,20.71000000,20.71000000,646.55000000,1643743199999,13394.00130000,93,424.49000000,8793.86160000,0
1643743200000,20.71000000,20.71000000,20.63000000,20.64000000,4482.07000000,1643743259999,92603.41820000,270,2241.21000000,46300.24580000,0
1643743260000,20.64000000,20.64000000,20.58000000,20.61000000,3467.39000000,1643743319999,71445.44320000,354,1004.14000000,20692.44040000,0
1643743320000,20.62000000,20.63000000,20.61000000,20.61000000,980.70000000,1643743379999,20217.89620000,126,630.71000000,13003.11900000,0
1643743380000,20.62000000,20.63000000,20.61000000,20.63000000,511.61000000,1643743439999,10549.41290000,55,218.16000000,4498.48340000,0
1643743440000,20.62000000,20.64000000,20.62000000,20.63000000,1009.66000000,1643743499999,20831.92220000,87,612.69000000,12641.79410000,0
1643743500000,20.63000000,20.65000000,20.62000000,20.65000000,1249.38000000,1643743559999,25786.82480000,89,729.63000000,15063.53110000,0
1643743560000,20.64000000,20.65000000,20.64000000,20.64000000,167.61000000,1643743619999,3459.71740000,22,24.70000000,510.05500000,0
1643743620000,20.65000000,20.66000000,20.63000000,20.64000000,522.23000000,1643743679999,10782.99470000,53,244.85000000,5056.29420000,0
1643743680000,20.64000000,20.65000000,20.63000000,20.64000000,559.22000000,1643743739999,11543.74150000,52,403.48000000,8329.30270000,0
1643743740000,20.65000000,20.66000000,20.64000000,20.66000000,495.35000000,1643743799999,10230.34190000,49,352.58000000,7283.21180000,0
1643743800000,20.67000000,20.69000000,20.67000000,20.67000000,1101.82000000,1643743859999,22780.66810000,102,789.78000000,16329.38930000,0
1643743860000,20.67000000,20.69000000,20.67000000,20.69000000,754.91000000,1643743919999,15611.68690000,70,412.16000000,8523.28630000,0
1643743920000,20.68000000,20.70000000,20.68000000,20.68000000,948.52000000,1643743979999,19619.21460000,53,226.17000000,4680.35880000,0
1643743980000,20.67000000,20.70000000,20.67000000,20.69000000,588.35000000,1643744039999,12170.59160000,69,344.13000000,7118.12610000,0
1643744040000,20.68000000,20.70000000,20.68000000,20.68000000,279.52000000,1643744099999,5783.21920000,35,86.51000000,1789.92180000,0
1643744100000,20.69000000,20.69000000,20.65000000,20.65000000,506.87000000,1643744159999,10479.72490000,39,122.52000000,2534.93880000,0
1643744160000,20.65000000,20.65000000,20.63000000,20.64000000,1552.74000000,1643744219999,32038.97990000,92,240.28000000,4958.71650000,0
1643744220000,20.64000000,20.66000000,20.64000000,20.64000000,1211.49000000,1643744279999,25026.13610000,56,1011.27000000,20891.89750000,0
1643744280000,20.64000000,20.65000000,20.64000000,20.65000000,4303.24000000,1643744339999,88854.15200000,87,3849.78000000,79491.62090000,0
1643744340000,20.65000000,20.66000000,20.65000000,20.66000000,119.48000000,1643744399999,2468.05330000,19,58.70000000,1212.74200000,0
1643744400000,20.67000000,20.67000000,20.65000000,20.66000000,1034.54000000,1643744459999,21378.45900000,53,358.57000000,7411.55770000,0
1643744460000,20.65000000,20.65000000,20.64000000,20.65000000,1476.18000000,1643744519999,30478.02740000,71,281.35000000,5808.47740000,0
1643744520000,20.65000000,20.67000000,20.65000000,20.65000000,505.80000000,1643744579999,10449.22140000,60,286.28000000,5914.64480000,0
1643744580000,20.65000000,20.66000000,20.65000000,20.65000000,560.51000000,1643744639999,11580.08900000,56,318.93000000,6589.09380000,0
1643744640000,20.65000000,20.68000000,20.65000000,20.68000000,872.43000000,1643744699999,18032.73030000,47,763.45000000,15782.21530000,0
1643744700000,20.68000000,20.71000000,20.68000000,20.71000000,1192.73000000,1643744759999,24687.60570000,99,851.62000000,17626.57380000,0
1643744760000,20.70000000,20.70000000,20.68000000,20.68000000,1072.29000000,1643744819999,22190.16990000,58,554.63000000,11477.88360000,0
1643744820000,20.68000000,20.69000000,20.67000000,20.67000000,523.54000000,1643744879999,10823.42030000,38,4.77000000,98.66200000,0
1643744880000,20.67000000,20.67000000,20.65000000,20.65000000,476.48000000,1643744939999,9843.57270000,41,35.34000000,730.13130000,0
1643744940000,20.65000000,20.67000000,20.64000000,20.66000000,468.76000000,1643744999999,9680.67060000,46,290.79000000,6005.44900000,0
1643745000000,20.66000000,20.68000000,20.65000000,20.65000000,427.91000000,1643745059999,8840.98720000,46,193.73000000,4003.18110000,0
1643745060000,20.64000000,20.66000000,20.63000000,20.65000000,1059.31000000,1643745119999,21873.68790000,74,629.13000000,12990.14080000,0
1643745120000,20.65000000,20.65000000,20.64000000,20.64000000,483.24000000,1643745179999,9978.51100000,35,216.16000000,4463.70400000,0
1643745180000,20.64000000,20.66000000,20.64000000,20.65000000,854.55000000,1643745239999,17649.58620000,47,734.13000000,15163.33980000,0
1643745240000,20.65000000,20.66000000,20.64000000,20.65000000,478.03000000,1643745299999,9873.55980000,54,235.79000000,4870.65560000,0
1643745300000,20.66000000,20.67000000,20.65000000,20.66000000,47.68000000,1643745359999,985.09180000,15,39.11000000,808.04560000,0
1643745360000,20.66000000,20.67000000,20.65000000,20.66000000,389.01000000,1643745419999,8036.92400000,47,177.91000000,3675.63270000,0
1643745420000,20.66000000,20.66000000,20.65000000,20.65000000,386.58000000,1643745479999,7984.53020000,39,174.52000000,3604.33060000,0
1643745480000,20.65000000,20.67000000,20.65000000,20.65000000,442.21000000,1643745539999,9135.26270000,46,220.52000000,4556.75930000,0
1643745540000,20.64000000,20.64000000,20.61000000,20.61000000,2529.28000000,1643745599999,52159.25960000,83,2017.11000000,41594.41520000,0
1643745600000,20.61000000,20.68000000,20.61000000,20.66000000,2781.65000000,1643745659999,57410.72370000,151,1426.75000000,29459.89070000,0
1643745660000,20.67000000,20.69000000,20.67000000,20.69000000,346.35000000,1643745719999,7161.99960000,44,169.54000000,3505.71660000,0
1643745720000,20.68000000,20.72000000,20.68000000,20.71000000,569.87000000,1643745779999,11798.18560000,65,380.51000000,7876.71760000,0
1643745780000,20.71000000,20.71000000,20.69000000,20.70000000,701.17000000,1643745839999,14515.47260000,67,236.57000000,4897.22900000,0
1643745840000,20.70000000,20.70000000,20.68000000,20.70000000,1001.90000000,1643745899999,20729.73580000,38,225.82000000,4672.66920000,0
1643745900000,20.69000000,20.70000000,20.68000000,20.69000000,603.89000000,1643745959999,12494.25270000,63,308.24000000,6377.70360000,0
1643745960000,20.69000000,20.70000000,20.69000000,20.69000000,93.79000000,1643746019999,1941.04280000,21,71.58000000,1481.51790000,0
1643746020000,20.70000000,20.70000000,20.67000000,20.70000000,1721.56000000,1643746079999,35609.58020000,90,488.86000000,10112.82670000,0
1643746080000,20.69000000,20.71000000,20.68000000,20.70000000,967.60000000,1643746139999,20025.20660000,72,601.55000000,12449.76900000,0
1643746140000,20.70000000,20.73000000,20.70000000,20.73000000,900.92000000,1643746199999,18659.16880000,64,772.37000000,15996.61340000,0
1643746200000,20.72000000,20.72000000,20.71000000,20.72000000,642.32000000,1643746259999,13303.99980000,41,240.72000000,4985.90760000,0
1643746260000,20.71000000,20.73000000,20.71000000,20.73000000,558.49000000,1643746319999,11571.95130000,57,255.39000000,5291.96530000,0
1643746320000,20.73000000,20.74000000,20.72000000,20.73000000,392.93000000,1643746379999,8144.78470000,36,222.42000000,4610.84460000,0
1643746380000,20.73000000,20.74000000,20.72000000,20.74000000,557.90000000,1643746439999,11562.00830000,55,314.61000000,6520.58540000,0
1643746440000,20.74000000,20.77000000,20.73000000,20.76000000,998.73000000,1643746499999,20722.88090000,83,675.73000000,14019.10660000,0
1643746500000,20.76000000,20.79000000,20.76000000,20.79000000,1542.98000000,1643746559999,32051.31340000,90,763.67000000,15867.78690000,0
1643746560000,20.79000000,20.79000000,20.74000000,20.75000000,3733.34000000,1643746619999,77523.39760000,163,479.54000000,9959.82080000,0
1643746620000,20.74000000,20.77000000,20.74000000,20.76000000,518.05000000,1643746679999,10752.65470000,54,373.31000000,7749.04560000,0
1643746680000,20.75000000,20.76000000,20.73000000,20.74000000,884.24000000,1643746739999,18344.60220000,62,432.10000000,8965.48830000,0
1643746740000,20.74000000,20.75000000,20.73000000,20.75000000,147.18000000,1643746799999,3052.76250000,23,118.88000000,2465.84600000,0
1643746800000,20.75000000,20.77000000,20.75000000,20.75000000,656.72000000,1643746859999,13630.19850000,70,463.94000000,9629.34980000,0
1643746860000,20.76000000,20.77000000,20.75000000,20.76000000,235.12000000,1643746919999,4881.42740000,35,136.05000000,2824.75500000,0
1643746920000,20.76000000,20.78000000,20.75000000,20.77000000,637.90000000,1643746979999,13247.23960000,64,543.50000000,11287.40060000,0
1643746980000,20.78000000,20.78000000,20.76000000,20.77000000,384.93000000,1643747039999,7994.03380000,30,275.07000000,5713.12020000,0
1643747040000,20.76000000,20.78000000,20.76000000,20.78000000,686.27000000,1643747099999,14254.09290000,32,674.25000000,14004.52960000,0
1643747100000,20.78000000,20.79000000,20.76000000,20.76000000,3613.76000000,1643747159999,75116.94350000,102,3232.90000000,67206.29440000,0
1643747160000,20.76000000,20.78000000,20.76000000,20.76000000,393.87000000,1643747219999,8179.99640000,46,279.80000000,5811.11650000,0
1643747220000,20.77000000,20.77000000,20.76000000,20.77000000,387.12000000,1643747279999,8037.02330000,41,147.28000000,3057.94490000,0
1643747280000,20.77000000,20.78000000,20.76000000,20.77000000,384.92000000,1643747339999,7995.41910000,38,205.38000000,4266.45050000,0
1643747340000,20.77000000,20.78000000,20.76000000,20.78000000,572.66000000,1643747399999,11894.81910000,46,354.23000000,7358.03630000,0
1643747400000,20.78000000,20.81000000,20.78000000,20.81000000,950.42000000,1643747459999,19761.16890000,67,899.20000000,18695.90640000,0
1643747460000,20.81000000,20.82000000,20.80000000,20.81000000,1288.51000000,1643747519999,26814.04010000,91,830.56000000,17285.14310000,0
1643747520000,20.80000000,20.82000000,20.80000000,20.81000000,323.55000000,1643747579999,6732.95640000,40,102.40000000,2131.00860000,0
1643747580000,20.80000000,20.81000000,20.80000000,20.80000000,227.72000000,1643747639999,4738.34620000,30,59.34000000,1234.86540000,0
1643747640000,20.80000000,20.81000000,20.80000000,20.81000000,414.50000000,1643747699999,8625.24240000,47,106.92000000,2225.00520000,0
1643747700000,20.81000000,20.82000000,20.80000000,20.81000000,285.99000000,1643747759999,5951.39700000,35,39.03000000,812.27400000,0
1643747760000,20.81000000,20.83000000,20.81000000,20.83000000,1078.08000000,1643747819999,22450.18900000,60,552.99000000,11517.56800000,0
1643747820000,20.83000000,20.84000000,20.82000000,20.84000000,321.88000000,1643747879999,6703.83130000,36,147.65000000,3075.57060000,0
1643747880000,20.83000000,20.84000000,20.80000000,20.80000000,873.79000000,1643747939999,18186.89890000,75,198.74000000,4137.66090000,0
1643747940000,20.80000000,20.80000000,20.78000000,20.78000000,353.15000000,1643747999999,7342.40080000,43,95.24000000,1980.04920000,0
1643748000000,20.79000000,20.79000000,20.78000000,20.79000000,350.13000000,1643748059999,7279.05360000,40,129.45000000,2691.26550000,0
1643748060000,20.79000000,20.81000000,20.79000000,20.80000000,878.88000000,1643748119999,18282.91030000,71,670.87000000,13956.37940000,0
1643748120000,20.81000000,20.82000000,20.81000000,20.81000000,737.22000000,1643748179999,15341.63530000,49,149.17000000,3104.31480000,0
1643748180000,20.81000000,20.83000000,20.81000000,20.82000000,573.44000000,1643748239999,11941.42190000,58,464.80000000,9679.16100000,0
1643748240000,20.82000000,20.83000000,20.81000000,20.82000000,1115.56000000,1643748299999,23225.95220000,71,424.95000000,8847.98700000,0
1643748300000,20.82000000,20.85000000,20.81000000,20.84000000,941.75000000,1643748359999,19621.46240000,69,591.12000000,12315.03930000,0
1643748360000,20.84000000,20.84000000,20.82000000,20.83000000,758.99000000,1643748419999,15810.75720000,43,332.10000000,6917.73000000,0
1643748420000,20.83000000,20.83000000,20.81000000,20.82000000,482.88000000,1643748479999,10054.00490000,44,207.45000000,4319.10900000,0
1643748480000,20.81000000,20.82000000,20.80000000,20.80000000,1376.12000000,1643748539999,28638.88050000,49,437.00000000,9095.06520000,0
1643748540000,20.80000000,20.81000000,20.80000000,20.81000000,416.43000000,1643748599999,8665.27510000,35,349.95000000,7282.45950000,0
1643748600000,20.82000000,20.84000000,20.81000000,20.82000000,2929.10000000,1643748659999,61010.61950000,90,1952.58000000,40674.50610000,0
1643748660000,20.82000000,20.82000000,20.78000000,20.79000000,1393.85000000,1643748719999,28993.04290000,77,47.42000000,986.24730000,0
1643748720000,20.79000000,20.80000000,20.79000000,20.80000000,343.81000000,1643748779999,7150.38490000,40,182.49000000,3795.79200000,0
1643748780000,20.80000000,20.81000000,20.79000000,20.79000000,89.65000000,1643748839999,1864.42500000,19,15.94000000,331.65190000,0
1643748840000,20.79000000,20.81000000,20.78000000,20.81000000,490.90000000,1643748899999,10208.46300000,51,308.39000000,6413.87520000,0
1643748900000,20.81000000,20.82000000,20.80000000,20.81000000,305.56000000,1643748959999,6358.73040000,44,74.11000000,1542.32510000,0
1643748960000,20.81000000,20.81000000,20.80000000,20.81000000,340.36000000,1643749019999,7082.31820000,35,212.42000000,4420.46020000,0
1643749020000,20.81000000,20.81000000,20.80000000,20.80000000,132.35000000,1643749079999,2753.55270000,24,28.48000000,592.60180000,0
1643749080000,20.79000000,20.79000000,20.75000000,20.75000000,498.74000000,1643749139999,10360.64830000,57,77.19000000,1604.16750000,0
1643749140000,20.76000000,20.76000000,20.72000000,20.72000000,989.48000000,1643749199999,20526.32880000,82,251.45000000,5216.44780000,0
1643749200000,20.72000000,20.76000000,20.71000000,20.76000000,1007.17000000,1643749259999,20889.94930000,78,906.50000000,18802.49890000,0
1643749260000,20.77000000,20.78000000,20.77000000,20.78000000,499.58000000,1643749319999,10379.97950000,45,447.87000000,9305.45560000,0
1643749320000,20.77000000,20.79000000,20.77000000,20.79000000,287.18000000,1643749379999,5969.92210000,36,113.42000000,2357.55690000,0
1643749380000,20.78000000,20.78000000,20.77000000,20.78000000,219.52000000,1643749439999,4560.95540000,27,157.99000000,3282.75480000,0
1643749440000,20.78000000,20.79000000,20.78000000,20.78000000,278.98000000,1643749499999,5797.79150000,38,108.10000000,2246.90510000,0
1643749500000,20.78000000,20.82000000,20.78000000,20.82000000,1038.45000000,1643749559999,21598.57700000,62,945.03000000,19654.49780000,0
1643749560000,20.82000000,20.82000000,20.81000000,20.82000000,69.80000000,1643749619999,1453.11690000,21,38.58000000,803.23560000,0
1643749620000,20.81000000,20.81000000,20.81000000,20.81000000,70.31000000,1643749679999,1463.15110000,13,0.00000000,0.00000000,0
1643749680000,20.81000000,20.82000000,20.81000000,20.82000000,32.80000000,1643749739999,682.78070000,7,21.27000000,442.84140000,0
1643749740000,20.82000000,20.82000000,20.80000000,20.80000000,169.90000000,1643749799999,3535.72360000,22,13.46000000,280.23720000,0
1643749800000,20.80000000,20.81000000,20.80000000,20.80000000,127.51000000,1643749859999,2653.38700000,29,60.73000000,1263.79130000,0
1643749860000,20.81000000,20.81000000,20.78000000,20.79000000,962.30000000,1643749919999,20013.26930000,48,149.68000000,3112.64720000,0
1643749920000,20.79000000,20.79000000,20.77000000,20.78000000,193.22000000,1643749979999,4015.62670000,25,49.65000000,1031.72700000,0
1643749980000,20.77000000,20.79000000,20.77000000,20.78000000,544.66000000,1643750039999,11322.19280000,52,374.80000000,7791.40720000,0
1643750040000,20.78000000,20.78000000,20.77000000,20.78000000,537.00000000,1643750099999,11158.82490000,34,104.31000000,2167.56180000,0
1643750100000,20.78000000,20.81000000,20.78000000,20.81000000,612.79000000,1643750159999,12741.89770000,60,491.70000000,10225.51210000,0
1643750160000,20.81000000,20.82000000,20.81000000,20.81000000,1050.13000000,1643750219999,21863.62130000,42,238.61000000,4967.86020000,0
1643750220000,20.82000000,20.83000000,20.81000000,20.81000000,640.41000000,1643750279999,13334.03660000,49,211.39000000,4401.84870000,0
1643750280000,20.81000000,20.87000000,20.81000000,20.86000000,4628.06000000,1643750339999,96439.97940000,196,4102.20000000,85475.62060000,0
1643750340000,20.85000000,20.85000000,20.83000000,20.84000000,444.66000000,1643750399999,9268.26790000,33,43.70000000,910.70800000,0
1643750400000,20.84000000,20.85000000,20.83000000,20.84000000,722.18000000,1643750459999,15045.62430000,41,39.93000000,832.18910000,0
1643750460000,20.83000000,20.85000000,20.83000000,20.85000000,520.92000000,1643750519999,10857.39500000,47,292.16000000,6090.09330000,0
1643750520000,20.85000000,20.87000000,20.85000000,20.86000000,249.07000000,1643750579999,5195.24880000,36,68.92000000,1437.69830000,0
1643750580000,20.86000000,20.88000000,20.85000000,20.87000000,350.96000000,1643750639999,7324.05780000,35,336.80000000,7028.67270000,0
1643750640000,20.88000000,20.90000000,20.88000000,20.89000000,838.27000000,1643750699999,17511.78380000,77,544.00000000,11364.71780000,0
1643750700000,20.88000000,20.88000000,20.87000000,20.87000000,287.43000000,1643750759999,6000.09110000,41,92.83000000,1937.37210000,0
1643750760000,20.87000000,20.87000000,20.86000000,20.87000000,200.67000000,1643750819999,4187.95930000,21,167.32000000,3491.96840000,0
1643750820000,20.87000000,20.89000000,20.87000000,20.89000000,386.55000000,1643750879999,8071.21770000,35,347.30000000,7252.07020000,0
1643750880000,20.88000000,20.88000000,20.87000000,20.88000000,247.76000000,1643750939999,5171.94510000,21,20.53000000,428.66640000,0
1643750940000,20.87000000,20.88000000,20.86000000,20.88000000,428.91000000,1643750999999,8952.77410000,37,270.88000000,5654.73490000,0
1643751000000,20.88000000,20.88000000,20.87000000,20.88000000,312.24000000,1643751059999,6519.41890000,25,130.15000000,2717.53200000,0
1643751060000,20.89000000,20.89000000,20.87000000,20.88000000,298.48000000,1643751119999,6232.32690000,35,227.61000000,4752.56870000,0
1643751120000,20.88000000,20.88000000,20.86000000,20.87000000,236.35000000,1643751179999,4931.52300000,28,65.83000000,1373.92950000,0
1643751180000,20.87000000,20.87000000,20.86000000,20.86000000,223.17000000,1643751239999,4656.05640000,17,73.02000000,1523.92740000,0
1643751240000,20.86000000,20.87000000,20.85000000,20.87000000,1068.48000000,1643751299999,22289.67890000,49,241.42000000,5037.39370000,0
1643751300000,20.87000000,20.88000000,20.87000000,20.88000000,429.44000000,1643751359999,8966.62960000,28,262.04000000,5471.39520000,0
1643751360000,20.88000000,20.88000000,20.87000000,20.88000000,128.35000000,1643751419999,2679.68210000,14,86.64000000,1809.04320000,0
1643751420000,20.88000000,20.90000000,20.88000000,20.89000000,1503.78000000,1643751479999,31412.40330000,110,796.48000000,16637.85840000,0
1643751480000,20.88000000,20.88000000,20.87000000,20.88000000,396.23000000,1643751539999,8273.23460000,37,182.31000000,3806.63280000,0
1643751540000,20.88000000,20.88000000,20.86000000,20.87000000,406.42000000,1643751599999,8483.26980000,52,171.26000000,3574.46900000,0
1643751600000,20.87000000,20.87000000,20.86000000,20.86000000,490.15000000,1643751659999,10226.86440000,49,169.43000000,3536.00410000,0
1643751660000,20.86000000,20.87000000,20.86000000,20.86000000,83.36000000,1643751719999,1738.90660000,18,5.57000000,116.20720000,0
1643751720000,20.85000000,20.88000000,20.85000000,20.88000000,182.09000000,1643751779999,3799.85530000,26,175.06000000,3653.23440000,0
1643751780000,20.87000000,20.89000000,20.87000000,20.87000000,207.58000000,1643751839999,4334.10260000,29,126.99000000,2651.56070000,0
1643751840000,20.87000000,20.90000000,20.86000000,20.88000000,6507.26000000,1643751899999,135901.22290000,138,5571.22000000,116357.73620000,0
1643751900000,20.88000000,20.89000000,20.88000000,20.89000000,148.12000000,1643751959999,3093.75530000,21,139.77000000,2919.35710000,0
1643751960000,20.89000000,20.90000000,20.89000000,20.89000000,668.78000000,1643752019999,13970.87230000,28,490.93000000,10255.58580000,0
1643752020000,20.89000000,20.89000000,20.89000000,20.89000000,7.92000000,1643752079999,165.44880000,3,0.00000000,0.00000000,0
1643752080000,20.90000000,20.90000000,20.87000000,20.87000000,282.80000000,1643752139999,5905.10640000,27,36.03000000,752.63020000,0
1643752140000,20.88000000,20.88000000,20.85000000,20.86000000,672.19000000,1643752199999,14029.42440000,60,421.64000000,8800.04940000,0
1643752200000,20.87000000,20.87000000,20.86000000,20.87000000,458.35000000,1643752259999,9565.69900000,41,214.87000000,4484.33690000,0
1643752260000,20.87000000,20.89000000,20.86000000,20.89000000,637.38000000,1643752319999,13303.80660000,55,282.82000000,5904.09980000,0
1643752320000,20.88000000,20.90000000,20.88000000,20.90000000,89.99000000,1643752379999,1880.06500000,14,80.71000000,1686.22570000,0
1643752380000,20.89000000,20.91000000,20.89000000,20.90000000,393.05000000,1643752439999,8213.92390000,35,305.11000000,6376.25410000,0
1643752440000,20.91000000,20.91000000,20.90000000,20.90000000,494.64000000,1643752499999,10340.79730000,61,250.57000000,5238.36100000,0
1643752500000,20.91000000,20.91000000,20.90000000,20.91000000,99.03000000,1643752559999,2069.79670000,7,6.97000000,145.74270000,0
1643752560000,20.91000000,20.91000000,20.89000000,20.90000000,1473.65000000,1643752619999,30787.41190000,39,53.46000000,1117.32820000,0
1643752620000,20.90000000,20.90000000,20.90000000,20.90000000,7.83000000,1643752679999,163.64700000,3,0.00000000,0.00000000,0
1643752680000,20.90000000,20.91000000,20.87000000,20.88000000,1369.90000000,1643752739999,28623.52070000,160,193.59000000,4044.57500000,0
1643752740000,20.89000000,20.97000000,20.89000000,20.97000000,4173.73000000,1643752799999,87329.22050000,202,3737.00000000,78188.69680000,0
1643752800000,20.98000000,21.01000000,20.98000000,20.99000000,3216.65000000,1643752859999,67525.96610000,193,2403.50000000,50461.91450000,0
1643752860000,20.98000000,20.99000000,20.95000000,20.95000000,550.57000000,1643752919999,11546.95710000,59,115.63000000,2425.83370000,0
1643752920000,20.95000000,20.97000000,20.94000000,20.97000000,544.54000000,1643752979999,11411.97080000,73,360.16000000,7549.05080000,0
1643752980000,20.97000000,20.98000000,20.96000000,20.97000000,663.74000000,1643753039999,13919.01400000,36,254.65000000,5340.49840000,0
1643753040000,20.97000000,20.99000000,20.97000000,20.98000000,245.49000000,1643753099999,5150.14230000,32,167.91000000,3522.51390000,0
1643753100000,20.99000000,20.99000000,20.97000000,20.98000000,104.70000000,1643753159999,2196.73850000,12,20.85000000,437.60870000,0
1643753160000,20.97000000,20.97000000,20.96000000,20.96000000,169.02000000,1643753219999,3544.28400000,24,138.33000000,2900.78010000,0
1643753220000,20.96000000,20.97000000,20.96000000,20.96000000,7.64000000,1643753279999,160.14430000,7,0.99000000,20.76030000,0
1643753280000,20.96000000,21.00000000,20.96000000,21.00000000,2105.96000000,1643753339999,44209.17610000,127,1822.58000000,38261.15320000,0
1643753340000,21.00000000,21.00000000,20.99000000,20.99000000,388.75000000,1643753399999,8163.68520000,45,230.22000000,4834.62000000,0
1643753400000,20.99000000,21.00000000,20.97000000,20.97000000,229.08000000,1643753459999,4808.29840000,37,71.67000000,1505.04850000,0
1643753460000,20.97000000,20.98000000,20.97000000,20.98000000,191.96000000,1643753519999,4027.28430000,23,181.61000000,3810.17780000,0
1643753520000,20.98000000,20.99000000,20.97000000,20.97000000,320.81000000,1643753579999,6730.93020000,15,39.29000000,824.69710000,0
1643753580000,20.97000000,20.98000000,20.97000000,20.97000000,82.53000000,1643753639999,1730.84480000,9,19.07000000,400.08860000,0
1643753640000,20.98000000,20.98000000,20.97000000,20.97000000,24.66000000,1643753699999,517.14020000,11,2.00000000,41.96000000,0
1643753700000,20.97000000,20.97000000,20.95000000,20.95000000,669.91000000,1643753759999,14041.33570000,40,0.00000000,0.00000000,0
1643753760000,20.95000000,20.96000000,20.95000000,20.95000000,76.95000000,1643753819999,1612.20390000,21,10.14000000,212.53440000,0
1643753820000,20.95000000,20.95000000,20.94000000,20.94000000,70.39000000,1643753879999,1474.51750000,15,3.65000000,76.46750000,0
1643753880000,20.95000000,20.96000000,20.95000000,20.96000000,277.41000000,1643753939999,5813.19080000,20,234.00000000,4903.75130000,0
1643753940000,20.95000000,20.95000000,20.94000000,20.95000000,82.34000000,1643753999999,1724.92410000,27,10.91000000,228.56450000,0
1643754000000,20.95000000,20.95000000,20.94000000,20.95000000,156.22000000,1643754059999,3272.71280000,17,95.62000000,2003.23900000,0
1643754060000,20.95000000,20.95000000,20.94000000,20.94000000,485.02000000,1643754119999,10157.23580000,33,9.52000000,199.44400000,0
1643754120000,20.95000000,20.95000000,20.94000000,20.94000000,66.46000000,1643754179999,1392.02620000,7,35.38000000,741.21100000,0
1643754180000,20.93000000,20.94000000,20.93000000,20.94000000,220.01000000,1643754239999,4606.80300000,19,185.93000000,3893.37420000,0
1643754240000,20.94000000,20.96000000,20.94000000,20.96000000,730.81000000,1643754299999,15311.92780000,35,658.17000000,13790.63500000,0
1643754300000,20.96000000,20.96000000,20.94000000,20.94000000,361.07000000,1643754359999,7562.23160000,38,200.60000000,4200.56400000,0
1643754360000,20.94000000,20.94000000,20.94000000,20.94000000,18.63000000,1643754419999,390.11220000,6,0.00000000,0.00000000,0
1643754420000,20.94000000,20.94000000,20.94000000,20.94000000,5.02000000,1643754479999,105.11880000,2,0.00000000,0.00000000,0
1643754480000,20.94000000,20.95000000,20.94000000,20.95000000,509.28000000,1643754539999,10668.98180000,35,465.86000000,9759.76700000,0
1643754540000,20.94000000,20.95000000,20.94000000,20.94000000,22.74000000,1643754599999,476.29550000,7,11.99000000,251.19050000,0
1643754600000,20.95000000,20.95000000,20.94000000,20.94000000,107.62000000,1643754659999,2254.31120000,19,74.84000000,1567.89800000,0
1643754660000,20.94000000,20.95000000,20.93000000,20.93000000,567.19000000,1643754719999,11881.29350000,27,461.72000000,9672.83400000,0
1643754720000,20.93000000,20.93000000,20.93000000,20.93000000,7.40000000,1643754779999,154.88200000,4,0.00000000,0.00000000,0
1643754780000,20.93000000,20.94000000,20.93000000,20.93000000,103.84000000,1643754839999,2173.40100000,45,2.98000000,62.40120000,0
1643754840000,20.93000000,20.94000000,20.93000000,20.94000000,33.61000000,1643754899999,703.58160000,27,12.43000000,260.28420000,0
1643754900000,20.93000000,20.93000000,20.89000000,20.89000000,988.63000000,1643754959999,20673.00610000,64,222.89000000,4660.88000000,0
1643754960000,20.88000000,20.88000000,20.83000000,20.83000000,1379.64000000,1643755019999,28767.20790000,69,371.55000000,7745.22270000,0
1643755020000,20.84000000,20.84000000,20.83000000,20.84000000,389.73000000,1643755079999,8121.93390000,19,381.77000000,7956.08680000,0
1643755080000,20.84000000,20.85000000,20.84000000,20.84000000,40.42000000,1643755139999,842.35790000,7,0.51000000,10.63350000,0
1643755140000,20.84000000,20.85000000,20.84000000,20.84000000,41.98000000,1643755199999,875.18640000,7,32.32000000,673.87200000,0
1643755200000,20.84000000,20.84000000,20.83000000,20.83000000,3236.78000000,1643755259999,67451.45830000,68,56.60000000,1179.54400000,0
1643755260000,20.83000000,20.84000000,20.83000000,20.84000000,120.81000000,1643755319999,2517.62940000,19,108.60000000,2263.22400000,0
1643755320000,20.85000000,20.85000000,20.84000000,20.84000000,24.18000000,1643755379999,504.07610000,5,16.49000000,343.81650000,0
1643755380000,20.85000000,20.85000000,20.84000000,20.85000000,367.40000000,1643755439999,7658.71550000,27,209.95000000,4377.45750000,0
1643755440000,20.85000000,20.85000000,20.84000000,20.84000000,48.31000000,1643755499999,1007.02400000,8,24.36000000,507.90600000,0
1643755500000,20.85000000,20.85000000,20.84000000,20.85000000,111.92000000,1643755559999,2333.51860000,19,110.58000000,2305.59300000,0
1643755560000,20.85000000,20.87000000,20.85000000,20.86000000,571.53000000,1643755619999,11923.51020000,48,556.76000000,11615.48150000,0
1643755620000,20.86000000,20.86000000,20.85000000,20.86000000,587.64000000,1643755679999,12258.11100000,31,13.24000000,276.18640000,0
1643755680000,20.86000000,20.86000000,20.85000000,20.85000000,60.11000000,1643755739999,1253.41520000,8,12.17000000,253.86620000,0
1643755740000,20.85000000,20.86000000,20.84000000,20.84000000,112.15000000,1643755799999,2338.75450000,15,43.46000000,906.57560000,0
1643755800000,20.85000000,20.85000000,20.84000000,20.84000000,169.33000000,1643755859999,3529.47900000,11,64.18000000,1338.15300000,0
1643755860000,20.84000000,20.85000000,20.84000000,20.85000000,429.40000000,1643755919999,8950.16030000,27,146.43000000,3053.06550000,0
1643755920000,20.84000000,20.86000000,20.84000000,20.86000000,181.28000000,1643755979999,3780.92300000,22,169.56000000,3536.63700000,0
1643755980000,20.86000000,20.86000000,20.82000000,20.82000000,2582.14000000,1643756039999,53819.86920000,70,136.98000000,2854.20600000,0
1643756040000,20.82000000,20.83000000,20.81000000,20.82000000,84.93000000,1643756099999,1768.21030000,15,74.00000000,1540.74700000,0
1643756100000,20.83000000,20.84000000,20.83000000,20.84000000,386.61000000,1643756159999,8053.11030000,18,386.61000000,8053.11030000,0
1643756160000,20.84000000,20.84000000,20.83000000,20.84000000,427.78000000,1643756219999,8913.33520000,21,267.78000000,5580.53520000,0
1643756220000,20.83000000,20.84000000,20.83000000,20.84000000,15.83000000,1643756279999,329.81390000,8,7.50000000,156.30000000,0
1643756280000,20.83000000,20.86000000,20.83000000,20.86000000,1376.64000000,1643756339999,28692.83570000,60,1323.40000000,27583.77480000,0
1643756340000,20.86000000,20.86000000,20.86000000,20.86000000,21.15000000,1643756399999,441.18900000,6,0.00000000,0.00000000,0
1643756400000,20.87000000,20.87000000,20.85000000,20.85000000,528.78000000,1643756459999,11030.97870000,38,88.30000000,1842.79700000,0
1643756460000,20.85000000,20.85000000,20.84000000,20.84000000,111.72000000,1643756519999,2329.28330000,13,23.50000000,489.97500000,0
1643756520000,20.85000000,20.85000000,20.84000000,20.84000000,350.75000000,1643756579999,7313.06370000,53,343.37000000,7159.26450000,0
1643756580000,20.85000000,20.86000000,20.85000000,20.85000000,905.11000000,1643756639999,18871.75780000,44,897.76000000,18718.51030000,0
1643756640000,20.85000000,20.86000000,20.85000000,20.85000000,38.95000000,1643756699999,812.26030000,7,15.28000000,318.74080000,0
1643756700000,20.86000000,20.86000000,20.85000000,20.85000000,520.32000000,1643756759999,10853.05630000,43,438.43000000,9145.64980000,0
1643756760000,20.85000000,20.89000000,20.85000000,20.88000000,911.47000000,1643756819999,19024.33080000,59,859.09000000,17930.75130000,0
1643756820000,20.88000000,20.89000000,20.88000000,20.88000000,1100.54000000,1643756879999,22979.35720000,59,8.20000000,171.29800000,0
1643756880000,20.88000000,20.90000000,20.88000000,20.88000000,289.06000000,1643756939999,6038.38130000,36,185.24000000,3869.74560000,0
1643756940000,20.88000000,20.88000000,20.87000000,20.88000000,987.00000000,1643756999999,20608.49930000,46,9.59000000,200.23920000,0
1643757000000,20.87000000,20.89000000,20.87000000,20.88000000,1162.03000000,1643757059999,24263.52660000,62,1045.87000000,21839.17470000,0
1643757060000,20.88000000,20.90000000,20.88000000,20.88000000,1160.54000000,1643757119999,24243.46010000,53,125.85000000,2629.02840000,0
1643757120000,20.88000000,20.89000000,20.88000000,20.88000000,831.79000000,1643757179999,17376.03770000,57,505.48000000,10559.47720000,0
1643757180000,20.89000000,20.89000000,20.86000000,20.86000000,637.51000000,1643757239999,13308.76280000,110,116.59000000,2434.01750000,0
1643757240000,20.87000000,20.88000000,20.87000000,20.87000000,278.07000000,1643757299999,5804.30210000,20,267.07000000,5574.73210000,0
1643757300000,20.88000000,20.88000000,20.87000000,20.87000000,591.06000000,1643757359999,12340.62580000,30,23.95000000,500.07600000,0
1643757360000,20.87000000,20.87000000,20.86000000,20.86000000,41.32000000,1643757419999,862.30500000,9,0.00000000,0.00000000,0
1643757420000,20.86000000,20.87000000,20.86000000,20.87000000,724.34000000,1643757479999,15116.95050000,71,462.80000000,9658.63600000,0
1643757480000,20.87000000,20.90000000,20.87000000,20.89000000,375.95000000,1643757539999,7852.78840000,58,350.95000000,7330.58390000,0
1643757540000,20.89000000,20.92000000,20.89000000,20.91000000,1432.36000000,1643757599999,29950.04980000,72,1341.89000000,28059.19640000,0
1643757600000,20.92000000,20.96000000,20.92000000,20.96000000,738.66000000,1643757659999,15470.25370000,59,651.11000000,13637.31430000,0
1643757660000,20.96000000,20.97000000,20.96000000,20.96000000,1154.17000000,1643757719999,24191.49340000,47,828.62000000,17367.96540000,0
1643757720000,20.95000000,20.97000000,20.95000000,20.97000000,749.82000000,1643757779999,15722.73350000,58,544.92000000,11426.32870000,0
1643757780000,20.96000000,20.96000000,20.96000000,20.96000000,432.68000000,1643757839999,9068.97280000,28,29.40000000,616.22400000,0
1643757840000,20.95000000,20.98000000,20.95000000,20.97000000,560.66000000,1643757899999,11759.93030000,54,372.00000000,7802.10800000,0
1643757900000,20.98000000,20.98000000,20.94000000,20.95000000,2085.52000000,1643757959999,43699.66390000,55,18.06000000,378.66150000,0
1643757960000,20.95000000,20.95000000,20.94000000,20.95000000,865.65000000,1643758019999,18128.90810000,60,461.20000000,9658.90370000,0
1643758020000,20.94000000,20.95000000,20.94000000,20.94000000,72.59000000,1643758079999,1520.53300000,9,49.84000000,1044.14800000,0
1643758080000,20.94000000,20.96000000,20.94000000,20.95000000,1089.21000000,1643758139999,22818.93770000,60,196.60000000,4118.84000000,0
1643758140000,20.95000000,20.95000000,20.94000000,20.95000000,306.54000000,1643758199999,6421.93150000,27,120.59000000,2526.36050000,0
1643758200000,20.95000000,20.97000000,20.94000000,20.95000000,2390.08000000,1643758259999,50094.64750000,60,2188.75000000,45874.87970000,0
1643758260000,20.96000000,20.97000000,20.94000000,20.96000000,1117.15000000,1643758319999,23413.68180000,66,796.34000000,16690.67920000,0
1643758320000,20.96000000,20.99000000,20.96000000,20.97000000,729.07000000,1643758379999,15291.76630000,56,607.23000000,12735.96010000,0
1643758380000,20.97000000,20.99000000,20.97000000,20.98000000,288.05000000,1643758439999,6043.00250000,37,192.20000000,4032.10750000,0
1643758440000,20.97000000,20.98000000,20.97000000,20.97000000,2443.03000000,1643758499999,51233.19740000,77,474.83000000,9960.04340000,0
1643758500000,20.97000000,20.97000000,20.95000000,20.96000000,448.71000000,1643758559999,9406.16690000,34,246.13000000,5161.19480000,0
1643758560000,20.96000000,20.96000000,20.93000000,20.93000000,613.20000000,1643758619999,12844.32270000,40,160.38000000,3361.35730000,0
1643758620000,20.93000000,20.95000000,20.93000000,20.95000000,346.91000000,1643758679999,7265.05010000,33,250.07000000,5238.11270000,0
1643758680000,20.95000000,20.95000000,20.93000000,20.93000000,314.53000000,1643758739999,6586.03680000,33,0.00000000,0.00000000,0
1643758740000,20.93000000,20.94000000,20.93000000,20.93000000,356.22000000,1643758799999,7455.69460000,27,295.30000000,6180.63900000,0
1643758800000,20.92000000,20.92000000,20.91000000,20.91000000,1149.66000000,1643758859999,24043.14060000,52,146.30000000,3060.55060000,0
1643758860000,20.91000000,20.92000000,20.90000000,20.91000000,823.04000000,1643758919999,17209.99130000,56,487.61000000,10196.17950000,0
1643758920000,20.91000000,20.91000000,20.89000000,20.89000000,339.57000000,1643758979999,7095.67870000,42,40.50000000,846.04500000,0
1643758980000,20.88000000,20.89000000,20.88000000,20.89000000,344.04000000,1643759039999,7184.93900000,38,263.29000000,5498.87900000,0
1643759040000,20.90000000,20.93000000,20.90000000,20.92000000,529.49000000,1643759099999,11073.43560000,51,443.34000000,9270.70520000,0
1643759100000,20.92000000,20.93000000,20.92000000,20.93000000,124.61000000,1643759159999,2607.45590000,22,90.63000000,1896.56020000,0
1643759160000,20.93000000,20.95000000,20.92000000,20.95000000,1394.35000000,1643759219999,29200.54890000,101,672.42000000,14083.18550000,0
1643759220000,20.95000000,20.96000000,20.95000000,20.96000000,140.52000000,1643759279999,2945.18370000,18,128.97000000,2703.21120000,0
1643759280000,20.97000000,20.98000000,20.97000000,20.97000000,769.69000000,1643759339999,16140.41380000,41,583.88000000,12243.97810000,0
1643759340000,20.97000000,20.98000000,20.97000000,20.98000000,724.35000000,1643759399999,15194.47800000,55,300.68000000,6307.72680000,0
1643759400000,20.98000000,20.98000000,20.96000000,20.96000000,459.83000000,1643759459999,9643.38790000,28,80.05000000,1679.44900000,0
1643759460000,20.95000000,20.95000000,20.93000000,20.93000000,877.18000000,1643759519999,18369.86690000,62,327.01000000,6849.48900000,0
1643759520000,20.93000000,20.93000000,20.92000000,20.92000000,234.21000000,1643759579999,4900.10300000,29,96.40000000,2016.79130000,0
1643759580000,20.92000000,20.92000000,20.91000000,20.92000000,484.91000000,1643759639999,10144.07420000,38,194.87000000,4076.68040000,0
1643759640000,20.93000000,20.93000000,20.90000000,20.91000000,384.72000000,1643759699999,8044.84510000,30,158.25000000,3309.29370000,0
1643759700000,20.91000000,20.92000000,20.91000000,20.91000000,373.72000000,1643759759999,7815.88970000,45,131.36000000,2747.65730000,0
1643759760000,20.91000000,20.91000000,20.91000000,20.91000000,10.14000000,1643759819999,212.02740000,3,0.00000000,0.00000000,0
1643759820000,20.91000000,20.91000000,20.88000000,20.88000000,787.91000000,1643759879999,16465.18400000,70,190.80000000,3986.90560000,0
1643759880000,20.88000000,20.90000000,20.88000000,20.89000000,291.76000000,1643759939999,6096.38120000,25,256.65000000,5362.98040000,0
1643759940000,20.89000000,20.90000000,20.89000000,20.89000000,142.06000000,1643759999999,2968.92960000,23,97.45000000,2036.70500000,0
