1623801600000,39.51300000,39.52600000,39.32400000,39.33600000,2211.12100000,1623801659999,87084.16415500,322,856.12400000,33702.51586300,0
1623801660000,39.33700000,39.39700000,39.00000000,39.19300000,20832.74100000,1623801719999,814700.33976500,1781,6287.70700000,246219.77515100,0
1623801720000,39.19700000,39.22600000,39.01900000,39.01900000,3689.58900000,1623801779999,144321.44084900,345,949.14600000,37142.24520300,0
1623801780000,39.03900000,39.08600000,38.93300000,38.93500000,10888.48900000,1623801839999,424523.61797600,692,2663.53800000,103804.41478700,0
1623801840000,38.93500000,39.18100000,38.90600000,39.15700000,5712.37300000,1623801899999,222998.78500900,491,4232.72500000,165182.62246600,0
1623801900000,39.17100000,39.27600000,39.09700000,39.11600000,2886.53200000,1623801959999,113149.06512500,285,1727.84200000,67713.29643600,0
1623801960000,39.11900000,39.32000000,39.11900000,39.21700000,2613.52000000,1623802019999,102441.32084900,242,1455.17400000,57036.14139600,0
1623802020000,39.21700000,39.21700000,39.10200000,39.20400000,944.50500000,1623802079999,36995.46753200,125,281.80600000,11036.11159000,0
1623802080000,39.20700000,39.27200000,39.20700000,39.25100000,407.51200000,1623802139999,15989.66038100,79,230.07100000,9028.87711700,0
1623802140000,39.23600000,39.28800000,39.11000000,39.11000000,2492.53800000,1623802199999,97667.81507800,145,1293.57600000,50685.39193900,0
1623802200000,39.10200000,39.11900000,38.97500000,39.10800000,6638.54400000,1623802259999,259076.39309800,334,3906.64200000,152424.68573200,0
1623802260000,39.12000000,39.27900000,39.09900000,39.24500000,2171.03600000,1623802319999,85060.80616100,204,1408.89000000,55188.22198900,0
1623802320000,39.24400000,39.25900000,39.11100000,39.20000000,2061.96600000,1623802379999,80762.52719800,120,1371.94600000,53724.91578800,0
1623802380000,39.20300000,39.27100000,39.15400000,39.15400000,1094.79000000,1623802439999,42923.71086900,87,184.78300000,7251.35018400,0
1623802440000,39.14100000,39.31300000,39.12300000,39.23900000,2010.20500000,1623802499999,78841.13531700,158,1085.26300000,42582.28272100,0
1623802500000,39.22500000,39.32500000,39.16200000,39.32400000,747.60000000,1623802559999,29321.51203100,95,471.57500000,18502.30645100,0
1623802560000,39.31300000,39.32200000,39.26500000,39.28100000,926.07000000,1623802619999,36380.05498200,67,507.16800000,19925.96752300,0
1623802620000,39.26800000,39.30500000,39.18400000,39.27700000,1084.39500000,1623802679999,42556.87986100,70,497.43700000,19537.01972600,0
1623802680000,39.29300000,39.33700000,39.18800000,39.18800000,2813.12300000,1623802739999,110388.91528600,114,604.24200000,23743.65397600,0
1623802740000,39.20300000,39.30600000,39.20300000,39.28000000,752.66800000,1623802799999,29537.86029400,60,586.80800000,23024.18450900,0
1623802800000,39.29700000,39.35700000,39.19300000,39.19700000,2498.05100000,1623802859999,98159.74542600,154,1048.17600000,41184.94360700,0
1623802860000,39.19900000,39.21700000,39.16000000,39.19100000,863.41500000,1623802919999,33839.19964800,63,300.49200000,11778.34970900,0
1623802920000,39.20000000,39.22200000,39.08700000,39.22200000,1579.80300000,1623802979999,61842.32867000,111,587.87200000,23015.95487600,0
1623802980000,39.22200000,39.23400000,39.11300000,39.17200000,458.18400000,1623803039999,17951.01428000,48,145.10700000,5686.46424000,0
1623803040000,39.18100000,39.18900000,39.07100000,39.09400000,487.31100000,1623803099999,19072.34114500,53,66.25900000,2590.80980300,0
1623803100000,39.07900000,39.07900000,38.99900000,39.04100000,982.38600000,1623803159999,38342.46379700,149,268.64200000,10483.60134200,0
1623803160000,39.06200000,39.09300000,38.99900000,39.00000000,283.61700000,1623803219999,11076.88495900,43,67.07100000,2619.07009200,0
1623803220000,39.00500000,39.02200000,38.91500000,39.00700000,1064.94300000,1623803279999,41488.75127500,166,428.19700000,16687.43194500,0
1623803280000,39.01700000,39.07100000,38.95500000,38.96000000,1146.16800000,1623803339999,44736.03634500,97,696.05600000,27182.65827000,0
1623803340000,38.98500000,39.05000000,38.95500000,38.95500000,1958.63300000,1623803399999,76379.58084400,111,607.65600000,23687.62468100,0
1623803400000,38.96400000,38.96400000,38.90700000,38.94500000,1509.89500000,1623803459999,58779.21423500,100,1084.20400000,42210.04533800,0
1623803460000,38.95900000,39.11600000,38.95900000,39.09600000,838.24900000,1623803519999,32713.52371500,72,661.50600000,25813.27917200,0
1623803520000,39.07500000,39.07500000,38.94900000,39.00900000,1540.97600000,1623803579999,60109.85606000,125,745.54700000,29086.47523300,0
1623803580000,38.99500000,39.03300000,38.98600000,39.02300000,607.57900000,1623803639999,23701.10249600,46,285.49700000,11138.37353900,0
1623803640000,39.02300000,39.05300000,39.00100000,39.01600000,779.28500000,1623803699999,30416.23996000,48,471.53000000,18405.34683600,0
1623803700000,39.02000000,39.04300000,38.94800000,38.96700000,4286.26100000,1623803759999,167158.56979900,127,1726.90500000,67384.10451400,0
1623803760000,38.95400000,38.97600000,38.83800000,38.89400000,7087.53900000,1623803819999,275698.50347900,468,2823.62300000,109858.79566900,0
1623803820000,38.87800000,39.04000000,38.87800000,39.04000000,1441.91700000,1623803879999,56211.53015900,134,1281.44200000,49958.26716000,0
1623803880000,39.04100000,39.09600000,39.02400000,39.02400000,1628.83100000,1623803939999,63629.92848000,281,960.02200000,37510.39220600,0
1623803940000,39.01400000,39.03300000,38.90800000,38.95000000,1144.90800000,1623803999999,44594.06193800,75,365.26900000,14226.96104700,0
1623804000000,38.94200000,39.02000000,38.94200000,38.98000000,2306.52900000,1623804059999,89909.62750900,72,662.07200000,25817.71160900,0
1623804060000,38.95900000,39.02300000,38.93000000,39.00400000,1670.04400000,1623804119999,65064.90764100,61,801.13900000,31211.71989500,0
1623804120000,39.00800000,39.09600000,39.00400000,39.07500000,722.97200000,1623804179999,28236.04111100,57,541.37500000,21150.39539600,0
1623804180000,39.07400000,39.13000000,39.02400000,39.05400000,2093.19300000,1623804239999,81794.50190400,136,1750.05800000,68386.39244200,0
1623804240000,39.05300000,39.14900000,39.03800000,39.12400000,690.66000000,1623804299999,27011.90100600,86,276.67400000,10814.19225300,0
1623804300000,39.13500000,39.20600000,39.12700000,39.19100000,2411.36700000,1623804359999,94494.11637000,156,1229.13600000,48171.01824300,0
1623804360000,39.20600000,39.24300000,39.17400000,39.22800000,880.76400000,1623804419999,34530.60370600,116,657.71200000,25784.18437800,0
1623804420000,39.22600000,39.22800000,39.16200000,39.18200000,747.29400000,1623804479999,29295.77918800,43,243.25100000,9534.45391900,0
1623804480000,39.18300000,39.18300000,39.10400000,39.13500000,288.24100000,1623804539999,11280.02703900,47,106.34000000,4162.03035700,0
1623804540000,39.13500000,39.15000000,39.04000000,39.04300000,662.69300000,1623804599999,25903.86150900,56,191.65600000,7499.22916900,0
1623804600000,39.06000000,39.09300000,39.02700000,39.04700000,1475.02700000,1623804659999,57613.19326400,80,505.86800000,19762.77105500,0
1623804660000,39.03600000,39.04300000,38.92800000,38.94700000,5597.55600000,1623804719999,218173.18238000,201,1428.40200000,55630.94579300,0
1623804720000,38.93000000,38.96400000,38.92400000,38.93000000,797.94000000,1623804779999,31074.92303100,46,634.68400000,24718.77353400,0
1623804780000,38.93200000,39.01100000,38.91200000,38.91900000,1029.53300000,1623804839999,40105.44514200,92,511.24900000,19924.37383300,0
1623804840000,38.90900000,38.96100000,38.88600000,38.89200000,1954.73400000,1623804899999,76098.00271700,109,1396.16200000,54358.53111800,0
1623804900000,38.88200000,38.96200000,38.78500000,38.95000000,3828.21200000,1623804959999,148680.59999700,437,1372.12300000,53326.45165900,0
1623804960000,38.94800000,39.01500000,38.91200000,38.91200000,1152.66300000,1623805019999,44918.17591700,108,552.23600000,21520.17211900,0
1623805020000,38.92500000,38.99200000,38.87900000,38.97600000,1248.58600000,1623805079999,48599.65554200,86,1038.91800000,40438.03917500,0
1623805080000,38.96200000,39.06700000,38.96200000,39.05900000,751.23500000,1623805139999,29320.79239800,75,562.69200000,21962.46328400,0
1623805140000,39.05000000,39.05400000,38.90900000,38.94900000,1878.97100000,1623805199999,73240.20229000,81,382.72300000,14924.74973400,0
1623805200000,38.95000000,39.00200000,38.81300000,38.87700000,1288.89400000,1623805259999,50119.87077400,198,653.26900000,25402.62406300,0
1623805260000,38.87500000,38.92100000,38.78900000,38.89600000,1984.38100000,1623805319999,77085.68256000,159,546.77700000,21246.51678600,0
1623805320000,38.88400000,38.88600000,38.81900000,38.87600000,790.01100000,1623805379999,30691.94151800,77,616.99500000,23971.62280900,0
1623805380000,38.88600000,38.88800000,38.80400000,38.81400000,1852.71000000,1623805439999,71956.92026700,65,1166.31100000,45308.08329100,0
1623805440000,38.81300000,38.85800000,38.77600000,38.79000000,1248.17600000,1623805499999,48437.70177200,133,480.49200000,18649.90195300,0
1623805500000,38.78000000,38.84100000,38.73400000,38.81900000,5003.78300000,1623805559999,193939.37902800,381,2121.42800000,82233.63922800,0
1623805560000,38.84200000,38.88800000,38.74400000,38.81800000,3528.74400000,1623805619999,137063.78776000,180,1263.38600000,49104.89386600,0
1623805620000,38.82100000,38.90900000,38.78800000,38.78800000,5155.65800000,1623805679999,200353.24661100,143,3353.06200000,130354.89491300,0
1623805680000,38.79300000,38.94600000,38.79300000,38.94600000,2495.29300000,1623805739999,97015.12109100,111,2085.25700000,81083.19246300,0
1623805740000,38.92600000,38.98300000,38.89000000,38.90200000,1099.89800000,1623805799999,42830.28393200,114,181.92000000,7085.85335500,0
1623805800000,38.89400000,38.89400000,38.72900000,38.77900000,3360.24300000,1623805859999,130390.14589100,176,695.92700000,26988.26997500,0
1623805860000,38.78000000,38.84000000,38.72000000,38.76400000,2579.04300000,1623805919999,100040.28822300,165,787.78900000,30573.78183400,0
1623805920000,38.77200000,38.83900000,38.72800000,38.81600000,2731.85600000,1623805979999,105919.53691200,143,1188.07000000,46071.15165100,0
1623805980000,38.82200000,38.97700000,38.82200000,38.97200000,3251.66300000,1623806039999,126561.77930300,156,2815.29200000,109568.35318100,0
1623806040000,38.97300000,39.05400000,38.96600000,39.01400000,2124.04000000,1623806099999,82876.48965600,150,1674.95900000,65358.74345800,0
1623806100000,39.02700000,39.14000000,39.00600000,39.12500000,737.70500000,1623806159999,28814.73521700,162,339.76600000,13273.94630400,0
1623806160000,39.14000000,39.14000000,39.01500000,39.07800000,1110.65700000,1623806219999,43381.88911300,81,408.63400000,15960.35560400,0
1623806220000,39.07600000,39.09200000,38.91600000,38.93100000,2707.50900000,1623806279999,105543.17223200,153,366.02300000,14274.57993400,0
1623806280000,38.92400000,38.96400000,38.88800000,38.90600000,1289.32700000,1623806339999,50190.09889500,75,974.85500000,37954.09837900,0
1623806340000,38.89900000,39.01700000,38.88900000,38.91500000,1521.61400000,1623806399999,59298.97842200,102,1135.19600000,44243.08591700,0
1623806400000,38.91500000,38.96600000,38.90800000,38.93100000,1041.34800000,1623806459999,40552.66196000,48,234.17300000,9118.12256200,0
1623806460000,38.93100000,38.93100000,38.83900000,38.89700000,932.54900000,1623806519999,36261.88110800,85,249.44500000,9700.85247000,0
1623806520000,38.86500000,38.92800000,38.81800000,38.88200000,954.51500000,1623806579999,37105.93717500,82,451.49400000,17554.78106000,0
1623806580000,38.85000000,38.89600000,38.77200000,38.77200000,1913.53700000,1623806639999,74292.23927400,157,828.04500000,32151.96426500,0
1623806640000,38.80200000,38.89300000,38.76300000,38.79400000,2562.14600000,1623806699999,99467.39519100,134,1223.97600000,47529.29611100,0
1623806700000,38.79400000,38.80600000,38.77200000,38.77900000,929.20400000,1623806759999,36033.10809900,48,59.80200000,2319.54748200,0
1623806760000,38.77200000,38.77200000,38.69100000,38.70700000,1840.39300000,1623806819999,71249.52686000,248,231.70200000,8971.95300400,0
1623806820000,38.71400000,38.87000000,38.71400000,38.84200000,1133.93400000,1623806879999,43984.79828400,96,772.65100000,29962.91050000,0
1623806880000,38.86200000,38.99800000,38.86200000,38.99800000,823.46700000,1623806939999,32047.04443500,134,442.89700000,17235.17656300,0
1623806940000,38.99800000,39.03000000,38.95000000,38.97600000,849.58200000,1623806999999,33115.03073100,110,464.39500000,18100.10279400,0
1623807000000,38.98800000,39.15600000,38.98800000,39.11000000,3527.82600000,1623807059999,137876.51167600,281,2838.27600000,110925.63208700,0
1623807060000,39.11000000,39.18200000,39.10800000,39.17100000,449.54800000,1623807119999,17599.17221700,90,256.83000000,10056.54839000,0
1623807120000,39.18400000,39.21500000,39.08200000,39.17900000,2321.19700000,1623807179999,90867.07825700,135,853.68200000,33434.82705600,0
1623807180000,39.17300000,39.17300000,39.07100000,39.09400000,663.22100000,1623807239999,25947.11099200,68,47.56200000,1861.75045200,0
1623807240000,39.09000000,39.14800000,39.05700000,39.12600000,614.51100000,1623807299999,24034.24728700,55,270.94200000,10595.09557600,0
1623807300000,39.12800000,39.27900000,39.12800000,39.23000000,1371.47000000,1623807359999,53761.78392400,153,993.67300000,38956.07445600,0
1623807360000,39.25000000,39.27700000,39.17600000,39.19600000,683.91600000,1623807419999,26822.05043000,47,129.26800000,5068.52050200,0
1623807420000,39.20400000,39.26700000,39.16500000,39.26100000,734.81800000,1623807479999,28822.63246400,57,395.44000000,15513.65246200,0
1623807480000,39.25300000,39.30000000,39.23700000,39.24100000,1606.95400000,1623807539999,63108.47806600,135,879.33900000,34539.46176800,0
1623807540000,39.23300000,39.34700000,39.23300000,39.34000000,1027.40300000,1623807599999,40380.62348000,116,789.34800000,31020.13638600,0
1623807600000,39.33000000,39.33000000,39.23200000,39.23600000,586.00800000,1623807659999,23008.72254800,65,254.48500000,9989.76431500,0
1623807660000,39.23000000,39.29400000,39.22500000,39.28000000,488.11600000,1623807719999,19167.21511900,49,232.43300000,9125.81452700,0
1623807720000,39.27100000,39.35800000,39.27100000,39.33700000,1030.57800000,1623807779999,40547.76032600,65,744.70200000,29302.05444400,0
1623807780000,39.32200000,39.35800000,39.26600000,39.28700000,1085.57500000,1623807839999,42677.93235800,77,349.51100000,13742.96509000,0
1623807840000,39.30000000,39.30700000,39.25000000,39.25000000,1157.59100000,1623807899999,45479.05857500,51,431.21800000,16935.72507500,0
1623807900000,39.24900000,39.27400000,39.14800000,39.15900000,958.55900000,1623807959999,37594.95938800,78,493.66900000,19375.10587000,0
1623807960000,39.18500000,39.20100000,39.14000000,39.18300000,860.09500000,1623808019999,33683.99703100,53,258.94200000,10141.06278300,0
1623808020000,39.18900000,39.23400000,39.13700000,39.23400000,736.43600000,1623808079999,28859.19501400,54,478.43500000,18759.13992000,0
1623808080000,39.22700000,39.22700000,39.12700000,39.14300000,401.80800000,1623808139999,15735.89956100,38,82.39500000,3225.82071500,0
1623808140000,39.15100000,39.15400000,39.04800000,39.05200000,1513.09400000,1623808199999,59173.17668900,127,363.19000000,14200.99672100,0
1623808200000,39.06400000,39.23400000,39.05300000,39.20900000,1871.08800000,1623808259999,73241.03751800,100,1270.73900000,49733.22343100,0
1623808260000,39.15700000,39.29500000,39.13600000,39.26300000,1156.53100000,1623808319999,45331.19684700,86,397.08300000,15572.80219900,0
1623808320000,39.24800000,39.27300000,39.16500000,39.24300000,765.50300000,1623808379999,30003.61469100,55,196.55300000,7703.22818800,0
1623808380000,39.25200000,39.30300000,39.24300000,39.30300000,1694.02300000,1623808439999,66521.34100700,87,1408.67600000,55317.12151300,0
1623808440000,39.29200000,39.30500000,39.22700000,39.23100000,386.33000000,1623808499999,15164.79556600,40,102.23000000,4012.96835600,0
1623808500000,39.23100000,39.30000000,39.19200000,39.21100000,316.37500000,1623808559999,12415.69657300,24,85.72500000,3366.47407700,0
1623808560000,39.19900000,39.27500000,39.19800000,39.24700000,221.31800000,1623808619999,8685.84068000,32,161.30200000,6330.60734500,0
1623808620000,39.25400000,39.29800000,39.23600000,39.26500000,1306.13400000,1623808679999,51290.94405700,74,420.27700000,16509.47069700,0
1623808680000,39.25200000,39.30000000,39.23400000,39.29000000,762.80100000,1623808739999,29949.35268100,35,234.17300000,9195.35778100,0
1623808740000,39.29700000,39.36300000,39.23100000,39.34800000,3106.83300000,1623808799999,122065.48201400,122,1729.87100000,67999.86569000,0
1623808800000,39.33800000,39.35700000,39.26000000,39.32900000,732.11000000,1623808859999,28781.17573500,65,409.09100000,16081.16707400,0
1623808860000,39.32800000,39.41000000,39.30100000,39.32900000,1044.88900000,1623808919999,41115.95910800,150,727.50800000,28628.99856500,0
1623808920000,39.32900000,39.42400000,39.26500000,39.32800000,1484.17700000,1623808979999,58416.53795900,109,982.79100000,38696.97535800,0
1623808980000,39.32400000,39.40500000,39.32400000,39.34700000,649.19700000,1623809039999,25552.07523400,53,385.82800000,15181.48500000,0
1623809040000,39.36300000,39.37900000,39.31200000,39.33300000,1121.94200000,1623809099999,44136.73499900,54,65.86600000,2591.97243800,0
1623809100000,39.33300000,39.34700000,39.26200000,39.29800000,1053.23100000,1623809159999,41396.57713600,85,451.36300000,17747.65331400,0
1623809160000,39.29800000,39.32200000,39.27400000,39.30100000,1232.53200000,1623809219999,48430.41257300,74,796.25400000,31288.99581700,0
1623809220000,39.29700000,39.29700000,39.17300000,39.24600000,2220.77400000,1623809279999,87074.89694600,162,1036.50100000,40635.54321900,0
1623809280000,39.22000000,39.22000000,39.07400000,39.12000000,1348.61500000,1623809339999,52773.38795600,193,647.15400000,25318.96728800,0
1623809340000,39.11300000,39.18600000,39.09900000,39.18200000,899.03700000,1623809399999,35197.71417000,71,560.51100000,21953.22281400,0
1623809400000,39.18200000,39.27200000,39.18200000,39.27200000,346.36500000,1623809459999,13586.64173300,53,207.66800000,8148.15599600,0
1623809460000,39.25200000,39.29100000,39.19100000,39.22600000,384.16200000,1623809519999,15069.99493600,39,121.39400000,4762.89323200,0
1623809520000,39.25000000,39.25000000,39.10700000,39.11500000,1216.44300000,1623809579999,47597.92778100,67,428.39500000,16757.82586400,0
1623809580000,39.14800000,39.22600000,39.14800000,39.16000000,774.79300000,1623809639999,30355.85916400,48,562.91700000,22051.69740200,0
1623809640000,39.15100000,39.18300000,39.13500000,39.18300000,601.76400000,1623809699999,23561.42367700,38,335.40800000,13134.74319900,0
1623809700000,39.18200000,39.20300000,39.14600000,39.20300000,372.49900000,1623809759999,14590.91298000,36,259.48900000,10163.74726100,0
1623809760000,39.22700000,39.23700000,39.17600000,39.19200000,699.42900000,1623809819999,27431.01042100,38,311.09500000,12202.88130400,0
1623809820000,39.20300000,39.20300000,39.13000000,39.13000000,230.72600000,1623809879999,9038.74979200,24,139.13800000,5451.43957000,0
1623809880000,39.14100000,39.16100000,39.09900000,39.10700000,717.32700000,1623809939999,28074.57323700,67,33.89000000,1326.39440800,0
1623809940000,39.11400000,39.15100000,39.08500000,39.08500000,637.55800000,1623809999999,24940.72708600,41,235.07600000,9197.18120900,0
1623810000000,39.10600000,39.15000000,39.10400000,39.12500000,843.13300000,1623810059999,32990.23677400,49,716.47200000,28033.78264300,0
1623810060000,39.14500000,39.19700000,39.14500000,39.19500000,635.82800000,1623810119999,24902.57603900,44,337.58900000,13217.91586500,0
1623810120000,39.19900000,39.19900000,39.11200000,39.12900000,791.27800000,1623810179999,30970.19759600,55,417.61600000,16343.49685300,0
1623810180000,39.16300000,39.25000000,39.15000000,39.20700000,658.50300000,1623810239999,25822.21070700,47,338.22800000,13267.49233700,0
1623810240000,39.19200000,39.19200000,39.11100000,39.12800000,1073.55600000,1623810299999,42030.48635600,56,372.36900000,14580.91960400,0
1623810300000,39.13600000,39.28700000,39.13600000,39.27300000,939.33800000,1623810359999,36871.85957700,88,357.78800000,14036.44449200,0
1623810360000,39.28100000,39.37700000,39.28000000,39.35800000,989.66000000,1623810419999,38906.79407100,138,459.84800000,18088.46562700,0
1623810420000,39.36800000,39.36800000,39.24000000,39.32600000,1265.25800000,1623810479999,49700.81741200,100,469.38800000,18435.52777400,0
1623810480000,39.33200000,39.33200000,39.22600000,39.23800000,278.24500000,1623810539999,10922.90668100,36,24.09500000,946.38101300,0
1623810540000,39.22500000,39.25900000,39.20000000,39.25000000,478.72300000,1623810599999,18775.31442200,49,165.83100000,6504.69736900,0
1623810600000,39.25600000,39.32100000,39.25500000,39.30200000,957.00800000,1623810659999,37598.13609500,50,759.04700000,29822.58360300,0
1623810660000,39.32200000,39.35000000,39.22500000,39.23700000,1218.06700000,1623810719999,47871.50375500,84,586.79800000,23076.93196100,0
1623810720000,39.24200000,39.26200000,39.19800000,39.20700000,440.53200000,1623810779999,17281.25126100,58,255.92700000,10040.63926400,0
1623810780000,39.20700000,39.25000000,39.14500000,39.14500000,578.11700000,1623810839999,22668.08172900,65,176.39100000,6914.19564800,0
1623810840000,39.14300000,39.20800000,39.13600000,39.17200000,1572.61800000,1623810899999,61617.11615700,80,1167.78500000,45763.36801800,0
1623810900000,39.17900000,39.25900000,39.17900000,39.19200000,946.20600000,1623810959999,37118.20309200,79,446.15000000,17499.78023600,0
1623810960000,39.20100000,39.32100000,39.20100000,39.25100000,818.47800000,1623811019999,32134.11136700,76,606.82900000,23823.88837100,0
1623811020000,39.24900000,39.28300000,39.23200000,39.23200000,641.62600000,1623811079999,25184.40242300,40,212.85700000,8355.86298300,0
1623811080000,39.22200000,39.22400000,39.18200000,39.22100000,533.78600000,1623811139999,20927.58300000,46,425.42900000,16679.94002900,0
1623811140000,39.23600000,39.26900000,39.21100000,39.24400000,1567.63800000,1623811199999,61510.95686900,75,471.83400000,18517.49662800,0
1623811200000,39.25400000,39.29000000,39.24900000,39.28600000,640.37000000,1623811259999,25147.91103600,65,220.60600000,8664.69770400,0
1623811260000,39.27200000,39.29200000,39.25000000,39.29200000,117.56500000,1623811319999,4616.79061100,19,52.55100000,2064.08698600,0
1623811320000,39.27400000,39.28300000,39.25500000,39.27100000,662.21500000,1623811379999,26006.60630700,52,35.96100000,1412.20154000,0
1623811380000,39.25500000,39.25500000,39.11800000,39.12800000,1241.43900000,1623811439999,48645.26308100,109,387.33300000,15166.94651100,0
1623811440000,39.12900000,39.13800000,38.99300000,39.06400000,4090.00400000,1623811499999,159638.73527300,281,908.08000000,35454.93806400,0
1623811500000,39.08100000,39.08900000,38.97800000,39.06400000,1000.72400000,1623811559999,39044.51923200,81,380.92400000,14867.07224600,0
1623811560000,39.06700000,39.08800000,39.00300000,39.05500000,730.80200000,1623811619999,28542.75943800,68,414.30000000,16180.56582800,0
1623811620000,39.04700000,39.08700000,39.03000000,39.03000000,1252.51100000,1623811679999,48935.80680500,63,978.68400000,38238.88790700,0
1623811680000,39.00500000,39.13900000,39.00500000,39.12000000,1032.81500000,1623811739999,40368.21236400,70,708.39100000,27685.24019500,0
1623811740000,39.12300000,39.16400000,39.11900000,39.11900000,413.66000000,1623811799999,16190.07278900,41,167.34100000,6548.50504500,0
1623811800000,39.11200000,39.16600000,39.08900000,39.14900000,936.33500000,1623811859999,36641.05164200,58,224.03600000,8766.63383900,0
1623811860000,39.13500000,39.27000000,39.13500000,39.21300000,1951.87600000,1623811919999,76538.38224100,147,1349.03600000,52892.91226400,0
1623811920000,39.21000000,39.30000000,39.19500000,39.28400000,454.96800000,1623811979999,17864.12608500,73,277.93000000,10911.99621700,0
1623811980000,39.30000000,39.32600000,39.17500000,39.26800000,847.04100000,1623812039999,33245.00564900,95,482.41400000,18939.22689900,0
1623812040000,39.26500000,39.32000000,39.23900000,39.30900000,678.13200000,1623812099999,26645.03804000,52,599.89600000,23571.42369400,0
1623812100000,39.31000000,39.33900000,39.27300000,39.30200000,811.82000000,1623812159999,31904.51627200,65,332.25500000,13060.63210100,0
1623812160000,39.29300000,39.30000000,39.24200000,39.29900000,174.57300000,1623812219999,6855.00172500,22,55.08900000,2164.91151800,0
1623812220000,39.28000000,39.28000000,39.21800000,39.24900000,949.44800000,1623812279999,37254.60364400,53,262.77900000,10311.44053100,0
1623812280000,39.24700000,39.27900000,39.24000000,39.25900000,177.90900000,1623812339999,6983.89926100,20,81.40800000,3195.37730000,0
1623812340000,39.25300000,39.30500000,39.20600000,39.21400000,3294.34000000,1623812399999,129408.70686300,115,1166.65700000,45827.46140600,0
1623812400000,39.21900000,39.21900000,39.05600000,39.10200000,636.77700000,1623812459999,24906.98939700,122,275.00100000,10753.40323000,0
1623812460000,39.09500000,39.23900000,39.08600000,39.12000000,865.45200000,1623812519999,33884.82040900,80,508.83400000,19913.63106500,0
1623812520000,39.13200000,39.16100000,39.08800000,39.14400000,366.35000000,1623812579999,14333.42785800,57,176.07400000,6888.48008200,0
1623812580000,39.14900000,39.20100000,39.10700000,39.12800000,487.81400000,1623812639999,19099.23246900,57,184.14300000,7211.54011500,0
1623812640000,39.12800000,39.13300000,39.07000000,39.08200000,528.11200000,1623812699999,20645.14515500,48,239.88000000,9378.19454400,0
1623812700000,39.07600000,39.08600000,39.00000000,39.06500000,1050.77100000,1623812759999,41026.27614200,139,586.49300000,22902.39756100,0
1623812760000,39.09700000,39.14300000,39.06200000,39.09900000,206.23800000,1623812819999,8063.88536600,43,97.75000000,3823.53507100,0
1623812820000,39.09900000,39.10900000,39.01000000,39.07000000,1905.17100000,1623812879999,74392.42865500,94,1204.37600000,47035.05620100,0
1623812880000,39.06900000,39.12400000,39.04000000,39.06700000,678.84600000,1623812939999,26533.79317200,61,429.14600000,16773.24355000,0
1623812940000,39.05500000,39.08600000,39.01000000,39.04400000,808.64900000,1623812999999,31580.44844800,68,399.01300000,15584.34657300,0
1623813000000,39.03900000,39.08900000,39.01600000,39.07000000,686.71500000,1623813059999,26814.75619900,63,374.63300000,14632.76060900,0
1623813060000,39.09100000,39.09200000,39.04000000,39.05600000,576.66000000,1623813119999,22533.44642800,59,163.71200000,6396.49618500,0
1623813120000,39.06200000,39.06300000,38.90300000,39.04800000,4178.00600000,1623813179999,162833.42175300,269,745.11000000,29068.43863600,0
1623813180000,39.06300000,39.12200000,39.03300000,39.04500000,1216.41100000,1623813239999,47529.12965100,84,841.50500000,32886.47308700,0
1623813240000,39.05000000,39.10700000,39.05000000,39.07900000,280.22800000,1623813299999,10950.15434000,31,197.25400000,7707.94053600,0
1623813300000,39.06600000,39.07000000,38.97400000,39.05500000,770.55500000,1623813359999,30061.04008200,59,391.22000000,15269.08064400,0
1623813360000,39.04500000,39.09100000,39.04000000,39.04100000,569.74300000,1623813419999,22254.66513500,50,331.71100000,12957.73369600,0
1623813420000,39.05600000,39.07500000,38.99400000,39.05500000,1150.18400000,1623813479999,44886.96244100,85,463.37900000,18087.68251300,0
1623813480000,39.02100000,39.05400000,38.90400000,39.00800000,5830.72600000,1623813539999,227247.81173500,328,1989.88900000,77562.49548300,0
1623813540000,38.97900000,38.98200000,38.91900000,38.93500000,656.17800000,1623813599999,25558.80828000,54,152.53100000,5942.28915100,0
1623813600000,38.93900000,39.01800000,38.93900000,39.00800000,856.99900000,1623813659999,33412.56062700,76,790.29800000,30811.92761500,0
1623813660000,39.00700000,39.02500000,38.93800000,38.95300000,1256.65700000,1623813719999,49012.57272500,84,1040.24300000,40573.64755200,0
1623813720000,38.93900000,39.13500000,38.92700000,39.08500000,3845.15600000,1623813779999,150221.16303000,252,2607.63000000,101878.77877900,0
1623813780000,39.09800000,39.16800000,39.07500000,39.11400000,961.98000000,1623813839999,37641.42010900,85,727.28000000,28458.78583500,0
1623813840000,39.11400000,39.15000000,39.09400000,39.11400000,874.22300000,1623813899999,34200.96627800,48,519.58800000,20328.00193100,0
1623813900000,39.12000000,39.20900000,39.11200000,39.20800000,962.76700000,1623813959999,37705.72916600,105,664.59100000,26034.62729800,0
1623813960000,39.18600000,39.21700000,39.09300000,39.15800000,1810.27100000,1623814019999,70881.70392900,106,747.36600000,29284.37669000,0
1623814020000,39.16300000,39.22800000,39.08400000,39.08400000,878.95400000,1623814079999,34431.50344000,70,484.53700000,18983.88400200,0
1623814080000,39.09300000,39.14000000,39.02600000,39.02700000,423.14400000,1623814139999,16540.05590800,58,218.86800000,8556.83096200,0
1623814140000,39.02300000,39.12800000,38.97300000,39.01000000,1470.47000000,1623814199999,57441.89932400,120,961.97500000,37605.48499300,0
1623814200000,38.97800000,38.99100000,38.91500000,38.97600000,1201.41500000,1623814259999,46799.12854000,158,736.35300000,28682.11755000,0
1623814260000,38.97700000,39.05000000,38.95500000,39.01700000,1571.02700000,1623814319999,61279.40961200,88,793.20900000,30941.76005300,0
1623814320000,39.01100000,39.12300000,39.01100000,39.11100000,948.37500000,1623814379999,37045.90897300,80,447.11900000,17462.21091900,0
1623814380000,39.11100000,39.13900000,39.07000000,39.13500000,524.16500000,1623814439999,20497.62831300,45,220.11800000,8608.51632000,0
1623814440000,39.13100000,39.16800000,39.09200000,39.13400000,715.44400000,1623814499999,27999.70496000,118,335.30200000,13125.62596400,0
1623814500000,39.14500000,39.25000000,39.06700000,39.11400000,5266.67600000,1623814559999,206230.18737200,395,1219.39300000,47734.08952600,0
1623814560000,39.11500000,39.12600000,39.04700000,39.09600000,1089.85000000,1623814619999,42603.11225600,128,381.71500000,14922.69778400,0
1623814620000,39.07400000,39.09800000,39.04200000,39.07600000,1724.39800000,1623814679999,67356.72220700,161,236.07800000,9224.45796900,0
1623814680000,39.08300000,39.08300000,39.01500000,39.06600000,728.03300000,1623814739999,28432.58803600,106,342.43000000,13373.62841200,0
1623814740000,39.07700000,39.10000000,39.04200000,39.05800000,606.51500000,1623814799999,23691.29138200,44,111.26800000,4347.62255200,0
1623814800000,39.05300000,39.13600000,39.05300000,39.07000000,1067.36600000,1623814859999,41728.25734800,83,634.75200000,24813.69290100,0
1623814860000,39.05400000,39.10900000,39.03200000,39.07400000,859.56400000,1623814919999,33574.50168900,66,442.06900000,17267.52182600,0
1623814920000,39.08100000,39.16000000,39.08100000,39.15300000,596.62200000,1623814979999,23344.54540400,71,419.10900000,16401.17664700,0
1623814980000,39.12600000,39.19200000,39.11300000,39.14500000,1428.77300000,1623815039999,55938.09544600,124,352.03800000,13788.89321700,0
1623815040000,39.14400000,39.14400000,39.07500000,39.10200000,2739.71300000,1623815099999,107148.79537500,215,518.08200000,20264.27449100,0
1623815100000,39.11300000,39.13600000,39.04700000,39.04700000,1089.77400000,1623815159999,42606.46480100,74,518.06400000,20258.33544500,0
1623815160000,39.04900000,39.11600000,39.04900000,39.09800000,787.47200000,1623815219999,30777.93569000,63,524.70400000,20511.20845000,0
1623815220000,39.10100000,39.12500000,39.04800000,39.08200000,1267.06400000,1623815279999,49529.31463200,81,988.41100000,38639.85138500,0
1623815280000,39.06500000,39.13000000,39.05400000,39.12300000,1451.45000000,1623815339999,56743.54199600,120,578.50700000,22619.38804900,0
1623815340000,39.11200000,39.12700000,39.07800000,39.07800000,522.83600000,1623815399999,20445.55488500,50,372.45400000,14565.67956200,0
1623815400000,39.07800000,39.09200000,39.02600000,39.04500000,327.85400000,1623815459999,12803.55115800,48,232.80600000,9091.40446500,0
1623815460000,39.03000000,39.09300000,39.02400000,39.09300000,555.63900000,1623815519999,21707.92847900,56,319.18900000,12470.54330600,0
1623815520000,39.09300000,39.09600000,39.01000000,39.07500000,535.91100000,1623815579999,20936.42132200,48,379.13300000,14813.25926500,0
1623815580000,39.07400000,39.13400000,39.06800000,39.09800000,1357.09900000,1623815639999,53057.28591900,75,773.47600000,30235.87332000,0
1623815640000,39.09100000,39.12300000,39.05500000,39.06600000,1505.64100000,1623815699999,58860.47255700,54,647.72900000,25328.81222600,0
1623815700000,39.07600000,39.10200000,39.03000000,39.07900000,525.80500000,1623815759999,20539.68489600,46,373.71900000,14599.46623800,0
1623815760000,39.08700000,39.11000000,39.05800000,39.08900000,2031.22000000,1623815819999,79383.42863500,70,1947.58800000,76116.05744000,0
1623815820000,39.08900000,39.08900000,39.02600000,39.06600000,374.08000000,1623815879999,14611.36114600,51,146.21600000,5711.50375000,0
1623815880000,39.07300000,39.10800000,39.03500000,39.07900000,1095.64400000,1623815939999,42809.20874200,131,861.72000000,33674.02841000,0
1623815940000,39.06900000,39.11400000,39.01100000,39.04100000,1986.94800000,1623815999999,77631.84362500,112,721.41400000,28192.81584300,0
1623816000000,39.05100000,39.09900000,38.99500000,39.03600000,1665.20700000,1623816059999,64995.09989800,159,887.35700000,34645.96173400,0
1623816060000,39.04400000,39.07100000,38.97600000,39.01800000,860.10900000,1623816119999,33551.91674100,94,551.48500000,21513.43760500,0
1623816120000,39.00000000,39.04400000,38.98400000,39.03200000,910.68700000,1623816179999,35523.83418700,60,235.99100000,9207.09196800,0
1623816180000,39.01000000,39.01700000,38.92100000,38.96100000,1209.77900000,1623816239999,47134.32295100,131,739.95500000,28830.25299000,0
1623816240000,38.96700000,39.01200000,38.94600000,38.95100000,600.38300000,1623816299999,23399.31470300,66,432.11700000,16842.94726900,0
1623816300000,38.95200000,38.99300000,38.92800000,38.95500000,1578.94800000,1623816359999,61501.48164800,87,258.07900000,10056.46742500,0
1623816360000,38.93300000,38.97700000,38.90000000,38.91800000,1636.00000000,1623816419999,63684.00994700,99,303.91000000,11838.99437000,0
1623816420000,38.93600000,39.01800000,38.91100000,38.97300000,924.04000000,1623816479999,36025.08676400,78,438.44300000,17090.33455000,0
1623816480000,38.97500000,39.01500000,38.95100000,39.00400000,1635.00100000,1623816539999,63727.78546000,77,1259.70000000,49104.61418000,0
1623816540000,39.00000000,39.03600000,38.96500000,38.98600000,605.15400000,1623816599999,23604.31494200,59,141.85900000,5533.63329100,0
1623816600000,39.00100000,39.04300000,38.98900000,39.00500000,467.44800000,1623816659999,18237.53048200,64,265.09100000,10342.71098400,0
1623816660000,39.00700000,39.04700000,38.98200000,39.04100000,523.11400000,1623816719999,20406.02444000,59,370.70000000,14459.95996700,0
1623816720000,39.02400000,39.02400000,38.95900000,38.98900000,276.98200000,1623816779999,10800.98201700,30,152.34500000,5940.01321400,0
1623816780000,38.98100000,39.04400000,38.96700000,39.01200000,479.10300000,1623816839999,18680.00889200,48,236.12900000,9208.06112300,0
1623816840000,39.01600000,39.03900000,39.00000000,39.01000000,382.81800000,1623816899999,14935.44579200,29,239.20800000,9332.84608700,0
1623816900000,39.01600000,39.05000000,38.98800000,39.02000000,581.79000000,1623816959999,22698.60128900,55,131.30900000,5123.83701200,0
1623816960000,39.02100000,39.09000000,39.02100000,39.05400000,305.39000000,1623817019999,11928.06755300,44,195.07300000,7619.60442100,0
1623817020000,39.06900000,39.12600000,39.06400000,39.10700000,567.64800000,1623817079999,22193.73581000,79,418.54500000,16365.60733800,0
1623817080000,39.10700000,39.10700000,39.04500000,39.09200000,1013.01500000,1623817139999,39575.72557700,59,345.84400000,13517.65902100,0
1623817140000,39.11000000,39.14600000,39.08300000,39.13000000,1878.07700000,1623817199999,73463.87008800,116,929.18500000,36357.57829800,0
1623817200000,39.12300000,39.13300000,39.08600000,39.10800000,532.56500000,1623817259999,20830.88447900,54,191.15800000,7478.05552800,0
1623817260000,39.11700000,39.12700000,39.11000000,39.12600000,270.13900000,1623817319999,10567.56813200,29,221.97400000,8683.40663300,0
1623817320000,39.12600000,39.12700000,39.07600000,39.11300000,888.44400000,1623817379999,34736.49612700,74,603.13900000,23579.12688700,0
1623817380000,39.08900000,39.12500000,38.97000000,38.99700000,825.52000000,1623817439999,32238.92664200,71,275.43700000,10755.86635900,0
1623817440000,38.99700000,39.00500000,38.93200000,38.94900000,1039.02400000,1623817499999,40489.89569800,72,715.57500000,27882.63103100,0
1623817500000,38.94100000,38.99400000,38.91800000,38.94700000,1013.67000000,1623817559999,39488.15850200,93,644.98000000,25132.69563800,0
1623817560000,38.95500000,38.98200000,38.89000000,38.96700000,1346.87700000,1623817619999,52420.76591200,113,607.51300000,23657.00767300,0
1623817620000,38.95900000,39.00900000,38.93600000,38.95700000,656.24400000,1623817679999,25579.93419900,61,373.98400000,14578.55654000,0
1623817680000,38.95000000,39.03400000,38.95000000,39.03400000,1269.78700000,1623817739999,49505.75268100,91,878.45300000,34249.72427500,0
1623817740000,39.04000000,39.08300000,38.94400000,38.96900000,1300.75800000,1623817799999,50763.82995600,86,918.75100000,35874.16048900,0
1623817800000,38.93900000,39.03300000,38.90000000,39.02400000,989.86200000,1623817859999,38584.29697900,71,795.30400000,31005.16125800,0
1623817860000,39.04200000,39.19300000,39.04200000,39.19300000,1560.00800000,1623817919999,61036.96797200,165,1247.84800000,48836.83149700,0
1623817920000,39.19300000,39.29300000,39.18300000,39.19500000,2452.72400000,1623817979999,96221.54109800,287,944.66200000,37073.19629100,0
1623817980000,39.19300000,39.35000000,39.19300000,39.20300000,3803.80900000,1623818039999,149509.87850800,228,1908.67900000,75021.97387100,0
1623818040000,39.21700000,39.32600000,39.14200000,39.28800000,1657.73700000,1623818099999,65022.32759800,162,902.21400000,35383.31282700,0
1623818100000,39.27100000,39.32800000,39.19400000,39.28100000,2337.85400000,1623818159999,91859.95620500,135,1763.76600000,69328.58325100,0
1623818160000,39.28100000,39.45800000,39.28100000,39.41500000,3251.33100000,1623818219999,128055.42799100,395,1794.61500000,70676.25583800,0
1623818220000,39.41400000,39.42000000,39.31200000,39.32700000,1318.40000000,1623818279999,51893.41419800,155,746.43800000,29384.76200400,0
1623818280000,39.33200000,39.36400000,39.25900000,39.35600000,3203.79800000,1623818339999,125939.94383700,203,1527.97100000,60080.00433000,0
1623818340000,39.35400000,39.36700000,39.24600000,39.32300000,1254.19600000,1623818399999,49287.26471100,118,800.91700000,31475.30381100,0
1623818400000,39.33500000,39.36400000,39.20000000,39.27800000,1143.67500000,1623818459999,44936.49205200,142,528.53300000,20761.91962100,0
1623818460000,39.28300000,39.40000000,39.27500000,39.31200000,1837.62000000,1623818519999,72297.44408000,148,737.17700000,28998.25261300,0
1623818520000,39.34300000,39.38000000,39.29100000,39.36400000,615.57800000,1623818579999,24213.76301400,74,410.07100000,16132.29150200,0
1623818580000,39.35900000,39.37900000,39.22100000,39.31400000,903.86600000,1623818639999,35510.84770500,98,347.31400000,13651.33865700,0
1623818640000,39.32900000,39.42000000,39.23400000,39.27600000,2214.10400000,1623818699999,87071.62764100,180,1178.64400000,46350.00772200,0
1623818700000,39.26500000,39.41600000,39.26500000,39.34400000,1841.07500000,1623818759999,72485.94426100,108,1294.27700000,50962.94512500,0
1623818760000,39.35700000,39.39600000,39.29200000,39.38800000,1202.06500000,1623818819999,47290.88498700,97,793.97700000,31237.28372200,0
1623818820000,39.36400000,39.41400000,39.31800000,39.40900000,443.29700000,1623818879999,17453.28666800,51,321.51500000,12660.69275800,0
1623818880000,39.40800000,39.47200000,39.37000000,39.37600000,1009.75400000,1623818939999,39801.99437500,173,439.97200000,17349.73512000,0
1623818940000,39.38600000,39.41200000,39.33800000,39.37900000,805.84000000,1623818999999,31724.62099100,71,495.85300000,19524.62057800,0
1623819000000,39.39000000,39.54300000,39.36600000,39.53700000,7037.89100000,1623819059999,277790.85827800,446,4684.49200000,184840.61809700,0
1623819060000,39.52000000,39.56300000,39.44500000,39.45600000,1412.01000000,1623819119999,55782.36929500,172,515.97100000,20385.49250600,0
1623819120000,39.46300000,39.51400000,39.45000000,39.50400000,650.04600000,1623819179999,25666.79816000,58,317.89300000,12553.75744500,0
1623819180000,39.51000000,39.55600000,39.48500000,39.52200000,637.65300000,1623819239999,25202.09239200,64,348.61600000,13779.66541700,0
1623819240000,39.50000000,39.51600000,39.44600000,39.50000000,871.43300000,1623819299999,34412.79089200,57,638.96300000,25236.51910200,0
1623819300000,39.49000000,39.52300000,39.46000000,39.48500000,1735.51900000,1623819359999,68528.15645500,143,395.05400000,15601.72841300,0
1623819360000,39.48000000,39.49500000,39.42300000,39.45200000,1778.99900000,1623819419999,70166.43103800,167,175.00700000,6904.02917200,0
1623819420000,39.44100000,39.50000000,39.39000000,39.49900000,1543.46300000,1623819479999,60855.08875400,98,796.49600000,31415.90992100,0
1623819480000,39.49200000,39.49800000,39.43100000,39.47500000,751.80700000,1623819539999,29674.48056000,66,304.55100000,12020.11912800,0
1623819540000,39.44400000,39.46800000,39.40800000,39.44500000,1578.90100000,1623819599999,62276.92556500,76,904.67800000,35689.28461600,0
1623819600000,39.44100000,39.52000000,39.43000000,39.51700000,1392.48300000,1623819659999,54984.04750600,109,893.36900000,35278.77777700,0
1623819660000,39.51000000,39.53500000,39.44500000,39.46700000,1399.15000000,1623819719999,55256.26532700,124,802.42300000,31699.27973700,0
1623819720000,39.50000000,39.54300000,39.46500000,39.48200000,588.09900000,1623819779999,23238.87475800,75,232.08400000,9171.68280600,0
1623819780000,39.46700000,39.51900000,39.42400000,39.48900000,2814.06800000,1623819839999,111111.71993300,122,2354.30500000,92966.93432500,0
1623819840000,39.50500000,39.50600000,39.41100000,39.45500000,1518.56800000,1623819899999,59906.90790500,94,328.66400000,12962.87768800,0
1623819900000,39.44400000,39.46200000,39.43000000,39.46100000,702.85000000,1623819959999,27723.30841500,47,384.31800000,15158.49188900,0
1623819960000,39.45900000,39.47100000,39.42900000,39.46400000,1301.22300000,1623820019999,51337.35737800,86,1036.70700000,40903.84647700,0
1623820020000,39.46600000,39.46600000,39.40600000,39.41800000,406.42600000,1623820079999,16027.78896400,34,33.17600000,1307.87707200,0
1623820080000,39.41800000,39.44400000,39.38400000,39.43300000,2886.38200000,1623820139999,113728.51468100,132,1133.77400000,44682.73274600,0
1623820140000,39.43200000,39.44100000,39.39900000,39.44100000,1389.26600000,1623820199999,54762.79574500,70,676.79100000,26676.72608200,0
1623820200000,39.43400000,39.46700000,39.39500000,39.41800000,1398.12200000,1623820259999,55122.54426700,82,723.45600000,28520.41939500,0
1623820260000,39.42100000,39.44300000,39.38800000,39.39900000,523.75900000,1623820319999,20642.34709400,38,212.74600000,8383.50279600,0
1623820320000,39.41000000,39.42500000,39.38400000,39.39900000,919.50000000,1623820379999,36228.45227000,69,490.61000000,19331.57179700,0
1623820380000,39.40200000,39.42100000,39.38400000,39.39000000,5917.49100000,1623820439999,233063.37093400,110,558.14200000,21989.29262700,0
1623820440000,39.39300000,39.43200000,39.30100000,39.32300000,5146.85900000,1623820499999,202622.50106200,188,1519.20300000,59780.89180300,0
1623820500000,39.34700000,39.38300000,39.31400000,39.35200000,370.58200000,1623820559999,14577.24205500,32,52.96200000,2084.24382000,0
1623820560000,39.34400000,39.37700000,39.27100000,39.28200000,920.35700000,1623820619999,36168.40217300,81,498.93000000,19608.11535200,0
1623820620000,39.27000000,39.39500000,39.27000000,39.39300000,1067.70200000,1623820679999,42004.14084800,61,882.39000000,34716.06352600,0
1623820680000,39.38100000,39.46200000,39.35800000,39.44600000,3101.45600000,1623820739999,122238.17584000,133,808.31600000,31857.19956800,0
1623820740000,39.44500000,39.49000000,39.42500000,39.42500000,2340.58800000,1623820799999,92329.80754600,101,944.55600000,37274.26401400,0
1623820800000,39.42500000,39.45200000,39.42200000,39.44300000,1172.45100000,1623820859999,46233.72693500,66,371.27500000,14640.94110000,0
1623820860000,39.44400000,39.50700000,39.44400000,39.48900000,1966.49500000,1623820919999,77609.48292400,137,638.29700000,25193.07225000,0
1623820920000,39.48400000,39.52700000,39.48100000,39.52700000,598.51800000,1623820979999,23650.23274000,72,425.07700000,16796.20052500,0
1623820980000,39.52700000,39.54200000,39.47800000,39.49900000,990.95500000,1623821039999,39141.68782600,80,249.70500000,9866.17158000,0
1623821040000,39.50100000,39.50100000,39.44300000,39.48000000,605.02100000,1623821099999,23881.31260800,61,325.97300000,12864.16885100,0
1623821100000,39.48200000,39.49200000,39.43300000,39.46600000,624.90100000,1623821159999,24661.34968800,55,350.45300000,13832.29500300,0
1623821160000,39.48700000,39.51400000,39.43000000,39.45400000,936.26300000,1623821219999,36943.88146100,49,256.70700000,10129.61433600,0
1623821220000,39.44600000,39.53000000,39.43900000,39.50000000,1460.97200000,1623821279999,57688.86487600,60,797.29700000,31492.35997300,0
1623821280000,39.47800000,39.54500000,39.45500000,39.54500000,454.41700000,1623821339999,17951.90346600,50,308.81600000,12200.45064100,0
1623821340000,39.54800000,39.55000000,39.50000000,39.50000000,790.90200000,1623821399999,31258.87542400,66,266.53400000,10537.02026000,0
1623821400000,39.50600000,39.53000000,39.46100000,39.49900000,729.74400000,1623821459999,28823.77673800,53,445.54700000,17600.31435000,0
1623821460000,39.51700000,39.67700000,39.51700000,39.66900000,2359.46200000,1623821519999,93466.13034300,354,1553.23800000,61521.89853900,0
1623821520000,39.66800000,39.68300000,39.58600000,39.58600000,1383.53700000,1623821579999,54827.12689800,138,286.65300000,11358.97722000,0
1623821580000,39.59100000,39.63900000,39.48100000,39.63900000,1899.98100000,1623821639999,75164.18482300,155,1087.19500000,43018.79710500,0
1623821640000,39.63400000,39.72300000,39.59300000,39.61300000,2818.26400000,1623821699999,111768.21558900,295,1639.44400000,65022.98827300,0
1623821700000,39.61200000,39.64500000,39.53700000,39.56200000,1210.86800000,1623821759999,47938.82396500,83,394.76100000,15639.87724200,0
1623821760000,39.56300000,39.63500000,39.56300000,39.62600000,644.45800000,1623821819999,25519.72087600,62,515.75300000,20422.33250300,0
1623821820000,39.62500000,39.62500000,39.55100000,39.62300000,601.02900000,1623821879999,23786.58302200,39,450.94600000,17845.13545300,0
1623821880000,39.60400000,39.74700000,39.59600000,39.72900000,4150.84300000,1623821939999,164761.86319300,267,2628.71500000,104325.51949900,0
1623821940000,39.72000000,39.72100000,39.61900000,39.70900000,806.01200000,1623821999999,31971.42989500,71,181.95100000,7213.01540100,0
1623822000000,39.71500000,39.79900000,39.69800000,39.76200000,2083.77700000,1623822059999,82862.65549500,216,1719.83800000,68391.15965200,0
1623822060000,39.77100000,39.77100000,39.70800000,39.73900000,1753.66400000,1623822119999,69695.57499600,92,1377.54500000,54749.34652800,0
1623822120000,39.74600000,39.79100000,39.67100000,39.75600000,2975.10100000,1623822179999,118172.58745300,121,1731.72600000,68809.75583700,0
1623822180000,39.76500000,39.89000000,39.75000000,39.78300000,3695.75000000,1623822239999,147129.79960900,407,1100.14700000,43812.44378700,0
1623822240000,39.80900000,39.82300000,39.78400000,39.80000000,658.91500000,1623822299999,26227.49144100,51,115.15400000,4583.36295300,0
1623822300000,39.81100000,39.88400000,39.79300000,39.80200000,899.82600000,1623822359999,35839.23535900,79,444.34700000,17705.81390100,0
1623822360000,39.80200000,39.86100000,39.77800000,39.80100000,2804.31300000,1623822419999,111622.54136200,106,558.97100000,22260.64412500,0
1623822420000,39.80000000,39.81800000,39.75700000,39.76100000,627.04600000,1623822479999,24950.57920800,57,275.84800000,10975.54791600,0
1623822480000,39.77000000,39.80400000,39.73300000,39.75000000,607.73300000,1623822539999,24179.17563600,49,422.57900000,16813.93590600,0
1623822540000,39.75800000,39.80500000,39.73300000,39.75500000,1034.00100000,1623822599999,41117.80094900,79,462.32500000,18390.10442300,0
1623822600000,39.74800000,39.78800000,39.69800000,39.70700000,793.55300000,1623822659999,31529.26606700,70,416.32700000,16544.95648300,0
1623822660000,39.71700000,39.74700000,39.65000000,39.74600000,766.44000000,1623822719999,30410.83428900,100,215.32100000,8546.72591200,0
1623822720000,39.75600000,39.76400000,39.70900000,39.75000000,684.44600000,1623822779999,27199.48044900,38,176.20000000,7001.20957000,0
1623822780000,39.74500000,39.80700000,39.73100000,39.74200000,828.33600000,1623822839999,32938.95586200,56,506.80800000,20153.67568500,0
1623822840000,39.74800000,39.75300000,39.74100000,39.74500000,425.10100000,1623822899999,16897.00041600,40,386.69500000,15370.50631500,0
1623822900000,39.74500000,39.77900000,39.74500000,39.76500000,77.63900000,1623822959999,3087.00063900,21,59.45100000,2363.68500400,0
1623822960000,39.77200000,39.77200000,39.71900000,39.72900000,441.00400000,1623823019999,17522.93014800,50,186.65100000,7418.59151800,0
1623823020000,39.73000000,39.73300000,39.68100000,39.70900000,588.54000000,1623823079999,23368.20515400,41,180.96000000,7186.88370800,0
1623823080000,39.73000000,39.76600000,39.70000000,39.71100000,994.86600000,1623823139999,39520.83676900,57,181.92500000,7228.80625200,0
1623823140000,39.71100000,39.76000000,39.71100000,39.73300000,392.32500000,1623823199999,15590.08021800,44,310.96300000,12357.02757300,0
1623823200000,39.73400000,39.77500000,39.73400000,39.75500000,437.01500000,1623823259999,17375.15420400,49,353.62400000,14059.66890800,0
1623823260000,39.74500000,39.81200000,39.74500000,39.77800000,554.55000000,1623823319999,22060.86668300,60,415.41700000,16526.60346800,0
1623823320000,39.77500000,39.81600000,39.77500000,39.80700000,176.43700000,1623823379999,7022.18211200,42,87.23500000,3472.16119900,0
1623823380000,39.80900000,39.86800000,39.78800000,39.84600000,1528.74400000,1623823439999,60885.23738200,108,518.34300000,20652.89684200,0
1623823440000,39.83800000,39.84600000,39.78800000,39.78800000,504.30700000,1623823499999,20074.87491100,60,257.13700000,10235.99456100,0
1623823500000,39.79000000,39.80600000,39.75900000,39.77700000,651.84100000,1623823559999,25931.85444200,39,155.60300000,6192.22427800,0
1623823560000,39.76700000,39.80600000,39.73900000,39.80500000,887.65800000,1623823619999,35310.63531600,73,778.89900000,30985.46355300,0
1623823620000,39.80600000,39.82100000,39.76400000,39.78000000,765.31300000,1623823679999,30455.60983800,66,598.03500000,23800.07794000,0
1623823680000,39.79300000,39.81300000,39.78700000,39.78900000,452.31300000,1623823739999,18003.07126200,33,119.12500000,4742.27288100,0
1623823740000,39.78600000,39.80600000,39.76400000,39.76500000,478.77700000,1623823799999,19049.16710800,48,263.46500000,10482.72486100,0
1623823800000,39.76500000,39.82100000,39.75100000,39.77900000,604.69600000,1623823859999,24057.51722700,39,272.53000000,10843.31853800,0
1623823860000,39.78100000,39.79400000,39.75500000,39.77400000,1356.96800000,1623823919999,53970.50956700,56,492.45500000,19588.03569800,0
1623823920000,39.77600000,39.77600000,39.72000000,39.74200000,961.18700000,1623823979999,38204.11806900,45,648.77200000,25786.34498000,0
1623823980000,39.73900000,39.74200000,39.69100000,39.73000000,917.56300000,1623824039999,36431.51745700,61,719.45800000,28566.40311600,0
1623824040000,39.72900000,39.72900000,39.61300000,39.62600000,1126.09800000,1623824099999,44681.20423800,136,629.37200000,24963.95864700,0
1623824100000,39.64600000,39.69100000,39.59000000,39.67500000,1154.34900000,1623824159999,45758.68790000,106,683.87100000,27114.98560700,0
1623824160000,39.64500000,39.66200000,39.60200000,39.60400000,7446.17900000,1623824219999,295073.98865100,1972,3668.49000000,145373.36421800,0
1623824220000,39.60400000,39.64800000,39.57900000,39.58500000,9076.12500000,1623824279999,359502.37565700,2351,4435.82400000,175718.81974400,0
1623824280000,39.58400000,39.67300000,39.58400000,39.59200000,1735.12800000,1623824339999,68740.65708800,539,985.50200000,39043.98739600,0
1623824340000,39.59200000,39.66100000,39.57200000,39.57700000,1480.86100000,1623824399999,58646.39687600,288,737.83300000,29224.64576100,0
1623824400000,39.57700000,39.58900000,39.51700000,39.53900000,1616.21300000,1623824459999,63926.61516700,251,442.20700000,17488.10488800,0
1623824460000,39.53900000,39.61000000,39.53900000,39.57400000,1084.27000000,1623824519999,42894.70736100,83,776.57300000,30718.91063700,0
1623824520000,39.57200000,39.61700000,39.55100000,39.55500000,1090.15400000,1623824579999,43157.16361100,78,693.65600000,27466.71003400,0
1623824580000,39.55100000,39.62900000,39.54800000,39.62900000,1445.55000000,1623824639999,57203.97647800,85,756.72900000,29954.76628400,0
1623824640000,39.62800000,39.65000000,39.58100000,39.59500000,391.65800000,1623824699999,15515.46784500,36,99.14800000,3928.32161300,0
1623824700000,39.59700000,39.65400000,39.59500000,39.62700000,1273.74700000,1623824759999,50481.20166100,74,1005.82600000,39864.93328600,0
1623824760000,39.61600000,39.71900000,39.61300000,39.64600000,2252.91500000,1623824819999,89334.53475500,146,1628.75900000,64568.86892700,0
1623824820000,39.62600000,39.71000000,39.61900000,39.66900000,2085.70400000,1623824879999,82722.64247700,91,567.10900000,22498.47687800,0
1623824880000,39.66800000,39.69500000,39.59300000,39.61900000,3417.15400000,1623824939999,135476.58570700,144,1681.56600000,66686.09171900,0
1623824940000,39.61800000,39.68100000,39.61600000,39.63500000,1425.81800000,1623824999999,56537.01743900,54,1175.97900000,46627.11236600,0
1623825000000,39.63400000,39.69400000,39.58100000,39.58700000,2766.05800000,1623825059999,109619.38552300,143,1709.87200000,67776.80094400,0
1623825060000,39.58400000,39.64900000,39.57000000,39.64300000,2109.45700000,1623825119999,83518.85686800,75,860.66100000,34076.69256400,0
1623825120000,39.62300000,39.66000000,39.59500000,39.65500000,466.52500000,1623825179999,18487.44796300,60,252.86900000,10024.93054700,0
1623825180000,39.64800000,39.69400000,39.60600000,39.60600000,1541.35100000,1623825239999,61120.40120000,72,444.11100000,17613.66086300,0
1623825240000,39.60000000,39.61500000,39.56700000,39.60100000,1495.44100000,1623825299999,59202.35279000,102,414.54600000,16411.77258400,0
1623825300000,39.61800000,39.62900000,39.60000000,39.61600000,500.33400000,1623825359999,19821.18329500,35,222.05300000,8797.29900500,0
1623825360000,39.61500000,39.61500000,39.51800000,39.56300000,1041.16100000,1623825419999,41178.64732700,140,175.49700000,6946.72242400,0
1623825420000,39.55000000,39.58700000,39.49300000,39.52900000,1663.29900000,1623825479999,65755.53671300,157,829.06800000,32783.52591400,0
1623825480000,39.51600000,39.59900000,39.51600000,39.54000000,716.45900000,1623825539999,28344.25233500,54,540.27900000,21376.44307000,0
1623825540000,39.54500000,39.56400000,39.53000000,39.53700000,537.60100000,1623825599999,21261.22825100,63,385.75300000,15256.52148600,0
1623825600000,39.54600000,39.55500000,39.51100000,39.53200000,671.70900000,1623825659999,26557.14973000,46,253.91400000,10038.35428800,0
1623825660000,39.54000000,39.56700000,39.50700000,39.51900000,303.11900000,1623825719999,11982.46123500,37,210.58000000,8323.93291000,0
1623825720000,39.52100000,39.56400000,39.52100000,39.55900000,786.27200000,1623825779999,31094.63976300,47,264.83300000,10473.62876000,0
1623825780000,39.55800000,39.60300000,39.54000000,39.54000000,855.27200000,1623825839999,33851.05803000,64,459.19600000,18174.31821900,0
1623825840000,39.54000000,39.60000000,39.53200000,39.58600000,1153.24500000,1623825899999,45633.20611200,63,743.88000000,29440.60399700,0
1623825900000,39.59300000,39.63100000,39.55100000,39.57100000,3883.91000000,1623825959999,153779.08679600,152,1462.30900000,57894.43946400,0
1623825960000,39.56100000,39.64300000,39.54200000,39.62700000,2826.37200000,1623826019999,111919.64314400,96,2588.38400000,102497.12490800,0
1623826020000,39.63500000,39.65500000,39.59600000,39.62200000,880.30000000,1623826079999,34881.96989900,71,513.14300000,20335.86659900,0
1623826080000,39.61600000,39.72200000,39.61600000,39.70700000,2849.12200000,1623826139999,113064.73576900,182,1533.64700000,60862.83929400,0
1623826140000,39.68800000,39.71700000,39.63200000,39.64700000,3143.61900000,1623826199999,124717.59720400,195,1598.17400000,63404.10360700,0
1623826200000,39.65200000,39.66900000,39.62200000,39.64200000,480.88700000,1623826259999,19065.81581600,52,452.81500000,17953.04537000,0
1623826260000,39.64200000,39.68600000,39.64200000,39.68100000,474.76100000,1623826319999,18832.77053700,41,370.34700000,14691.05469300,0
1623826320000,39.69100000,39.74200000,39.66200000,39.69200000,1643.54200000,1623826379999,65278.81767100,78,1360.97800000,54063.39609200,0
1623826380000,39.69300000,39.70300000,39.67400000,39.68100000,651.68300000,1623826439999,25864.69607800,51,244.40500000,9701.76471500,0
1623826440000,39.68200000,39.75000000,39.68200000,39.68800000,2306.82900000,1623826499999,91615.48909100,97,1263.77100000,50189.87679900,0
1623826500000,39.69000000,39.71000000,39.67900000,39.70200000,1711.51200000,1623826559999,67941.96643300,62,518.98000000,20603.32538900,0
1623826560000,39.68600000,39.70100000,39.63300000,39.70100000,1923.58200000,1623826619999,76320.37053500,72,117.23100000,4651.22632800,0
1623826620000,39.71000000,39.73000000,39.69900000,39.70100000,306.54200000,1623826679999,12174.42931800,42,76.74400000,3047.61344800,0
1623826680000,39.70100000,39.71500000,39.65000000,39.66200000,523.66500000,1623826739999,20779.47757200,54,121.91800000,4837.92740400,0
1623826740000,39.67600000,39.70900000,39.66200000,39.70000000,150.46700000,1623826799999,5971.69425000,26,128.22900000,5089.05502900,0
1623826800000,39.69600000,39.80000000,39.69600000,39.76300000,1288.45800000,1623826859999,51234.13302700,134,938.33700000,37309.88663500,0
1623826860000,39.77400000,39.90200000,39.74700000,39.88000000,3719.23100000,1623826919999,148226.27094500,244,2713.99400000,108194.93133100,0
1623826920000,39.84500000,39.85600000,39.75700000,39.75700000,1686.76100000,1623826979999,67142.00340500,105,471.49900000,18768.35854700,0
1623826980000,39.76300000,39.83900000,39.74100000,39.83800000,1885.61900000,1623827039999,75040.42642700,104,1167.02500000,46460.72532200,0
1623827040000,39.83800000,39.87200000,39.77900000,39.81500000,1600.63000000,1623827099999,63753.34821100,137,533.40200000,21249.90336000,0
1623827100000,39.81500000,39.86800000,39.75800000,39.79400000,3424.18700000,1623827159999,136348.99226500,200,1502.43600000,59821.61862100,0
1623827160000,39.78400000,39.83500000,39.78100000,39.80400000,875.97200000,1623827219999,34879.62411400,75,479.63200000,19096.12382700,0
1623827220000,39.79800000,39.82900000,39.77600000,39.79500000,2186.08400000,1623827279999,87021.09290100,84,853.53700000,33980.20032000,0
1623827280000,39.80000000,39.85700000,39.79000000,39.84100000,823.87500000,1623827339999,32806.76220600,69,643.32400000,25617.40794700,0
1623827340000,39.84500000,39.88600000,39.81300000,39.85600000,3512.22900000,1623827399999,140007.11898200,130,2637.12800000,105140.71624000,0
1623827400000,39.85200000,39.91000000,39.83000000,39.90600000,2642.12300000,1623827459999,105357.64978400,154,1460.47500000,58235.77214700,0
1623827460000,39.90700000,39.91400000,39.88000000,39.90400000,536.41100000,1623827519999,21402.50491700,77,141.04700000,5628.41207700,0
1623827520000,39.90300000,39.90300000,39.83000000,39.84900000,1313.20400000,1623827579999,52329.89855700,74,269.67400000,10747.28394700,0
1623827580000,39.85800000,39.91500000,39.81300000,39.84900000,1549.33200000,1623827639999,61779.29798800,88,1075.34600000,42887.04420200,0
1623827640000,39.83900000,39.84000000,39.74600000,39.80000000,1143.74300000,1623827699999,45536.72396400,78,92.50400000,3682.08973400,0
1623827700000,39.78800000,39.83000000,39.75600000,39.76700000,975.20400000,1623827759999,38815.45898900,82,668.20800000,26598.96351200,0
1623827760000,39.75000000,39.82000000,39.73200000,39.78300000,991.93600000,1623827819999,39461.41329500,86,460.64500000,18327.24736200,0
1623827820000,39.78000000,39.82200000,39.77100000,39.77600000,400.69500000,1623827879999,15947.23784800,46,73.30600000,2916.78795500,0
1623827880000,39.77600000,39.81600000,39.77600000,39.81600000,565.78500000,1623827939999,22519.94151600,58,510.24000000,20309.69352900,0
1623827940000,39.81400000,39.87900000,39.74600000,39.75700000,3006.46700000,1623827999999,119695.83899800,186,976.56100000,38883.37875600,0
1623828000000,39.74800000,39.74800000,39.66800000,39.69000000,1101.99200000,1623828059999,43751.59503800,133,616.26300000,24465.96931500,0
1623828060000,39.69200000,39.69200000,39.54900000,39.56800000,1285.00300000,1623828119999,50881.48915800,229,715.73600000,28336.36241900,0
1623828120000,39.56400000,39.65400000,39.56400000,39.58300000,1068.09200000,1623828179999,42301.60841100,72,887.28600000,35141.08521900,0
1623828180000,39.58300000,39.63000000,39.58300000,39.61100000,361.45300000,1623828239999,14314.46399700,47,228.51200000,9050.28767300,0
1623828240000,39.61500000,39.67600000,39.56500000,39.56500000,1666.03300000,1623828299999,66030.20881800,109,521.49100000,20671.08139700,0
1623828300000,39.57400000,39.57400000,39.45600000,39.47600000,3346.81400000,1623828359999,132233.62437500,293,635.66100000,25102.51991800,0
1623828360000,39.48600000,39.54400000,39.45000000,39.50600000,1094.21300000,1623828419999,43226.48733000,103,607.35400000,23992.48000800,0
1623828420000,39.48800000,39.54100000,39.47400000,39.49800000,923.37100000,1623828479999,36484.56208600,79,461.33600000,18229.51281800,0
1623828480000,39.49900000,39.49900000,39.45000000,39.49000000,442.35500000,1623828539999,17458.51710300,53,184.35900000,7278.06338000,0
1623828540000,39.49800000,39.51400000,39.45900000,39.46400000,876.06000000,1623828599999,34588.86152900,90,242.87200000,9589.23327500,0
1623828600000,39.46700000,39.49700000,39.45800000,39.49700000,1148.34400000,1623828659999,45329.35393400,107,1006.01300000,39711.76518200,0
1623828660000,39.49700000,39.53500000,39.47400000,39.51300000,893.35300000,1623828719999,35299.82285200,78,459.26200000,18146.47764000,0
1623828720000,39.51200000,39.53000000,39.43700000,39.49100000,1416.88900000,1623828779999,55944.08848400,139,493.96900000,19506.67420200,0
1623828780000,39.49900000,39.50500000,39.41900000,39.43900000,2062.02400000,1623828839999,81384.37104500,146,969.60200000,38287.11470700,0
1623828840000,39.43500000,39.47900000,39.42300000,39.46500000,1528.52200000,1623828899999,60304.62967900,110,1110.37800000,43811.83600300,0
1623828900000,39.47100000,39.51900000,39.46500000,39.48600000,2098.61800000,1623828959999,82875.42585100,129,1510.17800000,59643.20803200,0
1623828960000,39.48500000,39.54500000,39.48200000,39.50800000,475.17400000,1623829019999,18774.82292400,70,312.92500000,12363.99338200,0
1623829020000,39.51300000,39.58100000,39.50800000,39.56600000,1135.04800000,1623829079999,44879.21121300,75,578.36600000,22872.08850100,0
1623829080000,39.55500000,39.55800000,39.50000000,39.50000000,447.76900000,1623829139999,17701.51131200,58,99.49800000,3934.59967200,0
1623829140000,39.52100000,39.57900000,39.52000000,39.54800000,592.00600000,1623829199999,23405.74648900,51,180.23600000,7126.40443900,0
1623829200000,39.54900000,39.58000000,39.50800000,39.57200000,549.40600000,1623829259999,21719.42291100,61,298.35000000,11795.71491900,0
1623829260000,39.57000000,39.62200000,39.56200000,39.57200000,598.35000000,1623829319999,23689.53595400,95,203.28700000,8049.26453900,0
1623829320000,39.57300000,39.59600000,39.52100000,39.53200000,618.41200000,1623829379999,24467.84891100,64,278.47800000,11021.02554500,0
1623829380000,39.53200000,39.55200000,39.50700000,39.52600000,446.31300000,1623829439999,17641.87125200,49,153.44200000,6067.06808500,0
1623829440000,39.52600000,39.53300000,39.45400000,39.50300000,2079.36600000,1623829499999,82142.41089600,102,222.00600000,8773.97943000,0
1623829500000,39.53400000,39.61700000,39.53400000,39.61000000,1019.94200000,1623829559999,40354.20684000,82,600.89400000,23768.59939000,0
1623829560000,39.61800000,39.64400000,39.56600000,39.57000000,560.80600000,1623829619999,22214.05068600,73,227.40500000,9010.80865100,0
1623829620000,39.57000000,39.58300000,39.52900000,39.56800000,986.29300000,1623829679999,39022.70995600,63,732.06200000,28964.26376700,0
1623829680000,39.57300000,39.61400000,39.57000000,39.59100000,288.66000000,1623829739999,11429.67952500,34,260.43100000,10312.12548900,0
1623829740000,39.57800000,39.59100000,39.55700000,39.58800000,504.74300000,1623829799999,19972.70350600,50,132.53800000,5246.01816500,0
1623829800000,39.58800000,39.63900000,39.56900000,39.62900000,398.19900000,1623829859999,15769.45020600,41,273.45200000,10828.80903000,0
1623829860000,39.63700000,39.65300000,39.54600000,39.56200000,820.25800000,1623829919999,32503.77725700,69,478.36100000,18959.26496500,0
1623829920000,39.56200000,39.59500000,39.53000000,39.56700000,1008.14700000,1623829979999,39890.49795400,60,374.97000000,14836.06186900,0
1623829980000,39.58000000,39.58900000,39.55000000,39.55800000,125.27400000,1623830039999,4956.83754900,31,48.64000000,1924.79452800,0
1623830040000,39.56000000,39.57700000,39.48800000,39.56400000,4054.96800000,1623830099999,160220.16437200,162,2735.87500000,108082.95511900,0
1623830100000,39.55800000,39.61600000,39.52300000,39.55300000,1178.98300000,1623830159999,46662.07640900,91,550.93300000,21810.58140700,0
1623830160000,39.54700000,39.56900000,39.51800000,39.54800000,745.34800000,1623830219999,29472.68979400,42,424.19200000,16777.78319700,0
1623830220000,39.52500000,39.52500000,39.40000000,39.45700000,2095.72000000,1623830279999,82693.42197600,199,814.14200000,32124.05299900,0
1623830280000,39.43700000,39.50800000,39.43300000,39.44100000,1156.99200000,1623830339999,45666.73368300,82,635.44800000,25088.39762400,0
1623830340000,39.42600000,39.46300000,39.41900000,39.43900000,302.86400000,1623830399999,11944.57163600,41,125.80800000,4962.21976200,0
1623830400000,39.44200000,39.53300000,39.44100000,39.53300000,507.99800000,1623830459999,20058.42532500,61,322.24600000,12722.15892200,0
1623830460000,39.53200000,39.53400000,39.46300000,39.50200000,262.42600000,1623830519999,10368.40856700,48,87.97300000,3474.90261000,0
1623830520000,39.51300000,39.60000000,39.51300000,39.60000000,923.24000000,1623830579999,36545.80119500,80,840.89000000,33288.32929400,0
1623830580000,39.58900000,39.63500000,39.58300000,39.59700000,1281.20200000,1623830639999,50751.06251700,107,703.37000000,27857.86669500,0
1623830640000,39.58000000,39.64200000,39.50800000,39.64000000,2810.39300000,1623830699999,111157.28563500,144,755.73300000,29914.89019200,0
1623830700000,39.62800000,39.62800000,39.54800000,39.57300000,843.48500000,1623830759999,33392.32749300,76,410.76100000,16260.01278200,0
1623830760000,39.56700000,39.65000000,39.56700000,39.64800000,432.62900000,1623830819999,17144.04282900,72,193.04800000,7650.06683800,0
1623830820000,39.64300000,39.72500000,39.64300000,39.72200000,1165.82800000,1623830879999,46270.18121200,189,893.41800000,35457.94532400,0
1623830880000,39.72300000,39.73300000,39.64000000,39.69200000,1449.33700000,1623830939999,57521.64469200,120,335.21700000,13305.97452200,0
1623830940000,39.68200000,39.76200000,39.64100000,39.73600000,1196.80900000,1623830999999,47529.19270300,154,635.73900000,25251.69424700,0
1623831000000,39.72100000,39.77900000,39.69700000,39.77700000,819.33600000,1623831059999,32569.75933700,100,409.44600000,16280.49311000,0
1623831060000,39.77000000,39.78800000,39.70900000,39.74600000,1907.71600000,1623831119999,75858.14259800,115,1349.47400000,53670.60830900,0
1623831120000,39.74600000,39.77600000,39.73100000,39.75100000,692.54200000,1623831179999,27534.19169500,58,261.28100000,10390.05504200,0
1623831180000,39.74500000,39.77500000,39.69200000,39.69200000,1074.86500000,1623831239999,42713.87384200,74,472.71300000,18793.60166600,0
1623831240000,39.70900000,39.71100000,39.64600000,39.64800000,3398.47400000,1623831299999,134848.92380000,143,1711.63000000,67907.45491600,0
1623831300000,39.65800000,39.65800000,39.61000000,39.63700000,744.23500000,1623831359999,29496.69577900,72,374.42100000,14840.01197300,0
1623831360000,39.63200000,39.63200000,39.57100000,39.59600000,575.88700000,1623831419999,22803.57608600,82,250.79000000,9930.01151600,0
1623831420000,39.58000000,39.65400000,39.56800000,39.65400000,654.67700000,1623831479999,25930.28717500,47,605.97300000,24001.37101400,0
1623831480000,39.65600000,39.67500000,39.61400000,39.65200000,434.28000000,1623831539999,17215.03229100,47,289.81100000,11488.47760600,0
1623831540000,39.65900000,39.68500000,39.64000000,39.65000000,199.80000000,1623831599999,7924.38486500,41,94.16500000,3734.88075200,0
1623831600000,39.61600000,39.63000000,39.54600000,39.55500000,792.55300000,1623831659999,31369.87749900,59,119.18700000,4722.53904100,0
1623831660000,39.54600000,39.57200000,39.52900000,39.55200000,699.36000000,1623831719999,27661.25422000,66,209.43500000,8285.21591500,0
1623831720000,39.55500000,39.64500000,39.55000000,39.59500000,867.02100000,1623831779999,34325.93292100,87,540.31500000,21389.20161100,0
1623831780000,39.59400000,39.59700000,39.53700000,39.56000000,1098.18900000,1623831839999,43444.00211000,131,293.51000000,11611.92309800,0
1623831840000,39.55500000,39.58700000,39.51300000,39.52200000,1967.14500000,1623831899999,77800.86621800,110,1084.20900000,42882.98455900,0
1623831900000,39.52200000,39.52200000,39.44600000,39.45200000,1828.17000000,1623831959999,72182.98523000,206,578.94300000,22856.32193600,0
1623831960000,39.45200000,39.49900000,39.42800000,39.44400000,1002.22700000,1623832019999,39549.13190900,130,308.19800000,12164.21394700,0
1623832020000,39.44400000,39.49000000,39.40400000,39.44000000,1125.65900000,1623832079999,44394.35576100,128,751.11600000,29629.20934100,0
1623832080000,39.44000000,39.48100000,39.40000000,39.48000000,941.97300000,1623832139999,37137.13852400,50,289.76300000,11431.43702000,0
1623832140000,39.45700000,39.47300000,39.41300000,39.47000000,942.63900000,1623832199999,37178.04596100,84,443.59400000,17494.14209800,0
1623832200000,39.46400000,39.46400000,39.37500000,39.41200000,877.69000000,1623832259999,34593.32512000,134,249.74300000,9848.62965900,0
1623832260000,39.41100000,39.49800000,39.40000000,39.41600000,953.81200000,1623832319999,37629.18540900,85,570.53800000,22517.01570400,0
1623832320000,39.41100000,39.45400000,39.41100000,39.42300000,279.38100000,1623832379999,11015.69011300,50,82.49900000,3253.11081900,0
1623832380000,39.41600000,39.45800000,39.39300000,39.42300000,566.93100000,1623832439999,22347.92323400,90,201.49900000,7945.92828700,0
1623832440000,39.42300000,39.56500000,39.42300000,39.53200000,1889.78300000,1623832499999,74610.23977800,165,1197.53900000,47282.59397000,0
1623832500000,39.53200000,39.53200000,39.42900000,39.48300000,728.62100000,1623832559999,28760.86674700,113,317.24200000,12520.88679300,0
1623832560000,39.47600000,39.52600000,39.43400000,39.50800000,659.17500000,1623832619999,26030.71190900,95,304.33400000,12017.49148300,0
1623832620000,39.51400000,39.53200000,39.44000000,39.45700000,811.30300000,1623832679999,32028.40279500,90,333.14600000,13153.38848000,0
1623832680000,39.45800000,39.54200000,39.45800000,39.51200000,489.46600000,1623832739999,19344.95844800,60,345.19100000,13644.77233200,0
1623832740000,39.52900000,39.55500000,39.52900000,39.54300000,365.62000000,1623832799999,14457.19642900,58,319.92800000,12650.13090200,0
1623832800000,39.53500000,39.56400000,39.50600000,39.56400000,367.10500000,1623832859999,14514.91901200,93,194.88000000,7705.66462500,0
1623832860000,39.57300000,39.58800000,39.55100000,39.56600000,497.53200000,1623832919999,19690.41438600,63,360.57800000,14271.53352300,0
1623832920000,39.58000000,39.62000000,39.58000000,39.59700000,473.64000000,1623832979999,18754.35929300,98,297.08600000,11763.91267100,0
1623832980000,39.59700000,39.61700000,39.58000000,39.60100000,515.87100000,1623833039999,20425.85019200,102,233.60400000,9248.68901300,0
1623833040000,39.60000000,39.60200000,39.52300000,39.55800000,1997.26800000,1623833099999,79004.41459300,101,70.53800000,2793.11676400,0
1623833100000,39.57300000,39.59800000,39.55800000,39.59100000,1079.67000000,1623833159999,42731.02362100,73,494.58600000,19577.75346600,0
1623833160000,39.59600000,39.65000000,39.50300000,39.58600000,4683.17700000,1623833219999,185331.84598400,207,896.36400000,35510.57058400,0
1623833220000,39.59400000,39.63900000,39.59200000,39.61700000,480.02000000,1623833279999,19019.08509100,58,215.55000000,8541.22768100,0
1623833280000,39.63300000,39.69800000,39.62400000,39.69300000,1070.06600000,1623833339999,42439.56253000,129,942.87500000,37396.99495900,0
1623833340000,39.69400000,39.70000000,39.65100000,39.68800000,750.35900000,1623833399999,29770.02002400,74,463.72400000,18397.94753800,0
1623833400000,39.68800000,39.70200000,39.65900000,39.67000000,1174.39800000,1623833459999,46600.80829000,105,731.80900000,29042.49841200,0
1623833460000,39.68400000,39.70000000,39.58000000,39.62000000,1236.90600000,1623833519999,49032.75880400,94,546.91000000,21672.59641700,0
1623833520000,39.60200000,39.63700000,39.58600000,39.63700000,412.79500000,1623833579999,16353.22399700,50,262.66200000,10405.43870100,0
1623833580000,39.64000000,39.68500000,39.63700000,39.64400000,463.94300000,1623833639999,18402.65312100,64,242.52200000,9620.74827400,0
1623833640000,39.64300000,39.67100000,39.58600000,39.59600000,451.17000000,1623833699999,17881.99313500,46,235.29600000,9328.81306000,0
1623833700000,39.58600000,39.58700000,39.49500000,39.54400000,490.75600000,1623833759999,19397.33989500,81,170.21400000,6729.94231300,0
1623833760000,39.54100000,39.55700000,39.51200000,39.52100000,409.80600000,1623833819999,16205.10577100,47,72.28400000,2856.89771500,0
1623833820000,39.51800000,39.59000000,39.51800000,39.57600000,754.95000000,1623833879999,29864.67950400,43,574.58700000,22730.29064900,0
1623833880000,39.56200000,39.56600000,39.50400000,39.53900000,528.20100000,1623833939999,20882.95645400,43,100.40400000,3971.46585400,0
1623833940000,39.53900000,39.59900000,39.53100000,39.59300000,652.77400000,1623833999999,25826.54037500,61,330.34900000,13072.56904600,0
1623834000000,39.58300000,39.63300000,39.54900000,39.59800000,895.75500000,1623834059999,35469.03291800,102,588.28700000,23297.22924300,0
1623834060000,39.59800000,39.59800000,39.47900000,39.49100000,611.57200000,1623834119999,24179.09932100,105,247.42600000,9784.66434300,0
1623834120000,39.49600000,39.53800000,39.46200000,39.48200000,1279.36400000,1623834179999,50511.91611500,96,394.47500000,15579.61107200,0
1623834180000,39.48200000,39.52000000,39.47900000,39.51100000,766.26400000,1623834239999,30259.88998800,61,314.98300000,12438.27305100,0
1623834240000,39.50500000,39.55400000,39.50400000,39.51100000,249.94900000,1623834299999,9880.11564800,34,155.48400000,6146.17146000,0
1623834300000,39.54800000,39.58200000,39.54800000,39.55600000,280.36300000,1623834359999,11090.09675600,36,202.08100000,7992.79214000,0
1623834360000,39.55100000,39.55600000,39.52000000,39.52000000,1256.90100000,1623834419999,49702.10937800,62,589.62700000,23317.16726800,0
1623834420000,39.52700000,39.52700000,39.46500000,39.46500000,412.66400000,1623834479999,16294.69324600,59,241.57200000,9540.20078900,0
1623834480000,39.48700000,39.53200000,39.45400000,39.48400000,382.69800000,1623834539999,15114.34274500,55,132.35700000,5229.43227600,0
1623834540000,39.49200000,39.49600000,39.45000000,39.46100000,989.09300000,1623834599999,39032.34477900,50,173.36400000,6843.21168600,0
1623834600000,39.45700000,39.45900000,39.40500000,39.45700000,1009.62200000,1623834659999,39817.43067500,114,786.56500000,31022.43400800,0
1623834660000,39.46500000,39.47300000,39.42400000,39.42400000,707.97500000,1623834719999,27933.91618700,45,75.12300000,2964.20177700,0
1623834720000,39.42300000,39.47100000,39.42000000,39.47100000,114.54300000,1623834779999,4517.47392800,23,90.54600000,3571.03809500,0
1623834780000,39.46100000,39.49700000,39.45000000,39.47100000,212.65700000,1623834839999,8394.47486700,49,156.63000000,6183.09749000,0
1623834840000,39.47300000,39.47300000,39.32800000,39.34300000,1517.63400000,1623834899999,59766.21146500,180,136.33800000,5370.77580300,0
1623834900000,39.35300000,39.42600000,39.33400000,39.37100000,3873.92400000,1623834959999,152631.53183900,97,751.41800000,29605.52826100,0
1623834960000,39.36700000,39.41300000,39.32000000,39.35200000,1667.68600000,1623835019999,65654.66558300,132,674.76300000,26568.93967600,0
1623835020000,39.36300000,39.38700000,39.29300000,39.37100000,1896.72800000,1623835079999,74595.52315900,136,586.92300000,23088.66864400,0
1623835080000,39.35300000,39.36600000,39.22900000,39.24500000,1753.58800000,1623835139999,68866.83260700,232,566.29100000,22244.74682800,0
1623835140000,39.23300000,39.31700000,39.22400000,39.31600000,1014.99600000,1623835199999,39856.59960800,86,464.46100000,18249.21129600,0
1623835200000,39.31500000,39.32800000,39.26900000,39.28000000,424.92000000,1623835259999,16693.64496800,63,202.98600000,7974.16415800,0
1623835260000,39.27900000,39.38800000,39.25000000,39.33500000,881.76500000,1623835319999,34659.58292600,84,623.97900000,24524.68853100,0
1623835320000,39.35800000,39.37100000,39.29300000,39.30400000,885.51300000,1623835379999,34828.89536400,81,426.16800000,16763.14140700,0
1623835380000,39.32700000,39.39100000,39.31500000,39.35800000,545.73400000,1623835439999,21479.46310400,64,451.90000000,17785.88463600,0
1623835440000,39.37700000,39.38000000,39.35000000,39.37400000,501.40300000,1623835499999,19736.49630800,46,336.59700000,13250.14783100,0
1623835500000,39.37700000,39.42400000,39.37300000,39.40600000,1161.83400000,1623835559999,45769.15720100,84,853.91300000,33637.72019800,0
1623835560000,39.40800000,39.41300000,39.30000000,39.30700000,2964.44200000,1623835619999,116776.17638000,61,42.15000000,1658.91084900,0
1623835620000,39.30700000,39.33900000,39.27200000,39.30400000,792.65600000,1623835679999,31149.36417500,75,217.06600000,8531.65833700,0
1623835680000,39.31000000,39.32500000,39.25900000,39.29900000,605.74900000,1623835739999,23800.28694700,57,87.20000000,3425.49545000,0
1623835740000,39.28100000,39.36300000,39.28100000,39.30100000,3113.02000000,1623835799999,122440.80423800,127,2210.84200000,86964.54990800,0
1623835800000,39.30600000,39.38900000,39.30000000,39.35300000,351.21300000,1623835859999,13820.82635300,52,253.57000000,9977.65806900,0
1623835860000,39.34800000,39.36700000,39.33000000,39.36500000,408.68600000,1623835919999,16082.24870800,41,296.62200000,11672.75333300,0
1623835920000,39.36000000,39.37700000,39.30000000,39.37000000,1496.02200000,1623835979999,58875.85700500,87,774.67000000,30485.98965200,0
1623835980000,39.37300000,39.40200000,39.34900000,39.37400000,1488.61900000,1623836039999,58628.77792800,95,461.30500000,18168.95184300,0
1623836040000,39.36600000,39.40000000,39.36300000,39.40000000,55.45400000,1623836099999,2183.80153600,17,19.59600000,771.89416600,0
1623836100000,39.40000000,39.44000000,39.38700000,39.43100000,540.66800000,1623836159999,21307.55556200,64,114.63400000,4519.50448400,0
1623836160000,39.42500000,39.42500000,39.36300000,39.39500000,826.51800000,1623836219999,32564.09081700,67,521.79400000,20562.10023000,0
1623836220000,39.38200000,39.44000000,39.37400000,39.39800000,573.62300000,1623836279999,22606.83755000,51,167.76700000,6613.40465700,0
1623836280000,39.42300000,39.42300000,39.36500000,39.39000000,603.36400000,1623836339999,23756.08708000,28,113.90800000,4486.95456700,0
1623836340000,39.39800000,39.42900000,39.39800000,39.42000000,323.56100000,1623836399999,12752.24616200,35,208.27400000,8208.03711400,0
1623836400000,39.43200000,39.43600000,39.37900000,39.41100000,370.59900000,1623836459999,14605.70281500,47,104.83000000,4132.29004800,0
1623836460000,39.41100000,39.43700000,39.41100000,39.41600000,818.57000000,1623836519999,32271.21901000,58,633.25900000,24966.82092900,0
1623836520000,39.41500000,39.47300000,39.38500000,39.45100000,1133.18600000,1623836579999,44682.26286900,116,685.97700000,27056.30214600,0
1623836580000,39.45500000,39.47100000,39.42300000,39.47100000,601.18100000,1623836639999,23718.80828400,42,174.49700000,6884.67971300,0
1623836640000,39.47200000,39.47600000,39.40800000,39.45900000,5561.74100000,1623836699999,219400.20968000,103,1915.83300000,75587.77582300,0
1623836700000,39.46000000,39.48200000,39.45600000,39.47900000,1022.49600000,1623836759999,40356.89101200,62,1001.04600000,39510.26211600,0
1623836760000,39.46000000,39.48500000,39.45400000,39.47600000,1110.05900000,1623836819999,43814.17138200,77,648.83100000,25610.24281500,0
1623836820000,39.48000000,39.48000000,39.44200000,39.46600000,173.14500000,1623836879999,6833.05672700,22,20.89900000,824.86642600,0
1623836880000,39.46500000,39.46500000,39.43600000,39.43600000,211.08600000,1623836939999,8329.13415300,25,185.73100000,7328.82185200,0
1623836940000,39.45000000,39.49600000,39.44500000,39.49100000,1029.57000000,1623836999999,40634.30816600,77,583.84900000,23047.30682500,0
1623837000000,39.49000000,39.49700000,39.42600000,39.42600000,274.50500000,1623837059999,10827.18226500,46,40.28300000,1589.48691800,0
1623837060000,39.42900000,39.45700000,39.41800000,39.43300000,520.74700000,1623837119999,20533.43361800,38,278.98000000,11001.04878400,0
1623837120000,39.43300000,39.45700000,39.39900000,39.40500000,1731.71300000,1623837179999,68265.42855400,87,306.68600000,12090.87007000,0
1623837180000,39.41700000,39.42600000,39.39600000,39.39900000,898.44300000,1623837239999,35405.23645300,66,137.59700000,5422.51479300,0
1623837240000,39.40700000,39.40700000,39.35000000,39.37100000,872.54600000,1623837299999,34364.02329100,80,498.58900000,19636.33613000,0
1623837300000,39.36300000,39.36700000,39.31200000,39.32800000,289.43800000,1623837359999,11382.93324900,39,82.22300000,3233.80704900,0
1623837360000,39.32600000,39.35100000,39.29100000,39.29100000,520.74400000,1623837419999,20472.77318700,63,124.03200000,4877.86410400,0
1623837420000,39.29400000,39.33700000,39.29300000,39.32000000,377.47400000,1623837479999,14842.70136100,43,266.17700000,10468.10915000,0
1623837480000,39.31000000,39.32400000,39.28100000,39.29100000,733.56800000,1623837539999,28833.80814000,54,410.96000000,16154.08717500,0
1623837540000,39.29200000,39.34600000,39.27500000,39.32200000,1640.23600000,1623837599999,64485.39829500,62,1366.19300000,53714.57472000,0
1623837600000,39.31900000,39.31900000,39.25900000,39.29400000,3505.39500000,1623837659999,137696.16921500,112,1550.82400000,60935.73105700,0
1623837660000,39.28500000,39.29500000,39.18400000,39.28900000,3382.03900000,1623837719999,132660.37484800,279,1231.62300000,48308.22865400,0
1623837720000,39.26400000,39.36600000,39.26400000,39.32200000,805.38200000,1623837779999,31677.49200500,91,591.86000000,23279.60683800,0
1623837780000,39.30100000,39.39900000,39.26100000,39.37900000,1068.92000000,1623837839999,42070.44862200,65,822.97500000,32400.45938100,0
1623837840000,39.38100000,39.38600000,39.32900000,39.34500000,266.71200000,1623837899999,10497.16852200,38,17.71100000,697.28672600,0
1623837900000,39.37200000,39.37600000,39.35000000,39.36100000,257.44400000,1623837959999,10136.26241900,29,84.19200000,3314.94656600,0
1623837960000,39.36800000,39.36800000,39.29000000,39.33400000,431.45300000,1623838019999,16963.56874800,45,76.41300000,3005.93268500,0
1623838020000,39.34500000,39.34500000,39.23100000,39.26300000,613.38900000,1623838079999,24085.84907500,69,377.50200000,14823.75920400,0
1623838080000,39.27400000,39.31900000,39.27400000,39.31500000,739.08200000,1623838139999,29044.76936800,47,601.58900000,23641.39209600,0
1623838140000,39.31800000,39.37900000,39.31800000,39.33400000,4719.67000000,1623838199999,185606.70065100,103,4039.33600000,158837.95102400,0
1623838200000,39.35500000,39.35800000,39.30500000,39.31100000,508.73400000,1623838259999,20006.10515000,31,49.71700000,1956.60022000,0
1623838260000,39.32600000,39.36600000,39.32500000,39.34300000,786.95600000,1623838319999,30965.69684000,58,447.57200000,17611.56160900,0
1623838320000,39.35600000,39.35700000,39.26700000,39.27800000,1185.65700000,1623838379999,46612.25652200,63,149.29100000,5866.62946400,0
1623838380000,39.27700000,39.35400000,39.27700000,39.29900000,979.61600000,1623838439999,38501.87594400,65,445.38200000,17498.27255100,0
1623838440000,39.31200000,39.32800000,39.28900000,39.30200000,285.93000000,1623838499999,11240.22938000,30,78.41800000,3083.04721700,0
1623838500000,39.30100000,39.34300000,39.28100000,39.31900000,685.28500000,1623838559999,26948.03226300,46,341.15700000,13415.67912300,0
1623838560000,39.33000000,39.35800000,39.32200000,39.34500000,318.00300000,1623838619999,12510.50323700,34,221.35100000,8708.59413100,0
1623838620000,39.34500000,39.38300000,39.26900000,39.29600000,1701.90100000,1623838679999,66928.47839900,109,686.64100000,27020.49575200,0
1623838680000,39.31500000,39.32300000,39.23200000,39.28400000,2003.94700000,1623838739999,78707.23503000,60,540.51500000,21225.02001900,0
1623838740000,39.25700000,39.28600000,39.23200000,39.26800000,303.98900000,1623838799999,11935.38395800,31,155.47900000,6105.13177200,0
1623838800000,39.28000000,39.28000000,39.21400000,39.21900000,544.31900000,1623838859999,21354.48761100,46,224.30800000,8800.48562100,0
1623838860000,39.22300000,39.27900000,39.21900000,39.25500000,672.62600000,1623838919999,26394.20307500,40,461.73800000,18119.61839600,0
1623838920000,39.25100000,39.30000000,39.23600000,39.29400000,1274.07300000,1623838979999,50010.81505500,65,903.51300000,35467.38513400,0
1623838980000,39.30000000,39.33100000,39.24800000,39.28600000,573.33300000,1623839039999,22528.56912400,58,214.84500000,8443.80204000,0
1623839040000,39.27000000,39.27000000,39.25000000,39.25000000,2183.76300000,1623839099999,85713.09130000,28,0.54200000,21.27892000,0
1623839100000,39.26100000,39.30000000,39.26100000,39.29400000,906.07800000,1623839159999,35598.02191900,45,672.23200000,26411.11921300,0
1623839160000,39.28500000,39.30900000,39.22800000,39.29600000,1995.26400000,1623839219999,78327.32687900,67,192.54500000,7562.56241900,0
1623839220000,39.29100000,39.30600000,39.26900000,39.29200000,359.08600000,1623839279999,14107.70141600,30,277.69900000,10909.98108200,0
1623839280000,39.28500000,39.28600000,39.19000000,39.23500000,1612.34700000,1623839339999,63250.94194400,94,767.29500000,30097.70033500,0
1623839340000,39.25000000,39.27800000,39.19300000,39.25500000,314.37900000,1623839399999,12335.24695200,40,219.67300000,8620.67910500,0
1623839400000,39.23500000,39.24000000,39.04200000,39.04800000,7704.09500000,1623839459999,301231.65761300,493,4376.12800000,171108.38692000,0
1623839460000,39.04100000,39.12100000,39.00400000,39.10900000,4655.95300000,1623839519999,181772.69950600,264,2376.81500000,92786.57335500,0
1623839520000,39.09800000,39.12300000,39.05900000,39.08400000,1436.03400000,1623839579999,56126.34411300,117,652.00100000,25486.92297400,0
1623839580000,39.08400000,39.18700000,39.07400000,39.16400000,1866.51300000,1623839639999,73019.40811900,140,996.64800000,38992.98809400,0
1623839640000,39.15400000,39.15700000,39.09800000,39.15400000,1625.84800000,1623839699999,63615.70430500,81,554.67900000,21711.29997800,0
1623839700000,39.15400000,39.19000000,39.14100000,39.18800000,807.50600000,1623839759999,31633.49783000,70,664.67000000,26037.63143500,0
1623839760000,39.17700000,39.17700000,39.10500000,39.16900000,962.08400000,1623839819999,37656.54981200,75,440.28500000,17235.03418900,0
1623839820000,39.16000000,39.19000000,39.11800000,39.14900000,544.62900000,1623839879999,21321.67610600,53,208.91000000,8178.81790000,0
1623839880000,39.14200000,39.17400000,39.10700000,39.10700000,984.04700000,1623839939999,38519.34561300,67,587.06200000,22985.31445600,0
1623839940000,39.12700000,39.13700000,39.08400000,39.10300000,823.30600000,1623839999999,32192.44649600,65,169.27800000,6619.79305500,0
1623840000000,39.10300000,39.11800000,38.96400000,39.01400000,4778.25100000,1623840059999,186395.75965800,406,1684.31400000,65720.47318700,0
1623840060000,39.01100000,39.03000000,38.77900000,38.80300000,8975.49000000,1623840119999,348935.03834600,718,3038.70700000,118100.27178900,0
1623840120000,38.79500000,38.86900000,38.71700000,38.74000000,11179.69000000,1623840179999,433511.44596600,578,4696.26800000,182111.09575000,0
1623840180000,38.72400000,38.77000000,38.50800000,38.72000000,20453.70000000,1623840239999,790166.03028800,1609,7609.21600000,294055.23119800,0
1623840240000,38.70400000,38.74300000,38.60600000,38.64600000,3746.21400000,1623840299999,144868.92408100,199,1419.76400000,54924.33298100,0
1623840300000,38.64200000,38.70800000,38.44300000,38.50000000,14611.75500000,1623840359999,562703.10128700,907,3954.90000000,152271.04422300,0
1623840360000,38.53100000,38.63100000,38.48900000,38.52500000,3696.84600000,1623840419999,142572.19377300,340,2472.83300000,95380.10766300,0
1623840420000,38.53600000,38.63600000,38.52500000,38.59200000,3563.15600000,1623840479999,137467.75941700,221,1620.07700000,62492.27149000,0
1623840480000,38.58700000,38.72400000,38.58700000,38.70600000,1939.59900000,1623840539999,74993.97318100,512,1414.97800000,54706.27493900,0
1623840540000,38.69500000,38.78300000,38.63100000,38.77200000,1501.79900000,1623840599999,58117.75525200,176,798.85000000,30931.86684200,0
1623840600000,38.77200000,38.79000000,38.65000000,38.69500000,6664.51300000,1623840659999,258121.87590900,263,2063.22800000,79903.93880100,0
1623840660000,38.70900000,38.81300000,38.70900000,38.77800000,1256.00000000,1623840719999,48695.94745800,178,736.43700000,28554.94187900,0
1623840720000,38.77100000,38.78300000,38.70100000,38.75000000,936.73300000,1623840779999,36294.56881700,132,379.66200000,14711.32388000,0
1623840780000,38.75100000,38.79600000,38.70000000,38.79500000,3291.35600000,1623840839999,127557.72250400,194,2376.25400000,92098.25078600,0
1623840840000,38.78700000,38.80600000,38.72800000,38.74400000,1160.72000000,1623840899999,44994.37262600,141,636.82500000,24683.86254000,0
1623840900000,38.74700000,38.76800000,38.65000000,38.67900000,1923.41100000,1623840959999,74448.90049000,182,692.76600000,26833.97308300,0
1623840960000,38.68800000,38.78200000,38.67000000,38.72300000,1279.95200000,1623841019999,49570.54439200,164,697.54300000,27020.83927900,0
1623841020000,38.72500000,38.73400000,38.69100000,38.69700000,680.83500000,1623841079999,26349.52743700,82,208.98000000,8088.41412800,0
1623841080000,38.69700000,38.75900000,38.69600000,38.73600000,1418.15000000,1623841139999,54919.04561200,135,771.57000000,29872.29632900,0
1623841140000,38.73000000,38.80400000,38.72600000,38.77300000,1700.84300000,1623841199999,65936.58998900,162,1286.07800000,49860.74302900,0
1623841200000,38.77200000,38.77300000,38.70100000,38.70100000,370.34200000,1623841259999,14348.83480500,135,113.82500000,4411.41533100,0
1623841260000,38.70900000,38.70900000,38.50100000,38.52700000,6521.23600000,1623841319999,251733.40446400,327,1123.35000000,43332.68506800,0
1623841320000,38.54300000,38.62500000,38.50900000,38.59000000,1446.25300000,1623841379999,55784.79871500,178,821.56800000,31687.04536000,0
1623841380000,38.58900000,38.61400000,38.50000000,38.50000000,1575.44500000,1623841439999,60746.21550600,193,662.54500000,25550.35507400,0
1623841440000,38.50000000,38.50000000,38.21000000,38.43800000,18560.84600000,1623841499999,711555.56073700,2114,9514.14000000,364565.65421300,0
1623841500000,38.45500000,38.48700000,38.29500000,38.32000000,3942.19200000,1623841559999,151343.75791300,424,1217.89200000,46778.94850400,0
1623841560000,38.33000000,38.46500000,38.31000000,38.43000000,5475.84100000,1623841619999,210344.65094100,293,2774.36700000,106595.07587500,0
1623841620000,38.41900000,38.46100000,38.33100000,38.35900000,4420.25800000,1623841679999,169678.34877500,341,1362.62700000,52326.28665500,0
1623841680000,38.35900000,38.43700000,38.32400000,38.34900000,4335.82400000,1623841739999,166372.84578300,394,2376.40600000,91220.70153100,0
1623841740000,38.34900000,38.43300000,38.32900000,38.36800000,3756.30000000,1623841799999,144118.06274100,335,1835.32200000,70441.28688200,0
1623841800000,38.36300000,38.44500000,38.34400000,38.41400000,2824.98300000,1623841859999,108455.53000500,297,1594.22700000,61214.79286700,0
1623841860000,38.41400000,38.52600000,38.41200000,38.47200000,2603.23700000,1623841919999,100147.54897800,263,1589.77400000,61162.26351600,0
1623841920000,38.46800000,38.48900000,38.40000000,38.40000000,1794.00500000,1623841979999,68965.15064000,159,681.16200000,26196.69782200,0
1623841980000,38.39800000,38.48500000,38.35000000,38.46800000,6953.38000000,1623842039999,267147.99984500,365,2585.96800000,99390.34802900,0
1623842040000,38.46000000,38.48500000,38.42000000,38.45400000,2098.77100000,1623842099999,80694.16486900,240,1232.35400000,47386.46020500,0
1623842100000,38.45400000,38.45800000,38.33800000,38.36500000,2723.62900000,1623842159999,104568.85028400,273,1170.95300000,44958.82319300,0
1623842160000,38.36500000,38.48000000,38.32900000,38.43100000,5952.46500000,1623842219999,228517.62114000,374,4827.67700000,185353.25568200,0
1623842220000,38.43600000,38.45800000,38.35000000,38.42700000,5553.01700000,1623842279999,213235.54705900,423,2133.21700000,81941.90497600,0
1623842280000,38.40500000,38.51700000,38.36400000,38.42200000,3914.43100000,1623842339999,150484.38926400,353,1786.09900000,68681.46079800,0
1623842340000,38.43100000,38.48600000,38.37700000,38.43000000,2367.92500000,1623842399999,90990.00900700,213,1150.71100000,44214.04476200,0
1623842400000,38.43000000,38.47800000,38.39600000,38.42000000,1182.78700000,1623842459999,45446.71994000,159,573.76500000,22047.37160500,0
1623842460000,38.42700000,38.42700000,38.32400000,38.34000000,575.19800000,1623842519999,22072.13747600,116,304.69200000,11693.46772500,0
1623842520000,38.33900000,38.44100000,38.33300000,38.38500000,1694.21200000,1623842579999,65031.88149700,189,917.92600000,35246.57915800,0
1623842580000,38.39200000,38.41000000,38.33300000,38.38000000,2821.76000000,1623842639999,108270.18370000,172,1064.83800000,40863.33086400,0
1623842640000,38.38000000,38.46300000,38.38000000,38.46200000,1125.90100000,1623842699999,43264.46239800,157,918.21400000,35282.19388100,0
1623842700000,38.45400000,38.47800000,38.41100000,38.47800000,1128.08200000,1623842759999,43376.62051900,109,822.59000000,31634.83972400,0
1623842760000,38.46800000,38.47500000,38.44500000,38.46100000,571.03200000,1623842819999,21960.89482700,87,336.77100000,12952.91826200,0
1623842820000,38.46400000,38.47500000,38.39900000,38.41300000,1019.94700000,1623842879999,39189.82764700,115,347.90200000,13370.24385800,0
1623842880000,38.41000000,38.45000000,38.34500000,38.45000000,2562.48800000,1623842939999,98345.91167300,210,749.92500000,28795.10662400,0
1623842940000,38.44200000,38.45000000,38.36900000,38.38500000,1118.83400000,1623842999999,42963.95913300,119,472.06000000,18125.71869700,0
1623843000000,38.38600000,38.38700000,38.30300000,38.32800000,2472.57500000,1623843059999,94797.52134700,179,770.51700000,29544.69366900,0
1623843060000,38.32900000,38.34200000,38.06300000,38.13300000,14594.48200000,1623843119999,557169.32678200,1156,5380.19200000,205431.19858400,0
1623843120000,38.15300000,38.30900000,38.11900000,38.24000000,6716.50900000,1623843179999,256847.54705000,643,4030.74300000,154168.54128600,0
1623843180000,38.23200000,38.34300000,38.20900000,38.34300000,1237.69000000,1623843239999,47350.60438000,153,738.34600000,28255.34577200,0
1623843240000,38.34300000,38.42700000,38.29400000,38.40800000,4460.42100000,1623843299999,171059.38447900,361,2968.84000000,113860.25064600,0
1623843300000,38.38800000,38.38800000,38.29800000,38.30400000,1963.29900000,1623843359999,75244.30016100,111,356.62800000,13673.77630400,0
1623843360000,38.30300000,38.34100000,38.25100000,38.29800000,3794.04100000,1623843419999,145293.26731700,204,2511.20400000,96189.81954100,0
1623843420000,38.29800000,38.39600000,38.27500000,38.33700000,2527.11600000,1623843479999,96853.56599000,257,1574.87300000,60340.16353800,0
1623843480000,38.33600000,38.39700000,38.33500000,38.38400000,1424.62200000,1623843539999,54673.81465000,133,923.96100000,35461.65637700,0
1623843540000,38.37700000,38.39100000,38.15600000,38.16900000,20388.45300000,1623843599999,780386.16666000,821,10270.11500000,393045.00120200,0
1623843600000,38.16900000,38.16900000,38.00400000,38.06500000,15508.54100000,1623843659999,590609.38146400,1121,8477.53300000,322865.95084300,0
1623843660000,38.06500000,38.09400000,37.85000000,38.02000000,20216.86600000,1623843719999,767708.71976700,2058,6322.08400000,240072.48595000,0
1623843720000,38.01200000,38.02000000,37.83000000,37.86400000,12253.33800000,1623843779999,463933.94103800,684,7215.15000000,273152.55035000,0
1623843780000,37.84900000,37.91000000,37.79200000,37.82500000,7941.87000000,1623843839999,300426.58955300,472,2086.37600000,78937.71094900,0
1623843840000,37.82800000,37.89600000,37.81000000,37.87600000,4107.55000000,1623843899999,155426.26600100,368,1863.29500000,70521.71335700,0
1623843900000,37.88600000,37.88800000,37.77300000,37.81500000,7454.72500000,1623843959999,281863.94089500,488,4276.68500000,161709.00698800,0
1623843960000,37.81400000,37.85800000,37.75100000,37.76600000,4424.38800000,1623844019999,167243.25822300,362,1984.83000000,75055.16995300,0
1623844020000,37.76600000,37.78500000,37.70000000,37.74900000,10984.96400000,1623844079999,414556.87238000,598,4038.47500000,152485.79413800,0
1623844080000,37.75800000,37.84700000,37.70000000,37.77700000,8873.81400000,1623844139999,335074.31542100,459,4185.82900000,158145.76226300,0
1623844140000,37.77900000,38.02400000,37.77900000,38.00500000,4962.90600000,1623844199999,188234.17696900,613,3649.36400000,138402.14058300,0
1623844200000,38.01000000,38.06400000,37.98700000,38.00500000,3058.28700000,1623844259999,116257.24878000,212,2034.48300000,77344.75492900,0
1623844260000,38.00500000,38.09700000,37.97000000,38.06500000,6091.51400000,1623844319999,231567.60643400,330,4028.59400000,153160.42119900,0
1623844320000,38.06300000,38.13900000,38.06300000,38.12600000,2009.07800000,1623844379999,76563.75766800,268,1295.71800000,49382.63424200,0
1623844380000,38.12600000,38.17000000,38.07200000,38.14600000,1280.78700000,1623844439999,48828.51606400,183,685.04100000,26122.88627600,0
1623844440000,38.14400000,38.17100000,38.10200000,38.13500000,737.42300000,1623844499999,28125.33500100,99,238.01900000,9080.59723000,0
1623844500000,38.14100000,38.16400000,38.08300000,38.12300000,1565.04800000,1623844559999,59666.33034700,109,1020.73700000,38912.78394800,0
1623844560000,38.12300000,38.13200000,38.06500000,38.09100000,1780.46300000,1623844619999,67835.39339600,140,547.69600000,20873.68390000,0
1623844620000,38.09000000,38.14200000,38.05600000,38.06800000,1468.68400000,1623844679999,55937.15835200,112,750.58800000,28600.61712700,0
1623844680000,38.06800000,38.15500000,38.06400000,38.13200000,2397.99800000,1623844739999,91393.59993000,204,1502.14100000,57257.73201600,0
1623844740000,38.12800000,38.12800000,38.05600000,38.08200000,1464.20100000,1623844799999,55749.36714600,146,602.98400000,22958.59051600,0
1623844800000,38.08200000,38.08200000,37.88600000,37.98100000,13656.31400000,1623844859999,518271.44927900,425,4478.88300000,170047.05511700,0
1623844860000,37.98100000,37.99000000,37.89900000,37.91700000,2521.64600000,1623844919999,95680.88166500,192,948.99800000,36007.11413900,0
1623844920000,37.90800000,37.90900000,37.69900000,37.82000000,9082.17600000,1623844979999,343227.15713300,617,4555.05300000,172208.91010500,0
1623844980000,37.80600000,37.88600000,37.78200000,37.83400000,3265.63600000,1623845039999,123574.85680900,232,1682.40900000,63676.92291000,0
1623845040000,37.83300000,37.85600000,37.76000000,37.83600000,2978.93800000,1623845099999,112643.42854200,222,1118.10600000,42291.34528400,0
1623845100000,37.84000000,38.00000000,37.84000000,38.00000000,3214.48200000,1623845159999,121927.83032400,303,1527.34400000,57929.36824300,0
1623845160000,38.00200000,38.04900000,37.90600000,38.04500000,1301.16300000,1623845219999,49402.39152000,187,655.38000000,24885.69866100,0
1623845220000,38.04500000,38.19400000,37.98300000,38.17100000,2251.47500000,1623845279999,85775.06763700,329,1585.47700000,60428.57353300,0
1623845280000,38.17100000,38.22300000,38.11700000,38.13300000,3785.54200000,1623845339999,144583.13416400,258,1756.51700000,67105.86226500,0
1623845340000,38.12600000,38.23000000,38.10000000,38.21800000,1989.49900000,1623845399999,76012.76166700,160,1384.17300000,52892.83356900,0
1623845400000,38.21900000,38.23000000,38.14100000,38.18500000,1985.97800000,1623845459999,75870.67345900,117,1606.80600000,61387.59539800,0
1623845460000,38.19800000,38.20600000,38.08400000,38.09700000,1130.43600000,1623845519999,43109.49615800,119,310.76400000,11850.62768800,0
1623845520000,38.09100000,38.09600000,37.98900000,38.02200000,2043.54600000,1623845579999,77705.16945000,174,418.97600000,15931.34396600,0
1623845580000,38.02000000,38.02000000,37.95600000,38.00000000,666.56500000,1623845639999,25323.73715700,120,263.61900000,10017.10581200,0
1623845640000,37.99900000,38.02000000,37.98800000,37.99700000,685.17400000,1623845699999,26033.19584300,78,384.97200000,14626.79661300,0
1623845700000,37.99700000,37.99700000,37.85500000,37.90000000,1050.44000000,1623845759999,39824.80682700,176,443.86700000,16831.37731900,0
1623845760000,37.90600000,38.00000000,37.87100000,37.87300000,1104.13100000,1623845819999,41884.07362400,132,585.52100000,22218.28086200,0
1623845820000,37.87400000,37.90000000,37.81800000,37.83800000,2368.36000000,1623845879999,89646.96307300,228,1323.12400000,50091.80566300,0
1623845880000,37.83100000,37.90700000,37.73700000,37.83000000,7123.48000000,1623845939999,269449.38471100,366,1811.91700000,68530.89514900,0
1623845940000,37.82800000,37.86800000,37.77200000,37.83600000,1010.67200000,1623845999999,38227.14839800,142,653.13200000,24705.37881600,0
1623846000000,37.84400000,37.88400000,37.80400000,37.81100000,3612.30500000,1623846059999,136644.82188900,148,1675.75900000,63395.28703900,0
1623846060000,37.80400000,37.85600000,37.71600000,37.80300000,3873.70300000,1623846119999,146411.79611300,231,624.92700000,23621.65883200,0
1623846120000,37.80600000,37.93100000,37.79300000,37.85400000,1173.28200000,1623846179999,44439.98203800,135,537.30000000,20358.36715100,0
1623846180000,37.86100000,38.00000000,37.86100000,37.93200000,897.78800000,1623846239999,34067.11439700,139,474.27200000,18002.32284400,0
1623846240000,37.91300000,37.94800000,37.85400000,37.86300000,2228.82600000,1623846299999,84447.43237400,159,1302.29400000,49342.98363300,0
1623846300000,37.87200000,37.96800000,37.85700000,37.92300000,368.91400000,1623846359999,13990.72591400,83,165.55200000,6275.75606900,0
1623846360000,37.91800000,37.94100000,37.85800000,37.88700000,969.90100000,1623846419999,36754.62475800,93,384.05100000,14552.65416000,0
1623846420000,37.89700000,37.89700000,37.82000000,37.84400000,2322.66600000,1623846479999,87892.46280500,119,687.47600000,26017.65777000,0
1623846480000,37.86100000,37.89900000,37.83200000,37.83300000,1024.91000000,1623846539999,38787.19730400,71,271.19000000,10265.12554400,0
1623846540000,37.83300000,37.83400000,37.77700000,37.78100000,3769.13400000,1623846599999,142530.27200800,190,875.23900000,33092.10543000,0
1623846600000,37.77700000,37.79700000,37.65500000,37.78800000,3157.42900000,1623846659999,119050.47099000,382,1108.17200000,41792.95679400,0
1623846660000,37.79600000,37.89800000,37.77200000,37.83100000,2804.13100000,1623846719999,106063.49245900,173,2199.60100000,83204.54082500,0
1623846720000,37.82600000,37.86800000,37.74400000,37.75400000,1409.19800000,1623846779999,53286.56543400,133,625.34300000,23644.08575700,0
1623846780000,37.74700000,37.88000000,37.74200000,37.82600000,2041.90000000,1623846839999,77209.17266300,137,1593.30900000,60241.37898100,0
1623846840000,37.82700000,37.86600000,37.74900000,37.75500000,1306.83500000,1623846899999,49407.54687700,124,386.50200000,14613.13839600,0
1623846900000,37.76100000,37.81800000,37.70300000,37.81800000,1644.51100000,1623846959999,62082.82885700,165,630.62000000,23809.81844500,0
1623846960000,37.81000000,37.83500000,37.77300000,37.79900000,719.07800000,1623847019999,27177.04143500,88,273.38600000,10336.02506700,0
1623847020000,37.79900000,37.82600000,37.72600000,37.76200000,1102.80400000,1623847079999,41645.91083700,117,515.67800000,19477.87638600,0
1623847080000,37.74200000,37.82000000,37.70300000,37.80600000,4413.50800000,1623847139999,166603.67567200,168,3327.05100000,125599.79276300,0
1623847140000,37.82000000,37.82000000,37.69300000,37.76000000,3374.48100000,1623847199999,127329.27330400,115,578.02900000,21808.79792500,0
1623847200000,37.76000000,37.77000000,37.69000000,37.75600000,3892.57400000,1623847259999,146826.32139200,128,494.15500000,18638.67684800,0
1623847260000,37.73700000,37.94600000,37.73500000,37.83800000,10541.36500000,1623847319999,398955.71074800,1411,8050.45100000,304700.91130100,0
1623847320000,37.83800000,37.92500000,37.81200000,37.92500000,1132.60400000,1623847379999,42875.75548400,91,508.25700000,19249.47502900,0
1623847380000,37.90700000,37.99300000,37.89400000,37.96200000,1646.81300000,1623847439999,62503.89339500,156,1303.26900000,49466.01964500,0
1623847440000,37.97000000,37.99900000,37.91600000,37.94300000,560.98100000,1623847499999,21296.69340000,85,296.82300000,11269.20476200,0
1623847500000,37.94900000,38.00000000,37.86300000,37.89300000,27758.28700000,1623847559999,1052343.19161500,566,20614.16500000,781338.43091600,0
1623847560000,37.89500000,37.98900000,37.85700000,37.98400000,2056.79900000,1623847619999,77992.02566200,151,1469.88300000,55732.23153400,0
1623847620000,37.96700000,38.00000000,37.91900000,37.96900000,3586.17500000,1623847679999,136127.50365400,136,2975.45500000,112944.97897700,0
1623847680000,37.97100000,38.08700000,37.97000000,38.04500000,6543.55800000,1623847739999,248772.97206800,436,5865.15600000,222980.96589100,0
1623847740000,38.04500000,38.15300000,37.95600000,38.08300000,7439.59500000,1623847799999,283058.24352600,315,3309.34300000,125923.19149200,0
1623847800000,38.10000000,38.18800000,38.07800000,38.13000000,4719.15600000,1623847859999,179941.40658700,277,1781.67800000,67929.84248000,0
1623847860000,38.15000000,38.19400000,38.10400000,38.10400000,1871.08800000,1623847919999,71389.47523000,120,706.82200000,26975.14183700,0
1623847920000,38.11800000,38.15100000,37.96200000,38.00400000,24775.63700000,1623847979999,941966.54942100,566,16185.71000000,615114.39186600,0
1623847980000,37.98600000,38.02300000,37.97700000,37.99000000,1755.50700000,1623848039999,66708.94858900,123,687.85500000,26142.84018500,0
1623848040000,37.98500000,38.00900000,37.90700000,37.92800000,4160.23300000,1623848099999,157938.37048300,264,1639.60000000,62263.22453500,0
1623848100000,37.92000000,37.93300000,37.90000000,37.91200000,541.72400000,1623848159999,20540.79631300,66,293.12400000,11115.95453400,0
1623848160000,37.91200000,37.91200000,37.81000000,37.83800000,5068.58700000,1623848219999,191832.75170200,234,1238.53800000,46859.02793300,0
1623848220000,37.84200000,37.86900000,37.76100000,37.77600000,1820.87200000,1623848279999,68813.62129500,150,395.85200000,14966.88576200,0
1623848280000,37.79100000,37.83900000,37.77900000,37.81700000,1259.66700000,1623848339999,47614.04702700,56,164.01700000,6200.61177700,0
1623848340000,37.81800000,37.85300000,37.78900000,37.83900000,4856.26300000,1623848399999,183577.34486900,112,932.25300000,35256.41529800,0
1623848400000,37.84700000,37.96500000,37.83900000,37.96500000,2790.37200000,1623848459999,105658.90541500,106,1619.57400000,61329.48210800,0
1623848460000,37.96400000,37.96800000,37.87000000,37.89800000,4218.90700000,1623848519999,160032.34204900,136,632.55100000,23996.30067000,0
1623848520000,37.88300000,37.96800000,37.85600000,37.92400000,822.49100000,1623848579999,31173.18004700,109,307.48500000,11654.16145300,0
1623848580000,37.91400000,37.96900000,37.86900000,37.96400000,1515.02600000,1623848639999,57455.76255100,145,837.28100000,31752.60929400,0
1623848640000,37.96400000,37.96400000,37.92000000,37.95600000,660.23900000,1623848699999,25044.11783900,96,143.61100000,5449.48043900,0
1623848700000,37.94600000,37.95400000,37.87400000,37.87400000,1820.12900000,1623848759999,69004.59925000,162,478.49800000,18146.63613300,0
1623848760000,37.87200000,37.91300000,37.85100000,37.91000000,2460.58100000,1623848819999,93212.16028900,163,1032.52300000,39123.49274800,0
1623848820000,37.90100000,37.91000000,37.86500000,37.90200000,1133.91000000,1623848879999,42961.49687000,109,682.24300000,25851.25609200,0
1623848880000,37.90000000,37.90200000,37.82400000,37.83100000,1822.91700000,1623848939999,69037.36040400,195,814.32700000,30847.56600200,0
1623848940000,37.83800000,37.84000000,37.73500000,37.75700000,3052.50900000,1623848999999,115329.16558700,261,1109.91600000,41935.30194800,0
1623849000000,37.76900000,37.82700000,37.68200000,37.69600000,6889.58500000,1623849059999,260165.04769800,303,4574.80000000,172818.48888700,0
1623849060000,37.70200000,37.77700000,37.65400000,37.75000000,2805.25400000,1623849119999,105748.50831400,305,1127.01700000,42505.08061200,0
1623849120000,37.75000000,37.76100000,37.65100000,37.65600000,2116.48600000,1623849179999,79792.24222600,196,716.61800000,27026.50261200,0
1623849180000,37.65600000,37.65600000,37.57500000,37.61200000,3826.88500000,1623849239999,143936.07710000,557,1271.51900000,47821.70089000,0
1623849240000,37.59800000,37.59800000,37.50100000,37.53500000,7496.00300000,1623849299999,281437.94572900,605,3517.18500000,132087.90232100,0
1623849300000,37.52800000,37.59700000,37.49900000,37.53300000,5872.60500000,1623849359999,220281.60995000,438,844.62000000,31703.22285700,0
1623849360000,37.54700000,37.55300000,37.48300000,37.50000000,2566.47000000,1623849419999,96296.82856500,286,1012.90100000,38012.50594400,0
1623849420000,37.49100000,37.57000000,37.45500000,37.55600000,3826.65800000,1623849479999,143516.23842200,396,2301.99900000,86333.04832100,0
1623849480000,37.55700000,37.65400000,37.53000000,37.56200000,2968.47000000,1623849539999,111614.13973800,279,1883.04800000,70816.86974600,0
1623849540000,37.56200000,37.59600000,37.51900000,37.58700000,1328.51800000,1623849599999,49901.08508400,117,798.78000000,30006.47203400,0
1623849600000,37.58300000,37.65000000,37.58200000,37.60200000,1487.36800000,1623849659999,55948.40384300,153,728.28000000,27398.13205600,0
1623849660000,37.60200000,37.72100000,37.60200000,37.70000000,2409.31700000,1623849719999,90744.56483900,249,1722.56400000,64889.17394200,0
1623849720000,37.70000000,37.72000000,37.62500000,37.65400000,1566.09800000,1623849779999,58997.97421000,167,528.55100000,19912.57693400,0
1623849780000,37.66200000,37.73400000,37.62600000,37.70300000,1436.74800000,1623849839999,54137.28527400,134,586.98000000,22125.94795600,0
1623849840000,37.71800000,38.13800000,37.71800000,38.10000000,9745.31800000,1623849899999,370162.37521700,1099,5790.84800000,220072.74121600,0
1623849900000,38.10900000,38.30000000,37.96400000,38.26700000,11479.68400000,1623849959999,438342.42314300,805,7637.32400000,291701.20856800,0
1623849960000,38.25400000,38.29900000,38.08600000,38.17500000,6661.05600000,1623850019999,254497.79177300,437,2307.53200000,88191.27261400,0
1623850020000,38.17500000,38.18500000,38.02000000,38.05700000,4396.40300000,1623850079999,167513.22857500,323,874.80300000,33319.87730300,0
1623850080000,38.03800000,38.13500000,38.03600000,38.06700000,4421.73700000,1623850139999,168411.13982100,267,2538.55000000,96718.80752500,0
1623850140000,38.05900000,38.14100000,37.95900000,38.03900000,6610.94600000,1623850199999,251378.77493600,260,668.57700000,25434.94278500,0
1623850200000,38.03500000,38.03800000,37.93300000,37.96500000,1850.85400000,1623850259999,70320.50325700,178,622.99200000,23675.48222000,0
1623850260000,37.97900000,38.03600000,37.93900000,37.94600000,1006.89800000,1623850319999,38244.66486400,114,469.71500000,17838.63976800,0
1623850320000,37.94900000,37.99400000,37.93600000,37.97900000,295.04500000,1623850379999,11202.07248100,81,192.38600000,7304.87100100,0
1623850380000,38.00000000,38.03100000,37.97900000,37.98800000,947.94900000,1623850439999,36018.87594000,112,370.55800000,14079.54699800,0
1623850440000,37.98200000,38.07300000,37.95200000,37.98100000,977.18300000,1623850499999,37135.75930100,120,391.88900000,14897.28947400,0
1623850500000,37.98500000,38.07000000,37.95300000,38.03100000,1302.26700000,1623850559999,49504.02435800,126,1069.43500000,40649.76112800,0
1623850560000,38.04000000,38.10600000,38.03100000,38.10400000,871.51900000,1623850619999,33173.74455400,120,379.07300000,14428.39261400,0
1623850620000,38.10000000,38.20000000,38.06700000,38.15600000,1242.45900000,1623850679999,47393.44264500,159,1020.09100000,38909.94499500,0
1623850680000,38.15500000,38.18100000,38.10400000,38.11500000,1686.89200000,1623850739999,64372.44033500,157,792.75900000,30253.23262000,0
1623850740000,38.11900000,38.18700000,38.11900000,38.18500000,2223.02600000,1623850799999,84841.33540100,139,1696.01900000,64733.09761300,0
1623850800000,38.18500000,38.18500000,38.07400000,38.13300000,1317.50800000,1623850859999,50249.21245300,103,984.49400000,37552.25120100,0
1623850860000,38.11600000,38.12800000,38.07400000,38.10200000,432.82800000,1623850919999,16491.78597300,54,284.40500000,10836.42963900,0
1623850920000,38.11000000,38.18200000,38.08200000,38.08900000,1106.94200000,1623850979999,42217.40875100,85,843.93400000,32190.04174300,0
1623850980000,38.08700000,38.17200000,38.06100000,38.09400000,1319.59400000,1623851039999,50316.97323200,87,939.71600000,35831.73184100,0
1623851040000,38.08800000,38.11200000,38.06200000,38.08500000,255.20300000,1623851099999,9717.91223500,52,90.68400000,3454.07927000,0
1623851100000,38.07800000,38.09400000,38.00000000,38.04000000,499.27900000,1623851159999,19004.75472600,75,366.00700000,13934.75672900,0
1623851160000,38.04000000,38.06400000,37.95000000,37.95000000,1844.23900000,1623851219999,70064.05503300,155,441.86300000,16794.94905700,0
1623851220000,37.95000000,37.98100000,37.88800000,37.97100000,2234.47600000,1623851279999,84800.56745200,184,1533.77100000,58219.27527100,0
1623851280000,37.95500000,37.97900000,37.92100000,37.92800000,620.56900000,1623851339999,23551.82107500,91,162.19800000,6155.40766200,0
1623851340000,37.92400000,37.95400000,37.84600000,37.93800000,1834.82800000,1623851399999,69512.38598400,125,546.07300000,20687.86070600,0
1623851400000,37.93800000,37.93800000,37.85000000,37.89100000,1392.00600000,1623851459999,52717.28404200,62,770.12200000,29171.19498500,0
1623851460000,37.88800000,37.94100000,37.86200000,37.87200000,438.02800000,1623851519999,16604.56562200,62,267.10300000,10126.29657200,0
1623851520000,37.88700000,37.96800000,37.88600000,37.90900000,775.80700000,1623851579999,29422.97853300,58,460.90100000,17478.21136300,0
1623851580000,37.89100000,37.99100000,37.87200000,37.91400000,622.93700000,1623851639999,23627.92341000,65,189.38800000,7180.24227100,0
1623851640000,37.88700000,38.02300000,37.88700000,37.94500000,444.40500000,1623851699999,16875.18543400,64,289.86700000,11007.45429400,0
1623851700000,37.95100000,38.06600000,37.94100000,38.02400000,1093.82200000,1623851759999,41567.71663000,98,802.83600000,30505.41819100,0
1623851760000,38.04700000,38.12900000,38.01500000,38.05000000,1688.24500000,1623851819999,64261.67846700,157,578.68400000,22039.11754100,0
1623851820000,38.05200000,38.10400000,37.99100000,38.07300000,2115.42100000,1623851879999,80445.67638700,112,1573.82100000,59844.13101800,0
1623851880000,38.06300000,38.09400000,38.01400000,38.03900000,681.34600000,1623851939999,25935.25955900,58,93.88800000,3573.48488900,0
1623851940000,38.03900000,38.12100000,38.00800000,38.12100000,525.64000000,1623851999999,20005.67246300,56,318.54700000,12126.49142700,0
1623852000000,38.12500000,38.12600000,37.94600000,37.95900000,2327.21600000,1623852059999,88454.36864000,177,408.33800000,15523.28190100,0
1623852060000,37.96600000,37.96600000,37.88400000,37.90000000,1387.19200000,1623852119999,52612.39322400,97,480.24900000,18206.51058700,0
1623852120000,37.91400000,38.00400000,37.89900000,37.99200000,1052.59900000,1623852179999,39963.51584200,71,514.70300000,19542.31987200,0
1623852180000,37.98000000,38.06000000,37.94400000,38.06000000,1039.52900000,1623852239999,39484.05502800,57,348.07200000,13222.90488400,0
1623852240000,38.05600000,38.14200000,38.05600000,38.12000000,2281.82300000,1623852299999,86947.85058800,128,2012.88500000,76701.92093800,0
1623852300000,38.07600000,38.10800000,38.02200000,38.09500000,987.17000000,1623852359999,37581.66724100,65,538.44400000,20493.64795100,0
1623852360000,38.08300000,38.10000000,38.01700000,38.04500000,1755.37400000,1623852419999,66811.50538900,99,747.75500000,28461.04467700,0
1623852420000,38.04900000,38.09200000,37.94900000,37.95700000,9760.59100000,1623852479999,370650.30930500,243,6112.96200000,232060.10511900,0
1623852480000,37.95200000,38.01400000,37.94000000,37.94600000,866.11300000,1623852539999,32887.98734000,113,423.72900000,16090.24334300,0
1623852540000,37.94000000,37.99300000,37.92600000,37.97900000,664.98400000,1623852599999,25240.98639700,80,367.04500000,13935.22910400,0
1623852600000,37.97800000,38.05400000,37.95500000,37.99900000,3776.01200000,1623852659999,143509.19980100,97,1520.23000000,57779.69614300,0
1623852660000,37.99000000,38.10200000,37.98600000,38.08600000,1050.42200000,1623852719999,39986.62135900,76,746.43500000,28412.98132700,0
1623852720000,38.08700000,38.12400000,38.05100000,38.06400000,1845.52800000,1623852779999,70309.02754900,125,954.50100000,36365.89070400,0
1623852780000,38.06400000,38.13000000,38.04800000,38.13000000,1325.20200000,1623852839999,50474.47598600,73,875.15600000,33343.65754700,0
1623852840000,38.10100000,38.18000000,38.10000000,38.16300000,3433.59400000,1623852899999,130971.53620800,173,2802.88100000,106904.48142600,0
1623852900000,38.16400000,38.24400000,38.16200000,38.22800000,2348.44000000,1623852959999,89743.57814100,209,1188.45900000,45418.84184400,0
1623852960000,38.22800000,38.24400000,38.21200000,38.23900000,1292.15500000,1623853019999,49397.86580200,91,433.70700000,16578.97059700,0
1623853020000,38.24000000,38.24500000,38.19000000,38.19900000,2619.87900000,1623853079999,100137.74917000,95,480.53300000,18370.05720600,0
1623853080000,38.19900000,38.26300000,38.17000000,38.26300000,4068.84100000,1623853139999,155511.56969200,153,3564.10700000,136222.50390100,0
1623853140000,38.25000000,38.25600000,38.17800000,38.19300000,1394.64100000,1623853199999,53314.00247700,98,692.77600000,26491.09716700,0
1623853200000,38.18700000,38.20000000,38.13000000,38.15200000,1456.66300000,1623853259999,55586.79532200,70,366.84300000,14003.16873100,0
1623853260000,38.15500000,38.20300000,38.15000000,38.20000000,1332.61900000,1623853319999,50884.11435200,77,875.92100000,33447.26119300,0
1623853320000,38.20100000,38.20100000,38.15000000,38.15000000,1497.26800000,1623853379999,57124.85605100,58,68.88600000,2629.86086600,0
1623853380000,38.15000000,38.18500000,38.10000000,38.14900000,1116.78200000,1623853439999,42591.23150800,109,483.40900000,18437.95735500,0
1623853440000,38.15500000,38.15500000,38.06300000,38.09800000,1812.58300000,1623853499999,69068.15188600,105,458.35500000,17456.60741000,0
1623853500000,38.10700000,38.10700000,38.01600000,38.05600000,567.76200000,1623853559999,21605.97319200,95,224.01700000,8523.59210900,0
1623853560000,38.06500000,38.12100000,38.04100000,38.06600000,806.30900000,1623853619999,30698.13621400,47,312.09900000,11887.48283900,0
1623853620000,38.06800000,38.14100000,38.06800000,38.12500000,206.74800000,1623853679999,7878.01019700,38,99.70600000,3799.14775500,0
1623853680000,38.14100000,38.18200000,38.08700000,38.11900000,941.25200000,1623853739999,35887.42370400,47,454.12800000,17329.97749600,0
1623853740000,38.11500000,38.13700000,38.08100000,38.10400000,572.43200000,1623853799999,21816.17996200,52,303.18800000,11555.38085100,0
1623853800000,38.09600000,38.25800000,38.08300000,38.22700000,1399.31500000,1623853859999,53468.04275900,105,1162.86600000,44436.65262300,0
1623853860000,38.24200000,38.25000000,38.21600000,38.23500000,1045.92700000,1623853919999,39985.93292800,47,182.11300000,6964.19902200,0
1623853920000,38.23600000,38.25700000,38.21100000,38.22800000,329.46600000,1623853979999,12599.21976700,37,93.31500000,3568.85085900,0
1623853980000,38.24600000,38.25000000,38.19300000,38.25000000,615.26200000,1623854039999,23519.35305400,59,182.46100000,6972.12908700,0
1623854040000,38.24000000,38.30000000,38.24000000,38.26400000,1888.14500000,1623854099999,72276.75836100,124,1282.34300000,49088.27039800,0
1623854100000,38.27800000,38.33300000,38.25000000,38.25000000,1816.54100000,1623854159999,69567.13935500,134,1197.83200000,45875.68137000,0
1623854160000,38.24100000,38.27300000,38.20700000,38.22300000,1339.61600000,1623854219999,51227.07964500,79,843.84000000,32273.89458200,0
1623854220000,38.22300000,38.26400000,38.21000000,38.21000000,1420.20000000,1623854279999,54298.44468100,44,608.18600000,23251.89148100,0
1623854280000,38.21400000,38.22200000,38.09600000,38.10500000,1612.70800000,1623854339999,61525.64258700,139,279.48800000,10664.06426900,0
1623854340000,38.10000000,38.14300000,38.08600000,38.14300000,801.13700000,1623854399999,30521.78608300,51,158.98300000,6058.01078400,0
1623854400000,38.13700000,38.15100000,38.10000000,38.11200000,414.14700000,1623854459999,15789.64464900,55,133.41100000,5087.13690300,0
1623854460000,38.11100000,38.14100000,38.06300000,38.12900000,1057.03500000,1623854519999,40267.46401700,73,360.20800000,13726.28297000,0
1623854520000,38.11900000,38.17200000,38.08900000,38.16100000,384.45500000,1623854579999,14662.99769800,35,239.27200000,9129.36470900,0
1623854580000,38.16000000,38.18600000,38.10000000,38.16100000,658.27000000,1623854639999,25124.09754800,44,476.82500000,18200.53575500,0
1623854640000,38.15600000,38.17600000,38.09300000,38.12600000,540.67900000,1623854699999,20612.91629500,47,153.69700000,5858.88432500,0
1623854700000,38.12600000,38.13900000,38.10100000,38.12300000,558.63500000,1623854759999,21292.89589600,33,335.62900000,12794.08289200,0
1623854760000,38.13500000,38.13500000,38.04100000,38.07300000,959.48200000,1623854819999,36537.98732900,81,367.89000000,14011.56462700,0
1623854820000,38.07500000,38.08500000,38.01100000,38.02800000,755.96500000,1623854879999,28755.13371900,82,229.37200000,8728.54674100,0
1623854880000,38.04000000,38.09000000,38.00000000,38.00600000,1757.99800000,1623854939999,66875.76870200,98,596.49900000,22707.87377300,0
1623854940000,38.00600000,38.03900000,37.95500000,37.97600000,670.01100000,1623854999999,25450.31147700,96,470.89300000,17886.39258600,0
1623855000000,37.97200000,38.03300000,37.95900000,38.00300000,678.15300000,1623855059999,25763.87810300,76,260.84200000,9907.09740800,0
1623855060000,38.00300000,38.02100000,37.95400000,37.95400000,556.34000000,1623855119999,21131.65032000,58,255.10500000,9689.01118000,0
1623855120000,37.95900000,37.97500000,37.89000000,37.94600000,896.32400000,1623855179999,33989.37334000,126,398.87700000,15130.76889300,0
1623855180000,37.93800000,37.93800000,37.66600000,37.66600000,4982.77900000,1623855239999,188385.87173500,505,637.33000000,24102.97076300,0
1623855240000,37.69400000,37.76600000,37.60100000,37.73200000,6739.31700000,1623855299999,253868.59820000,331,2080.96800000,78422.79481800,0
1623855300000,37.73000000,37.77700000,37.70000000,37.74800000,1898.67000000,1623855359999,71649.60756200,149,1069.56900000,40372.35741000,0
1623855360000,37.74800000,37.76800000,37.70000000,37.70700000,3531.35500000,1623855419999,133164.10809500,176,965.36800000,36413.24439200,0
1623855420000,37.71000000,37.78500000,37.70200000,37.76200000,3925.05700000,1623855479999,148087.78120600,138,2956.73900000,111545.87506500,0
1623855480000,37.75200000,37.78000000,37.71300000,37.76600000,1198.56600000,1623855539999,45231.19690400,79,261.52300000,9873.64615600,0
1623855540000,37.77900000,37.77900000,37.70200000,37.72400000,3806.30200000,1623855599999,143643.30618300,151,2216.29000000,83655.96709300,0
1623855600000,37.74900000,37.78700000,37.66500000,37.74700000,2418.60100000,1623855659999,91233.03057100,135,863.37800000,32584.32758200,0
1623855660000,37.74700000,37.83500000,37.73000000,37.78300000,1391.23400000,1623855719999,52548.91564800,135,1095.54400000,41381.23915600,0
1623855720000,37.77100000,37.84700000,37.74000000,37.78200000,2350.31100000,1623855779999,88847.60743400,133,923.47700000,34910.22264700,0
1623855780000,37.78500000,37.90500000,37.78500000,37.86500000,1300.38400000,1623855839999,49215.82571200,127,762.94200000,28871.54725200,0
1623855840000,37.88200000,37.90400000,37.80000000,37.87400000,1278.30500000,1623855899999,48416.12109100,77,866.51900000,32825.21363900,0
1623855900000,37.86400000,37.91000000,37.82000000,37.84000000,488.07400000,1623855959999,18494.10181100,31,442.46800000,16768.11819700,0
1623855960000,37.84000000,37.88000000,37.79300000,37.86800000,584.93400000,1623856019999,22134.38642000,51,370.19600000,14009.51831600,0
1623856020000,37.84000000,37.86700000,37.78900000,37.83100000,1024.14200000,1623856079999,38739.34374800,63,836.01100000,31625.64510500,0
1623856080000,37.84100000,37.87400000,37.79400000,37.80600000,696.58600000,1623856139999,26368.89449600,46,112.27600000,4248.45479000,0
1623856140000,37.80600000,37.84900000,37.78400000,37.84900000,1358.20400000,1623856199999,51348.00167100,79,611.34300000,23113.95688400,0
1623856200000,37.81700000,37.81700000,37.70600000,37.78000000,1432.88900000,1623856259999,54138.10492100,101,529.19400000,19991.50961000,0
1623856260000,37.78400000,37.78400000,37.68000000,37.72600000,1115.60100000,1623856319999,42083.59477900,99,400.16700000,15096.72726500,0
1623856320000,37.71900000,37.71900000,37.55600000,37.60000000,4146.72900000,1623856379999,156007.11214500,313,1149.24300000,43253.86637500,0
1623856380000,37.60000000,37.63300000,37.55900000,37.57300000,3709.98100000,1623856439999,139491.16054900,183,2594.88600000,97576.36695300,0
1623856440000,37.56800000,37.58600000,37.50000000,37.53600000,3720.16300000,1623856499999,139622.75347000,325,1482.13300000,55637.17599100,0
1623856500000,37.54900000,37.67200000,37.50800000,37.66300000,2082.08700000,1623856559999,78201.74910900,185,1267.10700000,47604.92929500,0
1623856560000,37.66700000,37.69100000,37.60100000,37.64600000,1170.65300000,1623856619999,44068.83620900,120,788.45800000,29681.25777000,0
1623856620000,37.63200000,37.69500000,37.53800000,37.54200000,1167.79300000,1623856679999,43957.05892900,112,392.74700000,14791.44178200,0
1623856680000,37.55400000,37.68400000,37.55400000,37.66100000,1173.89100000,1623856739999,44159.32611800,92,483.20700000,18170.27288900,0
1623856740000,37.68500000,37.70400000,37.61500000,37.67400000,650.99500000,1623856799999,24517.52082300,81,298.50700000,11238.28589400,0
1623856800000,37.67700000,37.71300000,37.67300000,37.67700000,420.05200000,1623856859999,15831.05138900,54,345.91600000,13036.73685800,0
1623856860000,37.66200000,37.73800000,37.63200000,37.68100000,1038.24400000,1623856919999,39118.07593300,101,579.41700000,21835.66631100,0
1623856920000,37.68600000,37.74000000,37.67700000,37.71400000,859.86000000,1623856979999,32424.19067400,71,525.47600000,19814.48647200,0
1623856980000,37.71600000,37.75800000,37.70000000,37.75800000,636.17300000,1623857039999,24009.08739500,83,440.83400000,16639.32810300,0
1623857040000,37.76000000,37.76800000,37.66700000,37.68600000,799.46500000,1623857099999,30155.79081200,74,385.02000000,14518.26439100,0
1623857100000,37.70000000,37.71200000,37.62800000,37.63300000,907.20600000,1623857159999,34184.92232100,63,190.54800000,7180.89887300,0
1623857160000,37.64400000,37.65100000,37.60200000,37.63300000,1633.15100000,1623857219999,61435.93562900,83,1017.92400000,38293.43097600,0
1623857220000,37.62800000,37.65800000,37.60000000,37.63600000,1567.60500000,1623857279999,58987.74397100,107,869.90300000,32743.66842100,0
1623857280000,37.62800000,37.65900000,37.60400000,37.61800000,1848.42300000,1623857339999,69550.04439000,76,985.55200000,37083.96976600,0
1623857340000,37.61700000,37.64300000,37.60000000,37.61600000,1356.37900000,1623857399999,51038.08048400,95,413.79800000,15569.65283500,0
1623857400000,37.62800000,37.66200000,37.60200000,37.64700000,739.82300000,1623857459999,27831.26162800,56,81.84000000,3080.38427800,0
1623857460000,37.64400000,37.69800000,37.62800000,37.69800000,736.73600000,1623857519999,27747.35151100,57,638.40700000,24044.26818000,0
1623857520000,37.68900000,37.70000000,37.66400000,37.68600000,1541.98700000,1623857579999,58104.97502400,124,647.45300000,24395.61149200,0
1623857580000,37.69000000,37.75100000,37.67000000,37.75100000,3513.54400000,1623857639999,132463.20881500,156,3005.49500000,113314.82228700,0
1623857640000,37.74100000,37.76500000,37.70000000,37.76000000,1869.60000000,1623857699999,70568.29662300,93,435.59700000,16442.97671900,0
1623857700000,37.76900000,37.87900000,37.76900000,37.86400000,1452.50300000,1623857759999,54936.19046500,229,998.57500000,37761.25098500,0
1623857760000,37.86400000,37.96700000,37.85100000,37.90000000,4570.90600000,1623857819999,173360.77523100,316,2387.85700000,90585.82807300,0
1623857820000,37.89900000,37.90800000,37.79600000,37.82300000,1808.95700000,1623857879999,68471.46772100,122,1011.94700000,38324.72667300,0
1623857880000,37.83800000,37.84000000,37.77000000,37.79000000,1127.42600000,1623857939999,42615.45855500,83,385.22700000,14562.18681900,0
1623857940000,37.78300000,37.84000000,37.77500000,37.78400000,682.46400000,1623857999999,25790.07062300,57,507.98400000,19196.76143000,0
1623858000000,37.79400000,37.85000000,37.76900000,37.76900000,1227.21800000,1623858059999,46378.60884700,88,683.08100000,25816.07780400,0
1623858060000,37.75700000,37.84400000,37.75700000,37.82600000,691.44600000,1623858119999,26152.57060300,56,640.69500000,24232.86421700,0
1623858120000,37.81000000,37.81000000,37.73900000,37.74800000,504.48000000,1623858179999,19054.04956800,57,114.18900000,4312.85349300,0
1623858180000,37.75700000,37.79500000,37.73200000,37.78300000,1904.50900000,1623858239999,71874.28406500,72,1220.68200000,46062.46077800,0
1623858240000,37.77800000,37.84900000,37.76400000,37.83400000,2084.86600000,1623858299999,78817.42056200,56,1589.08500000,60069.19233300,0
1623858300000,37.84800000,37.86800000,37.83200000,37.83300000,487.47200000,1623858359999,18448.53149900,43,322.53900000,12206.50862600,0
1623858360000,37.84300000,37.92000000,37.83500000,37.87000000,1188.42200000,1623858419999,45000.65806000,87,459.25300000,17390.23818800,0
1623858420000,37.87100000,37.88300000,37.84200000,37.87800000,1157.93900000,1623858479999,43842.24858900,56,684.16700000,25902.89974300,0
1623858480000,37.87400000,37.87400000,37.80000000,37.86100000,1297.13700000,1623858539999,49073.43749300,52,350.48100000,13256.74822500,0
1623858540000,37.85900000,37.86000000,37.78800000,37.79000000,675.90300000,1623858599999,25567.97751000,53,440.76100000,16674.58087000,0
1623858600000,37.77700000,37.86900000,37.76000000,37.83200000,632.81900000,1623858659999,23932.31657300,64,310.99500000,11761.53143200,0
1623858660000,37.82200000,37.85000000,37.77000000,37.77000000,363.61300000,1623858719999,13749.79008800,37,185.88800000,7029.60948000,0
1623858720000,37.77800000,37.86400000,37.77100000,37.83700000,1248.90300000,1623858779999,47221.80541600,75,896.30200000,33887.64886900,0
1623858780000,37.83300000,37.86500000,37.77400000,37.86200000,527.97800000,1623858839999,19960.90843800,49,205.38100000,7762.75778000,0
1623858840000,37.86400000,37.95900000,37.85700000,37.95500000,1313.03500000,1623858899999,49742.78410800,92,822.79200000,31165.36084000,0
1623858900000,37.95300000,38.00000000,37.91000000,37.98700000,1148.89900000,1623858959999,43614.09006400,144,792.35000000,30078.76016100,0
1623858960000,37.98700000,38.00000000,37.91200000,37.92300000,1884.89900000,1623859019999,71606.42885200,96,1475.40900000,56058.50843700,0
1623859020000,37.91800000,38.37100000,37.90200000,38.36400000,27177.80100000,1623859079999,1037641.91109300,1597,20692.60400000,789946.89235200,0
1623859080000,38.37100000,39.75700000,38.36300000,39.67300000,166174.57700000,1623859139999,6497073.89990400,12390,95534.39600000,3735475.05066900,0
1623859140000,39.61300000,39.78700000,38.99900000,39.53900000,140742.44000000,1623859199999,5535746.03530200,6082,84977.94000000,3339831.72122800,0
1623859200000,39.53500000,40.00000000,39.40200000,39.90800000,60290.21800000,1623859259999,2393413.26804600,4599,39188.43600000,1556654.64181800,0
1623859260000,39.90800000,40.52800000,39.70500000,40.16900000,72588.32300000,1623859319999,2906272.46032500,6926,48707.58200000,1951676.18897800,0
1623859320000,40.24300000,40.57300000,40.07600000,40.48400000,38965.83500000,1623859379999,1570163.77101700,4613,21174.16600000,853685.95197100,0
1623859380000,40.48200000,40.50000000,40.14200000,40.29800000,43318.71600000,1623859439999,1745415.99172800,3184,22160.04400000,892758.55830900,0
1623859440000,40.27800000,40.29200000,39.96200000,40.20000000,36072.39800000,1623859499999,1447605.68766600,2580,10854.03500000,435780.68701000,0
1623859500000,40.20000000,40.69300000,40.12500000,40.64300000,62814.40200000,1623859559999,2543060.12724800,5191,35462.47500000,1436667.81310500,0
1623859560000,40.64300000,41.10000000,40.58200000,40.81200000,109113.97600000,1623859619999,4460381.09652800,8211,45632.17500000,1865793.26623900,0
1623859620000,40.81200000,41.00000000,40.64100000,40.84700000,46636.95600000,1623859679999,1905316.74655700,4556,21603.09200000,883018.66405600,0
1623859680000,40.86100000,41.50000000,40.83800000,41.39800000,99283.19800000,1623859739999,4090052.76331300,8197,65391.09400000,2692417.54538000,0
1623859740000,41.43200000,41.75000000,41.24600000,41.48600000,115767.83900000,1623859799999,4800776.73329500,8281,64113.53000000,2659534.16813700,0
1623859800000,41.48700000,41.66500000,41.15700000,41.25200000,71267.83200000,1623859859999,2955023.05260200,3939,35968.36300000,1491527.09757800,0
1623859860000,41.24700000,41.40300000,40.85800000,41.09500000,52133.47900000,1623859919999,2143285.47756100,3861,23865.08000000,981863.30805500,0
1623859920000,41.09500000,41.10000000,40.79300000,41.01400000,38115.56800000,1623859979999,1560731.59341100,2992,18309.37900000,749969.19666500,0
1623859980000,41.01300000,41.05500000,40.85000000,40.89200000,20613.59400000,1623860039999,844137.01070900,1534,10744.48800000,440036.08303800,0
1623860040000,40.89100000,40.92600000,40.67400000,40.72400000,20376.74300000,1623860099999,832098.51601400,2139,8053.97700000,328982.59046400,0
1623860100000,40.74800000,40.76700000,40.39100000,40.59100000,58967.87300000,1623860159999,2393623.88694400,5269,29746.62100000,1207264.38368300,0
1623860160000,40.59100000,40.88500000,40.48600000,40.86200000,28267.95400000,1623860219999,1148951.92147100,3270,14558.06600000,592021.68570000,0
1623860220000,40.86200000,40.95000000,40.61900000,40.66500000,34032.87400000,1623860279999,1388914.89197700,2469,17861.54000000,729355.69899400,0
1623860280000,40.66500000,40.75100000,40.50000000,40.53800000,17883.25800000,1623860339999,725701.69228500,1253,8038.50100000,326313.16408000,0
1623860340000,40.53800000,40.54000000,40.10300000,40.20000000,39139.98700000,1623860399999,1576230.48464000,2406,15239.58500000,613960.30114100,0
1623860400000,40.21100000,40.34400000,39.79000000,39.82100000,56680.79800000,1623860459999,2270097.29964400,3041,18055.55700000,723640.13093800,0
1623860460000,39.82300000,40.08900000,39.78400000,40.02000000,30675.54000000,1623860519999,1226540.80940800,1603,15204.77900000,608031.67538800,0
1623860520000,39.99800000,40.00100000,39.81100000,39.98700000,27388.19800000,1623860579999,1093325.66258000,1148,12050.70000000,481378.49768200,0
1623860580000,39.98700000,40.01100000,39.83500000,40.00000000,18885.34400000,1623860639999,753872.14942200,613,8265.11600000,329924.90892600,0
1623860640000,39.99700000,40.11000000,39.86000000,40.01600000,14958.35300000,1623860699999,598406.85252400,785,8645.30700000,345879.25185200,0
1623860700000,40.01700000,40.03600000,39.64100000,39.70700000,44545.24700000,1623860759999,1772218.70708500,1970,14119.37300000,561743.32567600,0
1623860760000,39.70700000,39.80100000,39.65500000,39.71500000,13564.87000000,1623860819999,538621.67380900,515,5364.31300000,213046.66408200,0
1623860820000,39.73400000,39.90300000,39.73100000,39.77300000,9611.02700000,1623860879999,382649.66645200,555,5744.75900000,228764.94272800,0
1623860880000,39.77600000,39.84100000,39.72600000,39.75400000,5428.35300000,1623860939999,215964.79229800,284,3746.37100000,149069.17624900,0
1623860940000,39.76500000,39.96700000,39.75300000,39.83000000,8291.62200000,1623860999999,330418.99286100,493,5074.45400000,202272.29304200,0
1623861000000,39.83000000,39.97300000,39.79300000,39.97300000,9903.56800000,1623861059999,394930.89929700,441,4728.30100000,188550.28436300,0
1623861060000,39.97000000,40.12400000,39.94200000,40.02100000,17750.35600000,1623861119999,711158.58861800,924,9513.28100000,381166.92074500,0
1623861120000,40.00800000,40.07700000,40.00000000,40.07200000,10275.55400000,1623861179999,411180.53896400,362,3123.79800000,125072.59959300,0
1623861180000,40.07700000,40.27900000,40.06300000,40.18500000,24095.21100000,1623861239999,968452.63613600,1070,18727.92300000,752857.46127000,0
1623861240000,40.18200000,40.18700000,40.00300000,40.05600000,13906.85300000,1623861299999,557634.86288100,538,3297.15700000,132098.77056100,0
1623861300000,40.05500000,40.07600000,40.00000000,40.00100000,8825.10200000,1623861359999,353222.54403200,372,3331.66400000,133380.51841200,0
1623861360000,40.00100000,40.01900000,39.70600000,39.84300000,26046.80200000,1623861419999,1040480.16282600,1142,4582.22300000,182633.22584800,0
1623861420000,39.85000000,39.97900000,39.82500000,39.91700000,8095.39600000,1623861479999,323011.31670900,406,5128.06200000,204607.52775400,0
1623861480000,39.89400000,39.95900000,39.82400000,39.87400000,3778.06400000,1623861539999,150694.93700900,211,2372.88300000,94647.57552800,0
1623861540000,39.86900000,39.89900000,39.58800000,39.62900000,11246.28700000,1623861599999,446008.67006600,758,3657.48700000,145093.09646700,0
1623861600000,39.61400000,39.64000000,39.50300000,39.56100000,9918.81200000,1623861659999,392357.21160500,736,3902.17100000,154394.86020400,0
1623861660000,39.56700000,39.71500000,39.48900000,39.50700000,16384.91900000,1623861719999,648936.56329500,678,8221.92600000,325921.63675500,0
1623861720000,39.49600000,39.60700000,39.42100000,39.46800000,12187.91600000,1623861779999,481504.05784500,817,5515.36700000,217916.50049100,0
1623861780000,39.47500000,39.58800000,39.44800000,39.53300000,4042.51500000,1623861839999,159661.19199200,294,2666.19500000,105286.03764100,0
1623861840000,39.52400000,39.57700000,39.42300000,39.53000000,5350.87300000,1623861899999,211344.11435400,360,2766.63700000,109281.34315100,0
1623861900000,39.51400000,39.63700000,39.29500000,39.30000000,13200.62200000,1623861959999,520951.67393400,942,5462.36200000,215738.35579500,0
1623861960000,39.31200000,39.32100000,39.01000000,39.17500000,36938.40200000,1623862019999,1445400.51433700,2463,17925.16900000,701366.53715500,0
1623862020000,39.15500000,39.16300000,38.86000000,38.93000000,19765.65500000,1623862079999,770449.79316100,2004,5934.36200000,231578.36075200,0
1623862080000,38.93000000,39.04800000,38.90500000,38.94400000,8387.73900000,1623862139999,326999.68613400,449,1686.03300000,65725.31283400,0
1623862140000,38.94600000,39.00000000,38.74700000,38.84900000,11220.03200000,1623862199999,436005.69290200,1161,5320.86000000,206850.23583300,0
1623862200000,38.84500000,38.96700000,38.79300000,38.86200000,8075.69400000,1623862259999,313980.40743300,610,2891.43800000,112490.03130500,0
1623862260000,38.86200000,38.93200000,38.79900000,38.87700000,14942.22200000,1623862319999,580492.88425600,686,5999.48500000,233075.13941100,0
1623862320000,38.88600000,38.89000000,38.57000000,38.75700000,20228.27000000,1623862379999,783276.83878400,1863,10285.14700000,398488.68103300,0
1623862380000,38.71300000,38.80800000,38.59100000,38.75000000,10063.15600000,1623862439999,389536.88925800,680,5728.35900000,221736.93037700,0
1623862440000,38.76500000,38.89000000,38.75300000,38.83800000,5681.67600000,1623862499999,220555.58821600,431,2185.45700000,84859.54415100,0
1623862500000,38.83600000,38.97800000,38.82100000,38.97800000,4004.16200000,1623862559999,155720.08431200,480,2858.34100000,111170.79791300,0
1623862560000,38.95200000,38.98100000,38.92400000,38.95500000,4753.72700000,1623862619999,185216.24185000,294,2672.22300000,104112.76923700,0
1623862620000,38.96500000,38.96600000,38.87000000,38.95500000,4440.36000000,1623862679999,172765.01908500,430,2526.63500000,98321.73456000,0
1623862680000,38.94600000,38.94600000,38.80900000,38.87500000,3777.89900000,1623862739999,146933.11503300,233,1018.32200000,39617.75645000,0
1623862740000,38.86600000,38.96600000,38.83800000,38.91200000,2580.28800000,1623862799999,100412.79013200,289,1587.95300000,61793.57889500,0
1623862800000,38.89700000,38.90500000,38.80200000,38.81100000,2854.38500000,1623862859999,110892.08151600,256,1157.97300000,44985.15959800,0
1623862860000,38.80900000,38.81600000,38.62900000,38.65200000,8158.95100000,1623862919999,315850.22491100,520,3524.76900000,136433.81388400,0
1623862920000,38.65700000,38.70000000,38.60600000,38.61300000,12107.16300000,1623862979999,468339.97197200,322,7619.04200000,294790.43339800,0
1623862980000,38.61400000,38.82600000,38.60000000,38.81900000,6611.06400000,1623863039999,255884.86094700,364,4763.70700000,184366.33028400,0
1623863040000,38.82500000,38.86100000,38.73000000,38.77400000,4847.52500000,1623863099999,188113.67229000,321,2498.29500000,97001.14971200,0
1623863100000,38.77300000,38.95700000,38.77300000,38.93800000,3519.27800000,1623863159999,136801.79319800,337,2119.45200000,82422.70437700,0
1623863160000,38.93600000,39.09800000,38.89200000,39.09000000,4568.28600000,1623863219999,178269.66057400,529,2871.89200000,112083.54007400,0
1623863220000,39.09000000,39.19500000,38.89400000,39.10900000,16926.79400000,1623863279999,660729.67298800,791,5215.63600000,203784.00842500,0
1623863280000,39.09500000,39.11000000,39.00000000,39.00700000,2051.30900000,1623863339999,80124.89250000,196,924.53400000,36114.14467800,0
1623863340000,39.01000000,39.03500000,38.83900000,38.89100000,3089.35000000,1623863399999,120267.77135000,356,1116.85500000,43468.49217900,0
1623863400000,38.88700000,39.08600000,38.87600000,39.07900000,3495.85400000,1623863459999,136294.75951100,265,2404.26700000,93710.45953500,0
1623863460000,39.08100000,39.17900000,39.08100000,39.17000000,3717.68000000,1623863519999,145456.69602300,321,1818.77100000,71152.48305500,0
1623863520000,39.16600000,39.28800000,39.12500000,39.28800000,8154.05800000,1623863579999,319774.74117800,494,5587.32900000,219175.35091700,0
1623863580000,39.28800000,39.37900000,39.22900000,39.29600000,13088.73800000,1623863639999,514863.34060500,590,9396.60700000,369706.88405500,0
1623863640000,39.32700000,39.40700000,39.31800000,39.38200000,6391.20600000,1623863699999,251620.68152400,350,5249.52000000,206682.16555100,0
1623863700000,39.36800000,39.37200000,39.24500000,39.26400000,3196.58900000,1623863759999,125562.99372300,236,1312.61500000,51556.89125800,0
1623863760000,39.26300000,39.26300000,39.05900000,39.06500000,4636.39500000,1623863819999,181338.75103700,427,1845.84200000,72186.61832500,0
1623863820000,39.07000000,39.10000000,38.96500000,38.99600000,4274.00400000,1623863879999,166916.13741700,356,805.62400000,31461.34421600,0
1623863880000,38.99800000,39.01300000,38.87100000,39.01300000,3060.18500000,1623863939999,119137.23987300,445,1731.65300000,67408.64295100,0
1623863940000,39.00400000,39.04600000,38.85000000,38.86800000,3987.74800000,1623863999999,155315.90379500,264,1086.03200000,42297.23527700,0
1623864000000,38.86800000,38.99100000,38.86800000,38.95500000,1895.75200000,1623864059999,73808.09619900,210,1315.46200000,51205.07569700,0
1623864060000,38.96400000,39.13200000,38.93800000,39.04400000,2651.23300000,1623864119999,103569.56453800,264,1519.98400000,59360.50773100,0
1623864120000,39.04600000,39.08400000,38.94100000,39.01100000,2047.79400000,1623864179999,79862.02135200,161,1055.79400000,41170.11026400,0
1623864180000,39.02300000,39.02900000,38.93800000,39.02800000,1064.33700000,1623864239999,41490.31957500,113,627.69200000,24468.26922000,0
1623864240000,39.04000000,39.13300000,39.04000000,39.07900000,1336.75500000,1623864299999,52263.63742400,160,650.23400000,25423.96999300,0
1623864300000,39.10300000,39.20000000,39.10300000,39.18200000,1146.29900000,1623864359999,44874.08322800,174,916.09700000,35865.43139100,0
1623864360000,39.20000000,39.22900000,39.07900000,39.10100000,2386.78000000,1623864419999,93499.42076200,211,1264.41900000,49538.75728500,0
1623864420000,39.10900000,39.11500000,39.06200000,39.07900000,614.45900000,1623864479999,24010.18276700,75,400.58700000,15652.50382400,0
1623864480000,39.07900000,39.08100000,38.91900000,38.98100000,7147.13600000,1623864539999,278554.11381400,282,789.26600000,30777.00009000,0
1623864540000,38.98500000,39.11100000,38.98400000,39.11000000,778.95800000,1623864599999,30399.51186500,119,598.75800000,23362.60895000,0
1623864600000,39.10200000,39.20000000,39.10000000,39.18900000,1149.10900000,1623864659999,45009.05694800,147,957.40500000,37503.97875100,0
1623864660000,39.18900000,39.20000000,39.07000000,39.14000000,1421.15300000,1623864719999,55601.28101200,136,667.53400000,26113.37502700,0
1623864720000,39.13000000,39.13800000,39.07900000,39.11300000,1189.09200000,1623864779999,46507.62074700,128,496.27800000,19411.97597300,0
1623864780000,39.11300000,39.28800000,39.11300000,39.27200000,5938.00000000,1623864839999,232916.63820600,382,5004.61900000,196310.98296400,0
1623864840000,39.27200000,39.31000000,39.21200000,39.24800000,2044.38200000,1623864899999,80287.53064100,285,1156.42300000,45420.87640700,0
1623864900000,39.23700000,39.34500000,39.19600000,39.31100000,1815.75500000,1623864959999,71274.67812800,270,1068.09300000,41929.72374800,0
1623864960000,39.31900000,39.53000000,39.27700000,39.47700000,4514.58000000,1623865019999,177963.91262800,634,3160.37800000,124576.43412000,0
1623865020000,39.47500000,39.51200000,39.31300000,39.49800000,3569.98300000,1623865079999,140759.56525400,421,2725.93600000,107485.05638000,0
1623865080000,39.50000000,39.50000000,39.34400000,39.45700000,6340.15300000,1623865139999,250061.30732200,363,2167.66300000,85473.09008400,0
1623865140000,39.45600000,39.46500000,39.31800000,39.40400000,3388.20800000,1623865199999,133471.44403800,263,1507.71400000,59359.87360300,0
1623865200000,39.38000000,39.39200000,39.18200000,39.19000000,3909.62600000,1623865259999,153518.83843700,386,1641.45300000,64487.96857600,0
1623865260000,39.19000000,39.24800000,39.16200000,39.16600000,1565.79000000,1623865319999,61386.60717900,192,876.08000000,34345.02774100,0
1623865320000,39.16600000,39.27500000,39.16600000,39.17900000,2819.16800000,1623865379999,110522.24913100,186,2020.31200000,79205.71884500,0
1623865380000,39.17900000,39.27200000,39.17800000,39.24700000,3847.99400000,1623865439999,150957.28134500,170,635.79800000,24941.19272400,0
1623865440000,39.26100000,39.29700000,39.20300000,39.28100000,986.45400000,1623865499999,38718.36625800,99,464.30600000,18228.26559300,0
1623865500000,39.27100000,39.27200000,39.16500000,39.19600000,2256.84800000,1623865559999,88513.59549300,171,851.08000000,33380.60629800,0
1623865560000,39.19500000,39.24100000,39.17200000,39.21700000,824.85300000,1623865619999,32343.11519700,117,532.26400000,20868.57324000,0
1623865620000,39.21100000,39.33100000,39.20800000,39.29300000,2453.34200000,1623865679999,96354.26618600,199,1445.86500000,56778.33119100,0
1623865680000,39.29500000,39.29500000,39.18400000,39.21000000,1795.96300000,1623865739999,70454.72189400,195,1015.07700000,39814.85162600,0
1623865740000,39.20300000,39.21000000,39.05700000,39.18000000,5905.01200000,1623865799999,231062.85599300,426,2387.13600000,93417.45221300,0
1623865800000,39.18000000,39.22900000,39.12800000,39.19400000,2718.89100000,1623865859999,106561.43303300,177,1771.12100000,69413.21022400,0
1623865860000,39.19300000,39.28000000,39.13200000,39.27500000,1646.16000000,1623865919999,64537.96206400,148,1046.18500000,41030.02845800,0
1623865920000,39.27900000,39.40200000,39.26700000,39.27200000,3751.24400000,1623865979999,147573.32425100,341,2710.70000000,106628.34916900,0
1623865980000,39.29700000,39.30000000,39.19200000,39.23200000,2239.35800000,1623866039999,87880.84107800,191,1116.59900000,43817.40003100,0
1623866040000,39.23100000,39.23100000,39.15400000,39.17800000,1602.11100000,1623866099999,62771.58127700,146,337.44700000,13220.61209800,0
1623866100000,39.17900000,39.26300000,39.16600000,39.21400000,805.14000000,1623866159999,31567.28937500,113,466.12100000,18274.87179900,0
1623866160000,39.19500000,39.20300000,39.16000000,39.16700000,406.91800000,1623866219999,15941.04604900,70,168.17500000,6587.72505600,0
1623866220000,39.16100000,39.31000000,39.16000000,39.31000000,1239.78800000,1623866279999,48668.25436000,112,681.10400000,26728.23838400,0
1623866280000,39.31000000,39.41800000,39.26100000,39.37700000,3432.33200000,1623866339999,135055.05862300,299,2410.66900000,94856.49345900,0
1623866340000,39.37600000,39.51200000,39.35200000,39.44400000,6285.21800000,1623866399999,247877.48720900,372,4687.10800000,184864.42938000,0
1623866400000,39.43900000,39.43900000,38.78600000,38.78700000,16199.88200000,1623866459999,632979.35231100,1432,5023.38600000,196366.34129100,0
1623866460000,38.80300000,39.03100000,38.63300000,38.99500000,12452.35100000,1623866519999,483201.26068400,1130,5791.28500000,224689.95308000,0
1623866520000,39.02900000,39.67300000,39.02900000,39.61900000,16826.87800000,1623866579999,664298.03890100,1757,8949.47800000,353177.27950000,0
1623866580000,39.57700000,39.89600000,39.41700000,39.79000000,16633.54300000,1623866639999,660829.70722400,1486,9999.61700000,397324.29501500,0
1623866640000,39.78400000,39.81600000,39.53700000,39.60000000,12151.80300000,1623866699999,482079.22215700,805,3933.70100000,156120.71788400,0
1623866700000,39.61500000,39.90600000,39.60000000,39.90600000,5219.77600000,1623866759999,207607.33647000,549,3348.00400000,133156.83672600,0
1623866760000,39.86700000,39.99600000,39.80000000,39.96800000,10032.03000000,1623866819999,400478.46015500,879,5353.98500000,213813.83147300,0
1623866820000,39.93500000,39.99300000,39.88600000,39.88700000,10330.40000000,1623866879999,412663.39806900,529,5322.53500000,212653.74277800,0
1623866880000,39.88700000,39.94300000,39.60000000,39.65100000,6246.12300000,1623866939999,248731.91151000,684,2461.85100000,98075.59262900,0
1623866940000,39.65200000,39.72000000,39.41800000,39.63000000,9060.85000000,1623866999999,358389.93585800,941,4724.67000000,186906.99380700,0
1623867000000,39.61000000,39.64200000,38.95600000,38.95900000,20666.18800000,1623867059999,812808.82654300,1840,7362.47700000,289474.77894100,0
1623867060000,38.95900000,39.33500000,38.94200000,39.24300000,23309.55300000,1623867119999,913395.01550200,1305,11547.38800000,452512.92545200,0
1623867120000,39.23900000,39.25300000,38.92200000,39.19000000,10831.99000000,1623867179999,423747.86756000,992,5999.07300000,234708.34950700,0
1623867180000,39.18900000,39.53400000,39.13000000,39.28400000,17702.42200000,1623867239999,696715.37813200,971,6692.17700000,263525.90744000,0
1623867240000,39.27700000,39.39400000,39.17200000,39.36100000,3824.59000000,1623867299999,150283.39409900,400,2309.41200000,90732.03816000,0
1623867300000,39.37100000,39.38000000,38.99900000,39.09100000,6996.07500000,1623867359999,273684.66789200,652,2885.71800000,112821.59835600,0
1623867360000,39.10800000,39.34500000,39.06200000,39.21700000,6247.78700000,1623867419999,244971.85219800,463,4911.31700000,192574.79495800,0
1623867420000,39.21700000,39.28800000,39.16300000,39.20300000,2448.63700000,1623867479999,96019.87200500,189,1559.37500000,61159.89349200,0
1623867480000,39.18700000,39.26800000,39.11900000,39.14700000,2827.27500000,1623867539999,110810.20902900,241,1840.11300000,72108.63032900,0
1623867540000,39.17300000,39.19700000,39.03300000,39.13100000,2634.01500000,1623867599999,102962.12091100,235,832.55600000,32566.45761100,0
1623867600000,39.14900000,39.17300000,38.96000000,39.00000000,4612.38500000,1623867659999,180093.23900500,375,1958.86000000,76561.23170800,0
1623867660000,39.02800000,39.05300000,38.82400000,38.87600000,8763.50300000,1623867719999,341023.90782700,772,3195.40400000,124346.15297300,0
1623867720000,38.88900000,39.06100000,38.86600000,39.00100000,3898.23100000,1623867779999,151982.16718000,296,2892.65400000,112789.84673900,0
1623867780000,39.00000000,39.05700000,38.92800000,38.95900000,2486.17600000,1623867839999,96939.52215000,239,1149.10000000,44814.58880000,0
1623867840000,38.95400000,39.00200000,38.88600000,38.94600000,4004.76100000,1623867899999,155948.97637900,190,1402.25100000,54599.04438300,0
1623867900000,38.95100000,39.01100000,38.86600000,38.89600000,1421.76900000,1623867959999,55353.07238800,151,490.95900000,19121.63381600,0
1623867960000,38.86800000,38.99900000,38.86800000,38.93300000,7887.24700000,1623868019999,307252.37297100,275,3010.62800000,117235.02804100,0
1623868020000,38.92800000,39.03700000,38.92000000,39.02600000,1222.20300000,1623868079999,47652.61710500,101,765.22600000,29833.59761300,0
1623868080000,39.00300000,39.02600000,38.90000000,38.96700000,2939.46300000,1623868139999,114560.10140500,127,299.45900000,11669.38270300,0
1623868140000,38.99000000,38.99000000,38.90100000,38.90100000,754.04100000,1623868199999,29354.13750200,91,244.88700000,9533.12591900,0
1623868200000,38.90200000,39.09800000,38.80000000,39.09100000,3468.65500000,1623868259999,135102.37777700,387,2021.83000000,78820.07908500,0
1623868260000,39.09800000,39.16300000,38.98000000,39.12000000,5688.48300000,1623868319999,222211.34605200,358,3586.35900000,140080.45310100,0
1623868320000,39.12200000,39.20000000,39.03700000,39.17300000,2070.00600000,1623868379999,81023.92308100,191,1460.00300000,57166.21122600,0
1623868380000,39.18500000,39.35700000,39.17800000,39.29300000,6584.81200000,1623868439999,258728.89401500,488,3865.96200000,151895.63022800,0
1623868440000,39.29000000,39.29000000,39.10000000,39.23600000,6090.91400000,1623868499999,238684.87126900,373,2484.84700000,97342.94639400,0
1623868500000,39.23400000,39.25000000,39.15000000,39.16500000,1922.12700000,1623868559999,75369.37392500,127,657.72000000,25791.87539700,0
1623868560000,39.17700000,39.24700000,39.02400000,39.03900000,4146.82800000,1623868619999,162344.11838500,257,2736.28300000,107148.98067200,0
1623868620000,39.03900000,39.12400000,38.83000000,38.96700000,19660.79200000,1623868679999,765868.50862400,784,7619.74400000,296931.68502100,0
1623868680000,38.98600000,39.18400000,38.94000000,39.14600000,3576.51700000,1623868739999,139799.85514400,339,2357.22600000,92130.59970900,0
1623868740000,39.14300000,39.24500000,39.06200000,39.22600000,4216.93200000,1623868799999,165140.22364500,301,3231.79500000,126606.12299700,0
1623868800000,39.23600000,39.23700000,39.12000000,39.15900000,1325.08300000,1623868859999,51902.18444100,167,522.58800000,20473.21402800,0
1623868860000,39.17200000,39.20000000,39.13800000,39.18500000,933.16700000,1623868919999,36551.33826200,108,567.22100000,22222.90941800,0
1623868920000,39.18500000,39.19200000,39.09000000,39.09600000,822.82900000,1623868979999,32192.87509600,111,340.85800000,13338.67802200,0
1623868980000,39.10500000,39.11700000,39.00000000,39.11700000,5966.14200000,1623869039999,233059.57654500,301,2975.84200000,116274.11156000,0
1623869040000,39.09800000,39.09800000,38.99400000,39.04600000,1983.59200000,1623869099999,77399.29855900,149,1260.22300000,49169.05916900,0
1623869100000,39.04400000,39.09900000,38.99300000,39.01000000,1973.30700000,1623869159999,77032.84813600,119,1119.59900000,43710.40197500,0
1623869160000,39.03700000,39.11400000,39.02400000,39.05300000,2489.23600000,1623869219999,97264.16440000,135,956.44300000,37395.85209600,0
1623869220000,39.05800000,39.14000000,39.03300000,39.13900000,2206.64600000,1623869279999,86254.27997100,109,1411.75200000,55196.06832600,0
1623869280000,39.13900000,39.29900000,39.12300000,39.21600000,4273.47400000,1623869339999,167669.66792400,290,2808.01200000,110157.79013900,0
1623869340000,39.20100000,39.26200000,39.16900000,39.26000000,886.03300000,1623869399999,34757.79933400,90,356.73400000,13996.32671100,0
1623869400000,39.25500000,39.25900000,39.16300000,39.22200000,2324.07000000,1623869459999,91092.25928100,136,1616.99000000,63373.24363100,0
1623869460000,39.22200000,39.26000000,39.20300000,39.23900000,2419.52400000,1623869519999,94950.99833800,100,2018.29600000,79213.77654600,0
1623869520000,39.24000000,39.28800000,39.20400000,39.22700000,2008.08500000,1623869579999,78804.79216000,133,716.48300000,28120.58789600,0
1623869580000,39.24300000,39.26800000,39.22300000,39.24400000,742.25600000,1623869639999,29133.74960800,84,330.88000000,12987.56813800,0
1623869640000,39.25900000,39.39000000,39.25900000,39.36400000,2151.71200000,1623869699999,84650.91980900,304,1123.35200000,44200.82142900,0
1623869700000,39.37000000,39.39900000,39.28000000,39.38600000,1615.97900000,1623869759999,63577.66038400,174,923.67600000,36351.03829600,0
1623869760000,39.39100000,39.44200000,39.36100000,39.44200000,807.97700000,1623869819999,31832.77009700,151,406.49100000,16017.61109200,0
1623869820000,39.43700000,39.52200000,39.42700000,39.52200000,5882.52000000,1623869879999,232277.23060800,327,2990.79000000,118081.73184700,0
1623869880000,39.51700000,39.58800000,39.50000000,39.52500000,2453.72100000,1623869939999,97029.66557400,229,1030.94500000,40766.86608800,0
1623869940000,39.55100000,39.58200000,39.50500000,39.56500000,1688.04700000,1623869999999,66759.20731300,138,1268.04800000,50154.32937600,0
1623870000000,39.56500000,39.57300000,39.46700000,39.55600000,4826.55600000,1623870059999,190711.16382400,260,1112.87700000,43966.64774400,0
1623870060000,39.54000000,39.85000000,39.52900000,39.68000000,13816.57400000,1623870119999,548515.04689600,968,8042.13600000,319183.49324200,0
1623870120000,39.70000000,39.82000000,39.63200000,39.79400000,6019.52700000,1623870179999,239317.27535400,397,3862.74600000,153559.44455900,0
1623870180000,39.80000000,39.85600000,39.74700000,39.78000000,3451.48500000,1623870239999,137341.80924500,225,588.69200000,23438.32655500,0
1623870240000,39.75800000,39.76100000,39.55500000,39.61400000,3581.18900000,1623870299999,142013.77417300,286,969.14000000,38420.42658900,0
1623870300000,39.60200000,39.69600000,39.54400000,39.67500000,3394.22600000,1623870359999,134458.56878000,199,1318.22100000,52223.44395000,0
1623870360000,39.69100000,39.75200000,39.68300000,39.68500000,1607.86700000,1623870419999,63849.50739900,130,953.65500000,37871.28395900,0
1623870420000,39.69400000,39.72700000,39.69000000,39.72500000,702.27100000,1623870479999,27886.23680100,82,506.61900000,20118.24747300,0
1623870480000,39.71400000,39.73300000,39.69600000,39.72000000,2836.67800000,1623870539999,112679.50161100,104,2428.86500000,96485.47603800,0
1623870540000,39.70500000,39.76600000,39.69000000,39.75900000,2429.49900000,1623870599999,96513.32428500,152,1353.92500000,53795.08028200,0
1623870600000,39.75900000,39.75900000,39.64800000,39.75100000,3672.91900000,1623870659999,145844.33191800,210,2150.25600000,85401.03943800,0
1623870660000,39.73300000,39.75300000,39.48900000,39.64100000,9687.04800000,1623870719999,383651.58765500,662,3289.63400000,130271.03704100,0
1623870720000,39.66100000,39.70700000,39.58200000,39.64500000,2450.69200000,1623870779999,97134.24160900,184,1494.74500000,59257.11505300,0
1623870780000,39.63200000,39.63200000,39.54200000,39.55300000,8335.31400000,1623870839999,329786.40953500,195,4532.84300000,179286.14241800,0
1623870840000,39.54600000,39.54800000,39.46700000,39.50500000,3601.95800000,1623870899999,142240.56236900,162,700.70300000,27671.82599100,0
1623870900000,39.52000000,39.53500000,39.45100000,39.47200000,1748.26200000,1623870959999,69027.84057000,172,541.14300000,21368.67314500,0
1623870960000,39.47800000,39.65300000,39.47800000,39.62100000,1256.51700000,1623871019999,49682.58515700,137,937.85300000,37087.74429400,0
1623871020000,39.64800000,39.68800000,39.57200000,39.65900000,2776.16800000,1623871079999,110055.53457100,186,1692.79500000,67122.90225000,0
1623871080000,39.66900000,39.69600000,39.63700000,39.69200000,1111.52000000,1623871139999,44095.11852600,102,510.21100000,20243.20824800,0
1623871140000,39.69600000,39.71100000,39.67000000,39.68600000,831.72600000,1623871199999,33011.19708700,113,265.09200000,10522.51651900,0
1623871200000,39.68600000,39.70500000,39.67200000,39.69500000,355.65900000,1623871259999,14116.50343300,46,199.17100000,7905.80970900,0
1623871260000,39.69200000,39.71500000,39.68200000,39.69200000,502.92400000,1623871319999,19967.48611000,77,205.90300000,8175.62891800,0
1623871320000,39.69400000,39.74700000,39.68200000,39.73700000,2335.77800000,1623871379999,92755.91002600,127,1109.64900000,44077.81557100,0
1623871380000,39.73800000,39.80000000,39.71500000,39.75400000,2980.43600000,1623871439999,118527.16897700,180,2719.37100000,108153.38055100,0
1623871440000,39.77100000,39.84400000,39.73900000,39.82000000,2288.53200000,1623871499999,91065.59215100,224,1077.76400000,42901.87787100,0
1623871500000,39.82000000,39.84000000,39.80000000,39.83200000,1275.45200000,1623871559999,50797.71001500,109,799.11000000,31828.71022800,0
1623871560000,39.83600000,39.84800000,39.81200000,39.84800000,1227.17900000,1623871619999,48881.51486700,114,792.28100000,31559.59381900,0
1623871620000,39.84200000,39.86800000,39.81400000,39.83300000,1172.82900000,1623871679999,46729.49486000,132,544.54300000,21698.95108500,0
1623871680000,39.83300000,39.83300000,39.75100000,39.77800000,2188.65900000,1623871739999,87117.38885500,166,918.77500000,36583.30349800,0
1623871740000,39.77000000,39.77000000,39.68300000,39.71800000,1872.13300000,1623871799999,74392.90845400,189,510.35400000,20280.54204600,0
1623871800000,39.73700000,39.75000000,39.71200000,39.72200000,425.02700000,1623871859999,16888.84818200,60,313.52200000,12459.28759300,0
1623871860000,39.71800000,39.73500000,39.66600000,39.68500000,1239.80200000,1623871919999,49206.51995300,122,735.19800000,29182.80933700,0
1623871920000,39.68400000,39.73300000,39.64500000,39.68800000,2818.07600000,1623871979999,111860.98376000,133,2290.53800000,90931.42697700,0
1623871980000,39.67800000,39.68100000,39.64000000,39.64000000,1466.89700000,1623872039999,58184.18601700,92,725.88400000,28794.62515500,0
1623872040000,39.64600000,39.69900000,39.62700000,39.69900000,1992.41400000,1623872099999,79022.67354300,106,1032.13700000,40949.57011200,0
1623872100000,39.70000000,39.70000000,39.63100000,39.67000000,949.25900000,1623872159999,37654.98239700,75,582.07400000,23094.00169500,0
1623872160000,39.67500000,39.68600000,39.65500000,39.66400000,241.88400000,1623872219999,9596.04523900,43,27.51300000,1091.67634500,0
1623872220000,39.66200000,39.68900000,39.62600000,39.67800000,1769.24900000,1623872279999,70165.69806400,87,643.12700000,25512.11456200,0
1623872280000,39.67700000,39.68900000,39.64700000,39.66700000,1298.23800000,1623872339999,51507.21234400,82,852.18000000,33809.21446100,0
1623872340000,39.66700000,39.69000000,39.66600000,39.68700000,1425.51700000,1623872399999,56574.30599600,72,1068.47600000,42406.34230500,0
1623872400000,39.68700000,39.73500000,39.68700000,39.70200000,1697.86400000,1623872459999,67406.62023600,96,1139.49000000,45232.36555800,0
1623872460000,39.71000000,39.71200000,39.66700000,39.69900000,328.32500000,1623872519999,13032.26530800,37,148.82700000,5907.85838700,0
1623872520000,39.67600000,39.67600000,39.62100000,39.63900000,637.97000000,1623872579999,25292.19741100,77,194.47900000,7710.55091100,0
1623872580000,39.64000000,39.67000000,39.60500000,39.65000000,1961.44500000,1623872639999,77749.82896300,98,852.38800000,33792.34176400,0
1623872640000,39.67000000,39.68000000,39.63200000,39.63300000,1519.34300000,1623872699999,60239.85249800,101,1056.66100000,41896.24255600,0
1623872700000,39.63300000,39.63300000,39.56700000,39.56800000,2311.63600000,1623872759999,91543.01640800,147,488.77400000,19350.19644900,0
1623872760000,39.56800000,39.59900000,39.52800000,39.53100000,2416.32800000,1623872819999,95590.76306000,229,828.47700000,32785.53625800,0
1623872820000,39.53100000,39.54000000,39.46000000,39.46100000,1393.33300000,1623872879999,55034.78134600,175,345.86500000,13659.52401800,0
1623872880000,39.47200000,39.55800000,39.43200000,39.53200000,1962.03200000,1623872939999,77492.16893000,188,1399.58400000,55292.11601300,0
1623872940000,39.54400000,39.54400000,39.46900000,39.49800000,1128.86900000,1623872999999,44588.74160000,119,725.07700000,28637.91792100,0
1623873000000,39.49800000,39.56300000,39.48800000,39.56300000,1191.56300000,1623873059999,47082.83076100,110,1008.36300000,39844.63524300,0
1623873060000,39.55300000,39.59200000,39.52100000,39.57200000,1529.28600000,1623873119999,60492.52592900,154,719.52800000,28464.14827700,0
1623873120000,39.57200000,39.59900000,39.51300000,39.53400000,1013.71300000,1623873179999,40096.14881000,117,283.75000000,11230.77177000,0
1623873180000,39.53500000,39.57200000,39.53300000,39.55800000,831.36900000,1623873239999,32883.90874500,111,409.34100000,16193.31936400,0
1623873240000,39.54400000,39.55800000,39.49700000,39.53400000,1122.98500000,1623873299999,44391.81482400,123,607.48100000,24017.58167500,0
1623873300000,39.54600000,39.55000000,39.51800000,39.53900000,524.39100000,1623873359999,20733.00795800,56,286.11500000,11313.67496400,0
1623873360000,39.53800000,39.56400000,39.52100000,39.55600000,1915.59400000,1623873419999,75744.81684000,101,1176.62100000,46529.61672800,0
1623873420000,39.54900000,39.56000000,39.51300000,39.52700000,1320.91000000,1623873479999,52236.62001300,91,724.18900000,28640.93905000,0
1623873480000,39.52700000,39.54300000,39.50700000,39.53400000,866.06000000,1623873539999,34232.74864700,82,396.90900000,15691.03741300,0
1623873540000,39.53400000,39.53500000,39.48000000,39.49900000,1722.17600000,1623873599999,68041.20934100,93,300.06700000,11855.72246800,0
1623873600000,39.49900000,39.51400000,39.41500000,39.43800000,2472.32600000,1623873659999,97558.36715900,201,1438.68900000,56773.00536300,0
1623873660000,39.42800000,39.46900000,39.39400000,39.44000000,3143.91900000,1623873719999,123917.70050900,203,1402.46800000,55293.43762000,0
1623873720000,39.44000000,39.51200000,39.43600000,39.48700000,2352.97700000,1623873779999,92905.30977000,121,1539.74000000,60793.88245900,0
1623873780000,39.50400000,39.55300000,39.48800000,39.51700000,2296.84800000,1623873839999,90783.49047200,118,1628.27600000,64359.30196500,0
1623873840000,39.51700000,39.56200000,39.48500000,39.52400000,1362.49400000,1623873899999,53845.01362900,116,858.37600000,33927.22711100,0
1623873900000,39.51000000,39.52300000,39.48500000,39.51200000,1089.88600000,1623873959999,43049.31904000,79,586.68100000,23173.35091400,0
1623873960000,39.51500000,39.66100000,39.48300000,39.57400000,6425.59700000,1623874019999,254263.55827300,402,2840.98100000,112425.79313000,0
1623874020000,39.56200000,39.61500000,39.54000000,39.56500000,1663.28700000,1623874079999,65815.91881500,128,927.92600000,36714.94585900,0
1623874080000,39.56400000,39.65000000,39.56400000,39.65000000,1321.85000000,1623874139999,52346.05385500,99,1084.79900000,42959.11463200,0
1623874140000,39.62200000,39.62200000,39.55900000,39.59500000,1044.37800000,1623874199999,41350.02784300,104,521.37400000,20646.32871800,0
1623874200000,39.59500000,39.59500000,39.35000000,39.38500000,3562.20000000,1623874259999,140547.26367900,329,1589.01200000,62687.35915100,0
1623874260000,39.38300000,39.51900000,39.36200000,39.45400000,1419.50300000,1623874319999,55995.79067000,123,979.49300000,38636.57076300,0
1623874320000,39.43600000,39.46800000,39.37000000,39.45100000,1644.50900000,1623874379999,64794.50359600,143,607.38400000,23938.31604500,0
1623874380000,39.46200000,39.50000000,39.41000000,39.44000000,2730.66300000,1623874439999,107722.04125100,186,1492.73900000,58900.54493700,0
1623874440000,39.44500000,39.57000000,39.43000000,39.57000000,963.37100000,1623874499999,38057.95498000,91,755.88700000,29870.94953100,0
1623874500000,39.55400000,39.68500000,39.50500000,39.65400000,3677.60400000,1623874559999,145674.72004000,310,2353.58600000,93248.00202800,0
1623874560000,39.65800000,39.65900000,39.57600000,39.62700000,1835.87200000,1623874619999,72713.10582100,154,1052.16100000,41677.91937900,0
1623874620000,39.61600000,39.65900000,39.57700000,39.57900000,935.67500000,1623874679999,37059.64885600,92,797.93100000,31604.64228200,0
1623874680000,39.60300000,39.62300000,39.46500000,39.47600000,3219.75500000,1623874739999,127336.47613900,206,1422.69200000,56265.27676700,0
1623874740000,39.47700000,39.48500000,39.37500000,39.37700000,3436.48000000,1623874799999,135464.60621500,220,1530.22900000,60332.63385400,0
1623874800000,39.37700000,39.45600000,39.30700000,39.38200000,4027.08900000,1623874859999,158546.71875300,281,3157.65400000,124324.41482000,0
1623874860000,39.38200000,39.38600000,39.25000000,39.33000000,3520.22200000,1623874919999,138265.65484900,234,734.55600000,28851.39972500,0
1623874920000,39.31200000,39.41300000,39.24000000,39.39700000,2340.72000000,1623874979999,91927.40391800,152,1202.93600000,47253.08084700,0
1623874980000,39.39900000,39.39900000,39.32200000,39.38700000,255.90100000,1623875039999,10071.84618600,55,139.35600000,5485.68903800,0
1623875040000,39.36400000,39.36400000,39.31300000,39.33400000,801.24200000,1623875099999,31524.98588200,75,150.81900000,5932.22802900,0
1623875100000,39.32900000,39.38900000,39.29000000,39.36300000,2352.80100000,1623875159999,92570.79946800,112,1730.65300000,68098.80419800,0
1623875160000,39.36400000,39.43300000,39.35400000,39.42400000,892.13900000,1623875219999,35154.56287100,92,290.11100000,11434.03822000,0
1623875220000,39.42200000,39.47500000,39.34600000,39.34600000,1583.05200000,1623875279999,62398.71425500,135,264.00500000,10414.48817300,0
1623875280000,39.36400000,39.37400000,39.30000000,39.37000000,825.28300000,1623875339999,32457.58663200,76,194.83400000,7666.17726600,0
1623875340000,39.36900000,39.43300000,39.33500000,39.35000000,1929.17500000,1623875399999,76024.50458500,107,819.80700000,32311.31919900,0
1623875400000,39.33200000,39.33200000,39.26400000,39.30000000,3598.69000000,1623875459999,141402.52228700,120,228.33900000,8972.83225300,0
1623875460000,39.30300000,39.37000000,39.30300000,39.35400000,486.45200000,1623875519999,19141.92249800,50,393.43200000,15482.17791000,0
1623875520000,39.35300000,39.41800000,39.34800000,39.36200000,1284.66300000,1623875579999,50592.82606200,104,457.64000000,18018.26105700,0
1623875580000,39.38300000,39.41000000,39.31700000,39.37700000,1606.29500000,1623875639999,63224.69496100,110,671.50300000,26430.51302400,0
1623875640000,39.37600000,39.37800000,39.28000000,39.32700000,750.67400000,1623875699999,29519.44007700,71,256.64200000,10098.80174300,0
1623875700000,39.33100000,39.43100000,39.33000000,39.41800000,1497.32100000,1623875759999,58996.79007200,111,1133.50400000,44666.46015900,0
1623875760000,39.41000000,39.41000000,39.30100000,39.31100000,938.97500000,1623875819999,36959.84848200,78,470.01200000,18512.96126200,0
1623875820000,39.31100000,39.33800000,39.26500000,39.31400000,597.92200000,1623875879999,23505.62741800,74,200.15100000,7869.76471200,0
1623875880000,39.32300000,39.33200000,39.21600000,39.23700000,1033.63700000,1623875939999,40578.62648700,156,232.17200000,9113.36450300,0
1623875940000,39.25100000,39.27300000,39.17600000,39.27300000,1418.63600000,1623875999999,55636.12074600,177,651.20600000,25547.74531400,0
1623876000000,39.27200000,39.31200000,39.25400000,39.27700000,711.59800000,1623876059999,27956.05511400,82,318.78900000,12526.50464500,0
1623876060000,39.27100000,39.34600000,39.22200000,39.22700000,1342.01800000,1623876119999,52715.34168100,141,736.61300000,28938.12820200,0
1623876120000,39.25400000,39.32700000,39.25400000,39.30300000,1274.69900000,1623876179999,50097.99106300,68,1098.76700000,43184.74187500,0
1623876180000,39.30300000,39.34900000,39.25000000,39.34900000,414.60100000,1623876239999,16289.82603300,66,85.00000000,3340.56662600,0
1623876240000,39.34200000,39.34200000,39.27100000,39.33300000,869.74500000,1623876299999,34190.63001700,69,248.58900000,9770.30708800,0
1623876300000,39.31300000,39.37400000,39.25500000,39.37400000,741.58700000,1623876359999,29153.77876300,86,468.29100000,18415.27178300,0
1623876360000,39.38100000,39.46000000,39.38100000,39.39700000,1359.32400000,1623876419999,53590.87218700,153,759.36300000,29937.50889400,0
1623876420000,39.42400000,39.47000000,39.39100000,39.39100000,1087.21100000,1623876479999,42871.30724700,88,229.68100000,9059.05146100,0
1623876480000,39.38900000,39.45000000,39.38900000,39.44900000,361.51100000,1623876539999,14257.30302000,31,112.98100000,4454.34085700,0
1623876540000,39.44200000,39.47800000,39.42800000,39.42900000,1405.30300000,1623876599999,55450.04263600,129,702.49400000,27722.14873100,0
1623876600000,39.42400000,39.55300000,39.41400000,39.51400000,820.85500000,1623876659999,32420.40432100,172,685.58200000,27080.68433500,0
1623876660000,39.55000000,39.55000000,39.47700000,39.49500000,421.78400000,1623876719999,16665.87166600,60,84.56800000,3342.39036100,0
1623876720000,39.51500000,39.62200000,39.50100000,39.57600000,1041.95400000,1623876779999,41228.35012400,195,660.59700000,26134.57321600,0
1623876780000,39.57400000,39.57400000,39.48800000,39.52800000,292.32500000,1623876839999,11561.02401100,48,76.71800000,3032.61982200,0
1623876840000,39.51100000,39.51500000,39.44300000,39.46300000,599.43200000,1623876899999,23660.31419900,51,431.99300000,17054.00889600,0
1623876900000,39.47400000,39.51200000,39.42900000,39.44000000,1285.96500000,1623876959999,50758.99903700,108,963.89900000,38048.10349400,0
1623876960000,39.43700000,39.43700000,39.34900000,39.39300000,1128.81900000,1623877019999,44463.92614400,155,419.62400000,16528.99992900,0
1623877020000,39.40800000,39.42700000,39.35800000,39.41900000,450.36000000,1623877079999,17735.61442500,68,218.59300000,8609.95004500,0
1623877080000,39.42300000,39.43700000,39.33200000,39.35000000,1314.86500000,1623877139999,51783.58244100,143,260.32900000,10248.04785700,0
1623877140000,39.34700000,39.36400000,39.29600000,39.31500000,1354.44000000,1623877199999,53259.25375100,128,284.18700000,11174.81456100,0
1623877200000,39.30100000,39.31500000,39.26500000,39.31500000,790.43800000,1623877259999,31051.48575500,105,344.23300000,13525.05320700,0
1623877260000,39.31300000,39.37900000,39.28700000,39.37600000,1566.67000000,1623877319999,61595.01172700,93,1269.52900000,49916.20872300,0
1623877320000,39.38000000,39.43700000,39.27700000,39.29800000,579.94000000,1623877379999,22823.87087700,65,144.84700000,5704.96546500,0
1623877380000,39.31000000,39.34700000,39.24700000,39.24900000,1554.86500000,1623877439999,61073.22565500,103,587.47400000,23079.25024800,0
1623877440000,39.26600000,39.26600000,39.23600000,39.26600000,1395.32000000,1623877499999,54752.98789900,75,1216.09300000,47718.48196600,0
1623877500000,39.25000000,39.26600000,39.21600000,39.26600000,1090.75700000,1623877559999,42800.56206200,90,450.57700000,17677.63717700,0
1623877560000,39.26600000,39.29900000,39.23600000,39.26000000,1312.83800000,1623877619999,51546.53092400,84,641.82100000,25202.29608700,0
1623877620000,39.24200000,39.24200000,39.20000000,39.20800000,2118.66300000,1623877679999,83114.43636700,144,251.91200000,9882.36195400,0
1623877680000,39.22800000,39.22800000,39.13300000,39.19100000,1010.58300000,1623877739999,39587.14613400,171,184.63400000,7231.96418700,0
1623877740000,39.19900000,39.25900000,39.19900000,39.24000000,1585.45000000,1623877799999,62184.62374100,87,1183.73100000,46420.68809800,0
1623877800000,39.23400000,39.26000000,39.22800000,39.25400000,322.42600000,1623877859999,12653.87854400,36,221.05900000,8676.20152900,0
1623877860000,39.25400000,39.30600000,39.23500000,39.29300000,2881.31300000,1623877919999,113156.19317900,96,920.86600000,36175.45431300,0
1623877920000,39.29400000,39.37600000,39.29400000,39.33900000,856.41300000,1623877979999,33698.52465100,119,499.66800000,19660.36071900,0
1623877980000,39.34000000,39.34000000,39.26900000,39.32900000,1693.84800000,1623878039999,66555.61301900,66,697.56900000,27403.65430400,0
1623878040000,39.30400000,39.32900000,39.30100000,39.31400000,1146.08900000,1623878099999,45047.01531300,53,155.60400000,6116.21966100,0
1623878100000,39.31400000,39.33200000,39.28900000,39.33200000,386.29300000,1623878159999,15184.41893500,27,139.34200000,5479.20328400,0
1623878160000,39.34100000,39.42500000,39.33200000,39.42300000,888.44000000,1623878219999,34977.21653600,85,431.90300000,17015.01014000,0
1623878220000,39.41300000,39.42600000,39.37700000,39.39300000,1691.15200000,1623878279999,66634.13995800,89,604.32500000,23813.97035700,0
1623878280000,39.39300000,39.42200000,39.39200000,39.40000000,675.83300000,1623878339999,26630.71374100,62,82.08400000,3234.66312500,0
1623878340000,39.40400000,39.43100000,39.40100000,39.41100000,625.59300000,1623878399999,24654.65992000,33,598.26500000,23577.71658200,0
1623878400000,39.41100000,39.43200000,39.40000000,39.43200000,824.50900000,1623878459999,32494.18628200,53,42.18400000,1662.57646100,0
1623878460000,39.41800000,39.47500000,39.41800000,39.45000000,932.36700000,1623878519999,36770.54957100,81,734.03100000,28946.56554700,0
1623878520000,39.46200000,39.50000000,39.45000000,39.49000000,431.38300000,1623878579999,17029.34635200,73,145.76600000,5755.93532500,0
1623878580000,39.49000000,39.53800000,39.49000000,39.53000000,715.13300000,1623878639999,28261.70848400,120,543.91100000,21494.22162100,0
1623878640000,39.52300000,39.55500000,39.45400000,39.45600000,1168.49800000,1623878699999,46176.16209800,111,135.92500000,5374.65965600,0
1623878700000,39.48700000,39.53000000,39.43000000,39.50800000,666.48000000,1623878759999,26308.69004100,70,425.09400000,16780.53849400,0
1623878760000,39.51000000,39.53300000,39.50200000,39.53300000,140.40800000,1623878819999,5548.04385600,26,66.05800000,2610.54910400,0
1623878820000,39.53000000,39.53300000,39.50200000,39.52600000,585.50000000,1623878879999,23140.51857900,51,75.53800000,2985.67566100,0
1623878880000,39.52600000,39.53300000,39.42900000,39.44500000,743.66400000,1623878939999,29351.23609100,70,475.55700000,18764.11039000,0
1623878940000,39.42900000,39.56500000,39.42300000,39.54600000,6216.56600000,1623878999999,245542.43286900,194,4862.11800000,192037.47178000,0
1623879000000,39.54600000,39.60000000,39.54600000,39.59900000,1345.77800000,1623879059999,53271.23326500,139,1028.95400000,40732.96600100,0
1623879060000,39.57500000,39.60500000,39.57500000,39.59900000,206.38700000,1623879119999,8172.94680300,34,189.60100000,7508.29464900,0
1623879120000,39.59900000,39.61200000,39.59200000,39.59500000,879.64700000,1623879179999,34837.24160800,53,328.30600000,13003.82789400,0
1623879180000,39.61200000,39.63000000,39.57100000,39.61800000,2248.40600000,1623879239999,89090.82831700,79,1104.07400000,43745.59099100,0
1623879240000,39.60500000,39.61300000,39.58700000,39.60000000,315.55700000,1623879299999,12495.08853800,34,180.01800000,7128.67036600,0
1623879300000,39.58900000,39.63100000,39.58900000,39.62400000,156.95600000,1623879359999,6216.73044600,20,89.84200000,3558.13779600,0
1623879360000,39.62500000,39.69200000,39.62500000,39.68800000,1156.69900000,1623879419999,45885.21778800,163,484.26100000,19211.86378000,0
1623879420000,39.68800000,39.70000000,39.65200000,39.70000000,1477.35400000,1623879479999,58628.38549300,106,838.17600000,33268.80921700,0
1623879480000,39.70000000,39.74700000,39.66800000,39.74500000,2740.77700000,1623879539999,108817.84310800,191,1506.04000000,59813.77550600,0
1623879540000,39.74400000,39.91200000,39.74400000,39.91200000,12025.68600000,1623879599999,478933.20698000,624,6761.91700000,269369.20049300,0
1623879600000,39.89600000,39.92300000,39.85000000,39.85000000,3728.26000000,1623879659999,148661.15766700,255,676.62600000,27000.38224600,0
1623879660000,39.85000000,39.87900000,39.85000000,39.85000000,5146.59800000,1623879719999,205109.85773800,183,839.94900000,33487.19550100,0
1623879720000,39.85000000,39.86700000,39.80000000,39.80100000,10670.84500000,1623879779999,425100.64153300,330,877.47300000,34958.25868100,0
1623879780000,39.80000000,39.81600000,39.80000000,39.80300000,1220.60900000,1623879839999,48584.47687900,123,404.11500000,16086.76121900,0
1623879840000,39.80100000,39.87800000,39.80000000,39.86800000,8011.43100000,1623879899999,319166.26113000,317,2387.87800000,95129.59252800,0
1623879900000,39.85600000,39.88700000,39.85000000,39.88200000,1221.72700000,1623879959999,48706.44700600,147,615.43400000,24541.77896100,0
1623879960000,39.85700000,39.88900000,39.85000000,39.85500000,3461.37300000,1623880019999,137954.92208500,164,578.29800000,23058.18831600,0
1623880020000,39.88000000,39.94800000,39.85500000,39.92700000,1134.65300000,1623880079999,45295.83384200,167,787.64400000,31444.01445300,0
1623880080000,39.92700000,39.95100000,39.91100000,39.95000000,1475.55200000,1623880139999,58914.93654200,149,681.89500000,27233.66287800,0
1623880140000,39.93600000,40.32600000,39.93200000,40.29000000,24514.77300000,1623880199999,983056.73792200,1945,15000.53800000,601156.34832400,0
1623880200000,40.29000000,40.29200000,40.20000000,40.24300000,7049.51700000,1623880259999,283576.85056100,822,2185.76900000,87966.11796000,0
1623880260000,40.24000000,40.29500000,40.24000000,40.27000000,3669.30800000,1623880319999,147746.25432200,179,1715.04400000,69055.02811800,0
1623880320000,40.27100000,40.28600000,40.20000000,40.20000000,3435.89400000,1623880379999,138262.58756100,222,948.54500000,38185.23473500,0
1623880380000,40.20000000,40.33800000,40.20000000,40.33800000,2287.25300000,1623880439999,92131.92551700,200,1764.72100000,71102.93136800,0
1623880440000,40.33800000,40.40400000,40.31600000,40.38200000,5097.45400000,1623880499999,205781.41938600,550,2873.88800000,116036.72697200,0
1623880500000,40.35600000,40.44000000,40.30000000,40.42900000,9769.87600000,1623880559999,394570.21749500,541,3182.60700000,128537.91013700,0
1623880560000,40.41300000,40.49600000,40.40000000,40.49500000,6090.96600000,1623880619999,246361.94263000,596,2841.16400000,114915.88926900,0
1623880620000,40.49500000,40.51200000,40.45000000,40.46100000,6488.52300000,1623880679999,262724.13092600,423,3735.19600000,151265.32174300,0
1623880680000,40.47400000,40.52300000,40.45000000,40.49600000,4948.62100000,1623880739999,200319.21560600,386,3230.00800000,130789.00261100,0
1623880740000,40.48400000,40.48400000,40.23700000,40.26900000,19703.07500000,1623880799999,796220.35536900,1147,4461.58600000,180158.83639500,0
1623880800000,40.27100000,40.39700000,40.25700000,40.39700000,3501.43600000,1623880859999,141237.66088400,495,1884.80900000,76051.21174500,0
1623880860000,40.39700000,40.50400000,40.38500000,40.50300000,2824.18000000,1623880919999,114315.36088400,239,1536.76800000,62204.90043000,0
1623880920000,40.49800000,40.52400000,40.45000000,40.47000000,5617.24400000,1623880979999,227460.88571400,331,3032.31800000,122807.56448800,0
1623880980000,40.47000000,40.52300000,40.45000000,40.50600000,2407.70700000,1623881039999,97460.30191900,270,1294.24500000,52403.13027100,0
1623881040000,40.50200000,40.52000000,40.45000000,40.45000000,4933.38600000,1623881099999,199575.78223500,221,267.63900000,10834.12645200,0
1623881100000,40.45000000,40.45800000,40.26400000,40.34500000,6510.75500000,1623881159999,262938.73916900,416,912.95000000,36842.83365000,0
1623881160000,40.34500000,40.35400000,40.14800000,40.17800000,2880.38600000,1623881219999,115916.35754900,418,1010.74200000,40673.52529800,0
1623881220000,40.21600000,40.25000000,40.06000000,40.07900000,9330.72500000,1623881279999,374998.26873100,456,6549.35700000,263289.71881800,0
1623881280000,40.07900000,40.17500000,40.06600000,40.13100000,3816.85700000,1623881339999,153115.10894200,195,1363.05100000,54703.26386900,0
1623881340000,40.12800000,40.18600000,40.11100000,40.15800000,1427.49000000,1623881399999,57310.18953900,136,843.04700000,33847.33367300,0
1623881400000,40.15700000,40.23800000,40.13700000,40.15400000,2443.45200000,1623881459999,98197.73945700,183,1544.76700000,62069.99303700,0
1623881460000,40.13900000,40.17000000,40.04600000,40.13700000,2807.16200000,1623881519999,112557.83595900,256,698.63200000,28022.85187800,0
1623881520000,40.14600000,40.16600000,40.08000000,40.09700000,1045.76900000,1623881579999,41986.97077700,148,391.74000000,15728.39677100,0
1623881580000,40.08800000,40.09700000,39.99300000,40.06400000,3528.09600000,1623881639999,141236.49280900,343,1738.77300000,69611.07414200,0
1623881640000,40.07900000,40.07900000,39.98300000,40.03700000,2310.67400000,1623881699999,92503.26226200,128,1531.42800000,61302.53801100,0
1623881700000,40.03100000,40.03100000,39.80000000,39.89800000,6741.59000000,1623881759999,268904.43157300,560,2942.25700000,117354.20604700,0
1623881760000,39.88800000,39.95300000,39.84400000,39.86100000,3140.03400000,1623881819999,125278.16550600,156,2126.95200000,84873.64401600,0
1623881820000,39.87900000,39.89600000,39.76100000,39.77300000,890.53300000,1623881879999,35476.74108900,174,382.59500000,15243.26109000,0
1623881880000,39.76400000,39.86400000,39.69200000,39.72400000,5641.84800000,1623881939999,224203.13377500,390,1259.42100000,50057.11298200,0
1623881940000,39.74800000,39.77300000,39.70000000,39.74000000,1570.01000000,1623881999999,62373.83627800,88,520.40500000,20683.18160500,0
1623882000000,39.73900000,39.85000000,39.73100000,39.83900000,2354.62800000,1623882059999,93641.22412200,130,2049.76900000,81515.10795600,0
1623882060000,39.83900000,39.89700000,39.82300000,39.85900000,1062.58800000,1623882119999,42361.52351600,136,566.25200000,22574.05746100,0
1623882120000,39.85000000,39.93100000,39.85000000,39.87500000,1609.66100000,1623882179999,64218.79668100,138,329.76900000,13157.04139300,0
1623882180000,39.89000000,39.93400000,39.81800000,39.93300000,446.56800000,1623882239999,17808.74666500,67,257.45500000,10270.34354900,0
1623882240000,39.93300000,39.93400000,39.85200000,39.85900000,2423.60700000,1623882299999,96684.13571200,132,1817.99400000,72521.54202300,0
1623882300000,39.85900000,39.93400000,39.85100000,39.89900000,1704.67500000,1623882359999,68028.99059300,104,1080.07700000,43103.23533200,0
1623882360000,39.89200000,39.89200000,39.61600000,39.63700000,12988.35900000,1623882419999,516046.55553900,501,6115.61900000,242900.22036800,0
1623882420000,39.63700000,39.66700000,39.58000000,39.59000000,4518.58500000,1623882479999,179016.49864000,310,1368.01600000,54201.83796800,0
1623882480000,39.59000000,39.65700000,39.55900000,39.61800000,5174.88200000,1623882539999,204896.64673000,270,4266.72500000,168948.67954000,0
1623882540000,39.61800000,39.61800000,39.52700000,39.53900000,1368.16500000,1623882599999,54119.22523000,178,424.68100000,16796.25699600,0
1623882600000,39.53900000,39.67300000,39.52700000,39.63800000,3125.86600000,1623882659999,123834.05569600,165,2770.04500000,109738.07198600,0
1623882660000,39.63800000,39.66000000,39.56300000,39.57400000,4018.50100000,1623882719999,159197.38449400,121,3140.02200000,124402.42135500,0
1623882720000,39.58100000,39.63100000,39.51100000,39.55900000,2489.52000000,1623882779999,98527.97762800,169,1121.50200000,44388.96341000,0
1623882780000,39.57400000,39.59200000,39.51300000,39.55900000,451.32000000,1623882839999,17854.67714100,57,235.69000000,9324.52454000,0
1623882840000,39.55600000,39.59800000,39.54300000,39.59700000,351.45100000,1623882899999,13906.13740000,54,230.58200000,9124.09938900,0
1623882900000,39.58500000,39.59100000,39.55000000,39.59100000,752.20300000,1623882959999,29772.42016400,59,529.45400000,20957.66867100,0
1623882960000,39.59000000,39.60600000,39.50100000,39.53100000,1281.11100000,1623883019999,50681.84911400,124,758.22500000,29999.86529400,0
1623883020000,39.53100000,39.53300000,39.48400000,39.50600000,2847.51200000,1623883079999,112464.78799000,169,523.59000000,20687.64716100,0
1623883080000,39.50700000,39.53900000,39.50000000,39.53300000,495.57900000,1623883139999,19585.94539400,42,447.86400000,17700.26953300,0
1623883140000,39.53200000,39.53200000,39.40000000,39.40000000,2566.15000000,1623883199999,101275.57051400,307,515.87400000,20367.00225200,0
1623883200000,39.40000000,39.49300000,39.36000000,39.36000000,2196.73400000,1623883259999,86569.67126000,239,1238.37100000,48814.64005900,0
1623883260000,39.35700000,39.36700000,39.21500000,39.27100000,2796.92500000,1623883319999,109842.53379400,463,1421.82000000,55842.39965800,0
1623883320000,39.27300000,39.35500000,39.23000000,39.24600000,1748.97000000,1623883379999,68682.33869300,113,652.31900000,25618.35743800,0
1623883380000,39.24500000,39.27500000,39.18600000,39.19500000,1549.52900000,1623883439999,60784.44395400,195,837.43800000,32855.96473600,0
1623883440000,39.18500000,39.19700000,39.08600000,39.19400000,4588.87800000,1623883499999,179596.82164300,466,1647.78000000,64474.22735300,0
1623883500000,39.19400000,39.28600000,39.16000000,39.28600000,1729.54300000,1623883559999,67798.09325300,171,647.04200000,25388.48991700,0
1623883560000,39.28900000,39.36500000,39.27600000,39.35800000,1498.52700000,1623883619999,58917.12905700,437,967.11000000,38030.36383300,0
1623883620000,39.35700000,39.42100000,39.33300000,39.42100000,3411.80700000,1623883679999,134399.26337400,172,566.38400000,22309.57947300,0
1623883680000,39.40200000,39.45400000,39.38600000,39.43700000,602.07600000,1623883739999,23735.41123300,117,411.41600000,16221.18068200,0
1623883740000,39.40500000,39.44000000,39.34300000,39.38100000,730.04400000,1623883799999,28780.81747000,55,577.92700000,22787.29952600,0
1623883800000,39.38200000,39.38200000,39.26500000,39.27100000,1038.58100000,1623883859999,40810.73924700,83,578.51500000,22729.17116800,0
1623883860000,39.27400000,39.37300000,39.23500000,39.36500000,1010.55400000,1623883919999,39724.59789700,87,856.94500000,33689.33505600,0
1623883920000,39.36100000,39.37500000,39.25900000,39.25900000,852.26100000,1623883979999,33504.55577600,59,159.20800000,6266.53127600,0
1623883980000,39.25700000,39.35000000,39.25500000,39.31500000,535.59500000,1623884039999,21049.08595500,60,361.11700000,14195.48632000,0
1623884040000,39.34000000,39.38100000,39.31300000,39.38100000,439.32100000,1623884099999,17292.99640500,41,388.74200000,15302.47433600,0
1623884100000,39.38600000,39.45000000,39.38600000,39.42900000,1245.85800000,1623884159999,49101.38419500,105,548.41200000,21608.49878100,0
1623884160000,39.43200000,39.44100000,39.39000000,39.43300000,229.55400000,1623884219999,9046.88111800,56,19.55400000,770.77930500,0
1623884220000,39.44400000,39.54100000,39.43200000,39.50900000,1394.86900000,1623884279999,55080.39860400,222,957.97400000,37834.59792400,0
1623884280000,39.51000000,39.59700000,39.50100000,39.59400000,1493.07100000,1623884339999,59044.78258000,245,686.71300000,27154.92964600,0
1623884340000,39.58900000,39.59800000,39.52300000,39.53300000,2542.40700000,1623884399999,100593.04938000,131,527.88100000,20887.82579300,0
1623884400000,39.52800000,39.58100000,39.46000000,39.56300000,774.45600000,1623884459999,30599.25455500,114,250.19500000,9886.70391800,0
1623884460000,39.57600000,39.57600000,39.49500000,39.49500000,1368.83000000,1623884519999,54111.57767500,118,654.75700000,25885.77106000,0
1623884520000,39.49500000,39.53000000,39.49100000,39.49100000,764.69000000,1623884579999,30207.20493700,77,513.25500000,20273.70053300,0
1623884580000,39.48100000,39.48100000,39.21700000,39.24100000,6573.21700000,1623884639999,258420.69082200,416,1795.51100000,70605.66286400,0
1623884640000,39.24100000,39.38600000,39.20100000,39.32200000,2076.26100000,1623884699999,81616.69058200,195,992.97200000,39051.05978800,0
1623884700000,39.35300000,39.35600000,39.25700000,39.27400000,622.53300000,1623884759999,24475.09145400,97,299.91300000,11792.31271200,0
1623884760000,39.27400000,39.29500000,39.20400000,39.22000000,1501.07200000,1623884819999,58921.49287300,101,460.48200000,18077.40442500,0
1623884820000,39.22200000,39.25200000,39.16600000,39.18000000,546.43200000,1623884879999,21418.79907800,138,372.51500000,14604.12010900,0
1623884880000,39.16600000,39.22700000,39.15000000,39.21100000,2320.44600000,1623884939999,90917.26630100,133,1685.03300000,66021.86468800,0
1623884940000,39.21200000,39.25600000,39.16400000,39.18400000,1207.69800000,1623884999999,47374.80002000,71,1099.13400000,43119.89961600,0
1623885000000,39.16800000,39.22900000,39.14800000,39.16700000,1656.89300000,1623885059999,64947.53048800,72,264.80300000,10376.54928100,0
1623885060000,39.16700000,39.22200000,39.15600000,39.18400000,400.62200000,1623885119999,15698.56234700,59,193.71200000,7590.23369300,0
1623885120000,39.19600000,39.24500000,39.12000000,39.13700000,1116.78000000,1623885179999,43777.89184200,112,140.33500000,5496.21326400,0
1623885180000,39.13300000,39.15100000,39.01000000,39.02900000,3110.74000000,1623885239999,121506.62682600,382,1641.58500000,64115.00837500,0
1623885240000,39.02100000,39.05000000,38.94800000,39.02500000,7341.91100000,1623885299999,286381.22496100,527,2985.73000000,116492.95908500,0
1623885300000,39.02200000,39.02200000,38.76700000,38.82100000,10391.48800000,1623885359999,403798.98521800,937,4300.73900000,167137.71823600,0
1623885360000,38.83400000,38.95000000,38.82500000,38.83800000,4210.25400000,1623885419999,163723.05376300,240,1532.06400000,59590.04644000,0
1623885420000,38.83800000,38.99100000,38.72800000,38.96200000,5032.54800000,1623885479999,195283.52475800,518,1700.67300000,66089.78971500,0
1623885480000,38.95700000,39.03200000,38.94500000,38.95200000,1003.44100000,1623885539999,39120.71687400,119,771.35600000,30076.74356400,0
1623885540000,38.95200000,39.11300000,38.91300000,39.10000000,1429.01600000,1623885599999,55773.88438200,170,1060.07200000,41372.13659300,0
1623885600000,39.08100000,39.10000000,38.99400000,38.99400000,566.82000000,1623885659999,22136.84037600,71,250.58400000,9787.32146000,0
1623885660000,38.98100000,39.05600000,38.95700000,39.03200000,635.42900000,1623885719999,24790.40845500,50,52.44700000,2046.70063600,0
1623885720000,39.04200000,39.08800000,39.02200000,39.04100000,634.55600000,1623885779999,24784.66108300,81,311.14800000,12155.21910100,0
1623885780000,39.04100000,39.15700000,39.04100000,39.10300000,4822.04400000,1623885839999,188558.13696400,232,1385.19700000,54177.97895900,0
1623885840000,39.09900000,39.14000000,39.03100000,39.09200000,1250.03500000,1623885899999,48842.73890300,112,537.25900000,20995.92537000,0
1623885900000,39.08600000,39.12800000,39.07500000,39.10000000,780.13800000,1623885959999,30502.38164100,68,427.98300000,16734.95054900,0
1623885960000,39.10500000,39.11600000,39.04700000,39.08000000,2397.63400000,1623886019999,93710.77655000,65,1871.39700000,73140.19183300,0
1623886020000,39.09300000,39.22100000,39.09300000,39.17200000,879.11000000,1623886079999,34438.80116300,184,403.98900000,15829.74931500,0
1623886080000,39.17000000,39.19100000,39.14100000,39.16900000,721.36400000,1623886139999,28260.55109600,55,376.02700000,14734.33066400,0
1623886140000,39.16400000,39.19900000,39.16400000,39.18100000,706.77900000,1623886199999,27690.50682200,63,423.87700000,16606.64176600,0
1623886200000,39.18100000,39.25300000,39.18000000,39.19000000,1509.19500000,1623886259999,59160.86861700,146,442.06900000,17337.01098300,0
1623886260000,39.19000000,39.27900000,39.17900000,39.27900000,944.18600000,1623886319999,37032.02148800,117,444.76500000,17444.08403000,0
1623886320000,39.25700000,39.30300000,39.24100000,39.27100000,1061.40300000,1623886379999,41682.42708000,113,619.72500000,24341.42775600,0
1623886380000,39.27500000,39.28500000,39.11600000,39.20400000,6067.47900000,1623886439999,237850.55726500,233,1467.14900000,57565.38448000,0
1623886440000,39.20900000,39.29000000,39.18600000,39.23800000,2098.94400000,1623886499999,82345.41683500,117,1277.04000000,50099.59473200,0
1623886500000,39.25200000,39.38600000,39.23900000,39.36100000,1958.61900000,1623886559999,77048.60181000,275,990.15600000,38934.62741800,0
1623886560000,39.35400000,39.44200000,39.33200000,39.35700000,2221.80200000,1623886619999,87506.58508000,217,1493.89400000,58826.85338100,0
1623886620000,39.38200000,39.40300000,39.34000000,39.37600000,488.74400000,1623886679999,19242.98038100,69,318.68700000,12548.54075200,0
1623886680000,39.37500000,39.57400000,39.37500000,39.55900000,4685.86600000,1623886739999,185087.11208400,411,3639.65700000,143741.86929300,0
1623886740000,39.55800000,39.70900000,39.52100000,39.64600000,2180.20200000,1623886799999,86412.82489100,394,1341.77800000,53188.25416000,0
1623886800000,39.62900000,39.83900000,39.61200000,39.78600000,5645.41600000,1623886859999,224471.24711000,601,2437.69600000,96898.58030400,0
1623886860000,39.77500000,39.78400000,39.54900000,39.60500000,5723.00900000,1623886919999,227016.44248400,302,1491.88000000,59187.48517800,0
1623886920000,39.61700000,39.74200000,39.58500000,39.66000000,5770.27700000,1623886979999,228850.19169200,166,4853.68900000,192497.03692300,0
1623886980000,39.65300000,39.68500000,39.54900000,39.67600000,1861.57900000,1623887039999,73801.93158400,147,927.36600000,36766.70452100,0
1623887040000,39.68600000,39.70000000,39.52200000,39.54200000,1606.59500000,1623887099999,63610.86759500,146,580.90600000,22991.97383700,0
1623887100000,39.54400000,39.66200000,39.51900000,39.63800000,790.29000000,1623887159999,31289.41918700,108,556.78300000,22049.14929800,0
1623887160000,39.63800000,39.68200000,39.60000000,39.66700000,1492.15100000,1623887219999,59163.41120200,137,959.34500000,38039.88991800,0
1623887220000,39.66300000,39.68400000,39.55100000,39.56100000,1973.78400000,1623887279999,78182.52126400,136,379.37000000,15037.53339100,0
1623887280000,39.55800000,39.55800000,39.32000000,39.44400000,8011.82300000,1623887339999,315640.54236200,459,1913.62200000,75430.58658900,0
1623887340000,39.42300000,39.54400000,39.42100000,39.54000000,1308.22500000,1623887399999,51662.36237400,100,694.22800000,27421.18388700,0
1623887400000,39.54000000,39.62900000,39.53700000,39.60000000,1068.20500000,1623887459999,42283.37340800,132,644.82000000,25525.07902200,0
1623887460000,39.59900000,39.62900000,39.55200000,39.58400000,1077.01800000,1623887519999,42637.29359000,87,750.72000000,29724.65829100,0
1623887520000,39.56500000,39.60600000,39.51600000,39.57500000,597.70500000,1623887579999,23653.31855300,74,323.47900000,12804.69669200,0
1623887580000,39.57600000,39.68500000,39.53500000,39.66600000,1104.23500000,1623887639999,43722.34876500,123,576.89600000,22843.73703400,0
1623887640000,39.68500000,39.70000000,39.59700000,39.59700000,1691.10900000,1623887699999,67031.70112400,160,420.58700000,16679.26974100,0
1623887700000,39.60800000,39.64600000,39.57500000,39.64600000,480.83800000,1623887759999,19039.39147000,54,306.56600000,12141.58478600,0
1623887760000,39.62500000,39.69400000,39.61900000,39.68600000,1426.42000000,1623887819999,56555.04889000,90,1214.18300000,48141.06580800,0
1623887820000,39.68600000,39.71100000,39.64600000,39.68900000,773.79800000,1623887879999,30699.75425400,91,328.06200000,13018.66654500,0
1623887880000,39.70300000,39.70400000,39.64600000,39.69600000,861.52300000,1623887939999,34182.35097400,79,589.84400000,23405.87833300,0
1623887940000,39.69600000,39.73000000,39.60100000,39.72800000,1961.86100000,1623887999999,77852.73670500,123,1368.58800000,54340.39959200,0
