1640995200000,0.17030000,0.17050000,0.17030000,0.17040000,200450.00000000,1640995259999,34151.21220000,47,125044.00000000,21308.94820000,0
1640995260000,0.17040000,0.17090000,0.17040000,0.17060000,1075010.00000000,1640995319999,183485.65680000,137,841479.00000000,143627.34090000,0
1640995320000,0.17080000,0.17100000,0.17080000,0.17100000,522820.00000000,1640995379999,89360.68680000,98,392691.00000000,67127.54710000,0
1640995380000,0.17100000,0.17110000,0.17090000,0.17090000,301170.00000000,1640995439999,51516.79000000,77,150297.00000000,25714.43650000,0
1640995440000,0.17090000,0.17100000,0.17050000,0.17050000,420178.00000000,1640995499999,71728.49600000,98,13670.00000000,2333.55660000,0
1640995500000,0.17040000,0.17090000,0.17030000,0.17090000,736193.00000000,1640995559999,125505.04800000,137,292412.00000000,49880.52650000,0
1640995560000,0.17080000,0.17110000,0.17080000,0.17090000,435689.00000000,1640995619999,74497.99040000,76,283930.00000000,48560.46890000,0
1640995620000,0.17100000,0.17100000,0.17060000,0.17070000,286211.00000000,1640995679999,48894.34050000,73,22342.00000000,3818.01760000,0
1640995680000,0.17070000,0.17070000,0.17050000,0.17060000,222809.00000000,1640995739999,37999.07170000,59,94285.00000000,16082.45020000,0
1640995740000,0.17050000,0.17060000,0.17030000,0.17030000,102783.00000000,1640995799999,17525.19120000,30,14411.00000000,2458.32040000,0
1640995800000,0.17040000,0.17050000,0.17030000,0.17040000,30886.00000000,1640995859999,5263.08300000,23,15358.00000000,2617.23800000,0
1640995860000,0.17040000,0.17050000,0.17010000,0.17010000,507582.00000000,1640995919999,86424.67820000,104,93984.00000000,15997.62950000,0
1640995920000,0.17010000,0.17020000,0.17000000,0.17010000,329343.00000000,1640995979999,56000.56340000,95,46456.00000000,7902.36110000,0
1640995980000,0.17010000,0.17040000,0.17010000,0.17030000,209536.00000000,1640996039999,35685.60720000,50,191827.00000000,32669.87890000,0
1640996040000,0.17030000,0.17050000,0.17030000,0.17050000,351069.00000000,1640996099999,59848.94670000,56,316251.00000000,53917.26310000,0
1640996100000,0.17040000,0.17040000,0.17030000,0.17040000,110710.00000000,1640996159999,18864.61530000,27,55576.00000000,9470.15040000,0
1640996160000,0.17040000,0.17050000,0.17030000,0.17040000,400024.00000000,1640996219999,68146.84960000,45,72255.00000000,12312.75610000,0
1640996220000,0.17040000,0.17040000,0.17030000,0.17040000,174593.00000000,1640996279999,29743.98160000,31,5902.00000000,1005.70080000,0
1640996280000,0.17030000,0.17040000,0.17020000,0.17030000,74853.00000000,1640996339999,12746.86820000,31,32475.00000000,5530.50340000,0
1640996340000,0.17040000,0.17040000,0.17020000,0.17030000,387853.00000000,1640996399999,66074.37300000,50,285921.00000000,48705.61580000,0
1640996400000,0.17030000,0.17050000,0.17030000,0.17050000,37537.00000000,1640996459999,6397.78730000,25,31563.00000000,5379.92490000,0
1640996460000,0.17040000,0.17070000,0.17040000,0.17070000,179977.00000000,1640996519999,30697.23970000,37,167485.00000000,28567.23070000,0
1640996520000,0.17070000,0.17100000,0.17070000,0.17090000,155000.00000000,1640996579999,26464.20130000,46,141783.00000000,24207.95170000,0
1640996580000,0.17090000,0.17100000,0.17070000,0.17080000,402031.00000000,1640996639999,68684.45070000,48,34059.00000000,5817.28880000,0
1640996640000,0.17090000,0.17100000,0.17080000,0.17090000,119716.00000000,1640996699999,20459.75600000,24,21665.00000000,3702.85510000,0
1640996700000,0.17100000,0.17110000,0.17090000,0.17100000,460611.00000000,1640996759999,78769.28850000,74,401739.00000000,68702.51210000,0
1640996760000,0.17100000,0.17100000,0.17080000,0.17080000,191265.00000000,1640996819999,32702.73260000,32,444.00000000,75.92400000,0
1640996820000,0.17080000,0.17080000,0.17070000,0.17080000,149590.00000000,1640996879999,25549.34070000,30,13609.00000000,2324.41720000,0
1640996880000,0.17080000,0.17090000,0.17070000,0.17080000,164985.00000000,1640996939999,28181.61020000,37,77819.00000000,13293.81170000,0
1640996940000,0.17080000,0.17090000,0.17080000,0.17090000,69313.00000000,1640996999999,11838.69730000,19,69049.00000000,11793.60610000,0
1640997000000,0.17080000,0.17090000,0.17080000,0.17090000,36994.00000000,1640997059999,6320.13720000,14,15620.00000000,2669.45800000,0
1640997060000,0.17090000,0.17100000,0.17080000,0.17100000,25652.00000000,1640997119999,4384.78010000,20,23001.00000000,3931.82770000,0
1640997120000,0.17100000,0.17100000,0.17090000,0.17090000,147932.00000000,1640997179999,25296.02660000,59,47687.00000000,8154.47700000,0
1640997180000,0.17090000,0.17100000,0.17090000,0.17100000,34583.00000000,1640997239999,5913.25170000,18,30170.00000000,5159.07000000,0
1640997240000,0.17090000,0.17120000,0.17090000,0.17120000,112739.00000000,1640997299999,19285.56980000,27,102277.00000000,17495.53440000,0
1640997300000,0.17110000,0.17130000,0.17110000,0.17120000,103635.00000000,1640997359999,17742.30430000,79,89899.00000000,15391.29490000,0
1640997360000,0.17130000,0.17140000,0.17130000,0.17130000,373751.00000000,1640997419999,64057.70720000,149,126001.00000000,21594.80730000,0
1640997420000,0.17130000,0.17140000,0.17120000,0.17140000,155252.00000000,1640997479999,26595.27180000,91,40989.00000000,7022.65390000,0
1640997480000,0.17130000,0.17140000,0.17130000,0.17140000,11571.00000000,1640997539999,1983.13840000,15,10261.00000000,1758.73540000,0
1640997540000,0.17140000,0.17160000,0.17130000,0.17150000,197402.00000000,1640997599999,33847.53610000,99,140293.00000000,24053.39120000,0
1640997600000,0.17150000,0.17170000,0.17140000,0.17170000,191262.00000000,1640997659999,32803.82010000,171,106335.00000000,18239.13150000,0
1640997660000,0.17160000,0.17190000,0.17160000,0.17180000,178295.00000000,1640997719999,30625.71740000,250,69817.00000000,11992.15810000,0
1640997720000,0.17180000,0.17190000,0.17170000,0.17180000,364613.00000000,1640997779999,62640.06390000,85,117975.00000000,20271.39220000,0
1640997780000,0.17190000,0.17200000,0.17180000,0.17180000,62067.00000000,1640997839999,10669.05600000,52,43011.00000000,7393.73320000,0
1640997840000,0.17190000,0.17190000,0.17170000,0.17170000,182179.00000000,1640997899999,31298.36800000,58,3303.00000000,567.72230000,0
1640997900000,0.17170000,0.17180000,0.17160000,0.17180000,210303.00000000,1640997959999,36117.93840000,77,37113.00000000,6373.98420000,0
1640997960000,0.17170000,0.17180000,0.17170000,0.17170000,39902.00000000,1640998019999,6852.32270000,21,11493.00000000,1974.49740000,0
1640998020000,0.17170000,0.17190000,0.17170000,0.17190000,208718.00000000,1640998079999,35870.23850000,50,196491.00000000,33769.93410000,0
1640998080000,0.17200000,0.17230000,0.17200000,0.17210000,899459.00000000,1640998139999,154802.55710000,288,545881.00000000,93949.23150000,0
1640998140000,0.17210000,0.17230000,0.17210000,0.17210000,446549.00000000,1640998199999,76893.16270000,86,257802.00000000,44394.34860000,0
1640998200000,0.17220000,0.17230000,0.17210000,0.17210000,94212.00000000,1640998259999,16217.67150000,39,13444.00000000,2315.76650000,0
1640998260000,0.17220000,0.17220000,0.17210000,0.17210000,47410.00000000,1640998319999,8159.71420000,29,4532.00000000,780.41040000,0
1640998320000,0.17210000,0.17210000,0.17190000,0.17200000,76591.00000000,1640998379999,13172.36620000,44,8322.00000000,1431.52940000,0
1640998380000,0.17200000,0.17200000,0.17190000,0.17190000,1689.00000000,1640998439999,290.44320000,10,1041.00000000,179.05200000,0
1640998440000,0.17190000,0.17210000,0.17190000,0.17200000,301156.00000000,1640998499999,51798.69310000,52,248834.00000000,42799.45390000,0
1640998500000,0.17200000,0.17210000,0.17190000,0.17210000,158876.00000000,1640998559999,27327.07440000,42,143606.00000000,24702.02270000,0
1640998560000,0.17200000,0.17210000,0.17200000,0.17200000,75478.00000000,1640998619999,12983.06610000,17,8501.00000000,1463.02210000,0
1640998620000,0.17200000,0.17210000,0.17200000,0.17210000,62174.00000000,1640998679999,10694.23520000,35,3072.00000000,528.69120000,0
1640998680000,0.17200000,0.17210000,0.17200000,0.17200000,101607.00000000,1640998739999,17477.39060000,32,9866.00000000,1697.93860000,0
1640998740000,0.17200000,0.17210000,0.17190000,0.17190000,47352.00000000,1640998799999,8144.52060000,31,6599.00000000,1135.15010000,0
1640998800000,0.17190000,0.17200000,0.17180000,0.17190000,142668.00000000,1640998859999,24531.88730000,38,90470.00000000,15560.54930000,0
1640998860000,0.17190000,0.17190000,0.17160000,0.17160000,185906.00000000,1640998919999,31930.38630000,127,16319.00000000,2804.41130000,0
1640998920000,0.17160000,0.17180000,0.17160000,0.17180000,95033.00000000,1640998979999,16316.28420000,40,85457.00000000,14673.04260000,0
1640998980000,0.17180000,0.17180000,0.17150000,0.17150000,93543.00000000,1640999039999,16058.33170000,31,8940.00000000,1534.76400000,0
1640999040000,0.17150000,0.17170000,0.17150000,0.17160000,277401.00000000,1640999099999,47603.01540000,57,260379.00000000,44682.64260000,0
1640999100000,0.17170000,0.17170000,0.17160000,0.17170000,321321.00000000,1640999159999,55139.22850000,46,221720.00000000,38047.69690000,0
1640999160000,0.17170000,0.17170000,0.17160000,0.17160000,136430.00000000,1640999219999,23412.83290000,31,101358.00000000,17394.47770000,0
1640999220000,0.17160000,0.17170000,0.17150000,0.17170000,525458.00000000,1640999279999,90173.22480000,65,164857.00000000,28294.12590000,0
1640999280000,0.17170000,0.17170000,0.17160000,0.17160000,51044.00000000,1640999339999,8762.22230000,20,30719.00000000,5274.45230000,0
1640999340000,0.17170000,0.17170000,0.17160000,0.17170000,80131.00000000,1640999399999,13758.47590000,17,79963.00000000,13729.64710000,0
1640999400000,0.17160000,0.17200000,0.17160000,0.17180000,835498.00000000,1640999459999,143527.53880000,123,566217.00000000,97265.65470000,0
1640999460000,0.17190000,0.17190000,0.17170000,0.17190000,339082.00000000,1640999519999,58260.33220000,59,271505.00000000,46650.64040000,0
1640999520000,0.17190000,0.17210000,0.17190000,0.17200000,177444.00000000,1640999579999,30520.14240000,41,115670.00000000,19895.20650000,0
1640999580000,0.17190000,0.17200000,0.17190000,0.17190000,27808.00000000,1640999639999,4781.98170000,25,17865.00000000,3072.78000000,0
1640999640000,0.17190000,0.17220000,0.17190000,0.17220000,376071.00000000,1640999699999,64708.99960000,71,240574.00000000,41391.98310000,0
1640999700000,0.17220000,0.17220000,0.17210000,0.17220000,33661.00000000,1640999759999,5794.75720000,23,16991.00000000,2925.85020000,0
1640999760000,0.17220000,0.17230000,0.17220000,0.17230000,458956.00000000,1640999819999,79045.40260000,93,357248.00000000,61531.28500000,0
1640999820000,0.17230000,0.17260000,0.17230000,0.17250000,832898.00000000,1640999879999,143644.66820000,250,708757.00000000,122233.70700000,0
1640999880000,0.17250000,0.17260000,0.17240000,0.17260000,444293.00000000,1640999939999,76657.70340000,135,263887.00000000,45537.23400000,0
1640999940000,0.17260000,0.17290000,0.17260000,0.17270000,450836.00000000,1640999999999,77858.08900000,265,262069.00000000,45266.57890000,0
1641000000000,0.17270000,0.17300000,0.17260000,0.17290000,569960.00000000,1641000059999,98539.90190000,269,373862.00000000,64639.28650000,0
1641000060000,0.17290000,0.17290000,0.17270000,0.17280000,442464.00000000,1641000119999,76464.58590000,87,204177.00000000,35291.03820000,0
1641000120000,0.17280000,0.17290000,0.17270000,0.17280000,316995.00000000,1641000179999,54776.84770000,55,254448.00000000,43969.75550000,0
1641000180000,0.17280000,0.17280000,0.17270000,0.17280000,264833.00000000,1641000239999,45762.84660000,57,260587.00000000,45029.43360000,0
1641000240000,0.17290000,0.17290000,0.17240000,0.17260000,805240.00000000,1641000299999,138991.75800000,270,458793.00000000,79180.55500000,0
1641000300000,0.17260000,0.17280000,0.17260000,0.17260000,263584.00000000,1641000359999,45522.60700000,64,205070.00000000,35418.02270000,0
1641000360000,0.17260000,0.17270000,0.17240000,0.17250000,366082.00000000,1641000419999,63167.28340000,66,199203.00000000,34370.28860000,0
1641000420000,0.17260000,0.17270000,0.17250000,0.17250000,314132.00000000,1641000479999,54218.87720000,49,176434.00000000,30452.53250000,0
1641000480000,0.17260000,0.17260000,0.17240000,0.17250000,35005.00000000,1641000539999,6038.73220000,26,14101.00000000,2432.95920000,0
1641000540000,0.17250000,0.17250000,0.17240000,0.17240000,61061.00000000,1641000599999,10532.82270000,20,59063.00000000,10188.36750000,0
1641000600000,0.17240000,0.17260000,0.17240000,0.17260000,153541.00000000,1641000659999,26488.03670000,26,153053.00000000,26403.89920000,0
1641000660000,0.17260000,0.17270000,0.17250000,0.17260000,309082.00000000,1641000719999,53351.05480000,54,234871.00000000,40542.36910000,0
1641000720000,0.17260000,0.17280000,0.17260000,0.17280000,286291.00000000,1641000779999,49436.56620000,66,270188.00000000,46657.08840000,0
1641000780000,0.17280000,0.17280000,0.17260000,0.17270000,289206.00000000,1641000839999,49946.64170000,46,39153.00000000,6763.57380000,0
1641000840000,0.17270000,0.17270000,0.17250000,0.17250000,120726.00000000,1641000899999,20838.17580000,35,58752.00000000,10141.79430000,0
1641000900000,0.17260000,0.17270000,0.17250000,0.17260000,199931.00000000,1641000959999,34509.68730000,57,192448.00000000,33218.69100000,0
1641000960000,0.17270000,0.17270000,0.17260000,0.17270000,84622.00000000,1641001019999,14612.42660000,27,66694.00000000,11518.05380000,0
1641001020000,0.17270000,0.17270000,0.17240000,0.17250000,237149.00000000,1641001079999,40921.11910000,66,85254.00000000,14712.45470000,0
1641001080000,0.17250000,0.17250000,0.17240000,0.17240000,98884.00000000,1641001139999,17052.61080000,43,55104.00000000,9504.93880000,0
1641001140000,0.17230000,0.17240000,0.17220000,0.17240000,121706.00000000,1641001199999,20969.70130000,67,69121.00000000,11910.23870000,0
1641001200000,0.17240000,0.17240000,0.17220000,0.17230000,156348.00000000,1641001259999,26939.46450000,49,123243.00000000,21235.73820000,0
1641001260000,0.17240000,0.17240000,0.17230000,0.17230000,96756.00000000,1641001319999,16675.03120000,40,51889.00000000,8944.44710000,0
1641001320000,0.17230000,0.17240000,0.17220000,0.17240000,86477.00000000,1641001379999,14899.19080000,38,65601.00000000,11304.32250000,0
1641001380000,0.17240000,0.17240000,0.17220000,0.17220000,120080.00000000,1641001439999,20692.93230000,37,44291.00000000,7634.74000000,0
1641001440000,0.17230000,0.17230000,0.17220000,0.17230000,144149.00000000,1641001499999,24834.53880000,39,120810.00000000,20815.56300000,0
1641001500000,0.17230000,0.17230000,0.17210000,0.17210000,88071.00000000,1641001559999,15169.46020000,44,41202.00000000,7099.10460000,0
1641001560000,0.17210000,0.17220000,0.17200000,0.17200000,234063.00000000,1641001619999,40285.97180000,83,57813.00000000,9953.52490000,0
1641001620000,0.17210000,0.17210000,0.17200000,0.17210000,49664.00000000,1641001679999,8546.93980000,22,47318.00000000,8143.42780000,0
1641001680000,0.17210000,0.17220000,0.17200000,0.17210000,124153.00000000,1641001739999,21367.87480000,60,116218.00000000,20002.95360000,0
1641001740000,0.17220000,0.17220000,0.17200000,0.17210000,335995.00000000,1641001799999,57823.81460000,72,207261.00000000,35670.42610000,0
1641001800000,0.17210000,0.17210000,0.17200000,0.17210000,80310.00000000,1641001859999,13820.90360000,33,75836.00000000,13051.37560000,0
1641001860000,0.17210000,0.17230000,0.17200000,0.17230000,583159.00000000,1641001919999,100379.27300000,76,581840.00000000,100152.28500000,0
1641001920000,0.17230000,0.17230000,0.17190000,0.17190000,362683.00000000,1641001979999,62436.31640000,93,111082.00000000,19132.07090000,0
1641001980000,0.17200000,0.17200000,0.17180000,0.17190000,149591.00000000,1641002039999,25717.14630000,57,44169.00000000,7595.45360000,0
1641002040000,0.17190000,0.17200000,0.17190000,0.17200000,78407.00000000,1641002099999,13481.93120000,29,75991.00000000,13066.62080000,0
1641002100000,0.17190000,0.17200000,0.17180000,0.17190000,121218.00000000,1641002159999,20835.46450000,36,24686.00000000,4243.58120000,0
1641002160000,0.17180000,0.17190000,0.17180000,0.17190000,103638.00000000,1641002219999,17814.18840000,40,91800.00000000,15780.42000000,0
1641002220000,0.17190000,0.17190000,0.17180000,0.17180000,102180.00000000,1641002279999,17564.69430000,33,101703.00000000,17482.74570000,0
1641002280000,0.17190000,0.17200000,0.17190000,0.17200000,243525.00000000,1641002339999,41865.70960000,42,233964.00000000,40222.17370000,0
1641002340000,0.17200000,0.17200000,0.17190000,0.17190000,221473.00000000,1641002399999,38091.64450000,37,204358.00000000,35149.57600000,0
1641002400000,0.17200000,0.17210000,0.17190000,0.17210000,127290.00000000,1641002459999,21895.28430000,36,126333.00000000,21730.70930000,0
1641002460000,0.17210000,0.17210000,0.17190000,0.17200000,197868.00000000,1641002519999,34033.86750000,49,75147.00000000,12925.97160000,0
1641002520000,0.17200000,0.17210000,0.17190000,0.17210000,70609.00000000,1641002579999,12144.91810000,29,67359.00000000,11586.24310000,0
1641002580000,0.17210000,0.17220000,0.17200000,0.17220000,555112.00000000,1641002639999,95575.62340000,60,551685.00000000,94986.06940000,0
1641002640000,0.17210000,0.17220000,0.17210000,0.17220000,51965.00000000,1641002699999,8947.49230000,25,43158.00000000,7431.80760000,0
1641002700000,0.17220000,0.17220000,0.17210000,0.17210000,57764.00000000,1641002759999,9946.77820000,28,55938.00000000,9632.52360000,0
1641002760000,0.17210000,0.17220000,0.17200000,0.17220000,326012.00000000,1641002819999,56128.55330000,58,274895.00000000,47331.40960000,0
1641002820000,0.17220000,0.17220000,0.17210000,0.17220000,74748.00000000,1641002879999,12871.29240000,28,71616.00000000,12332.27520000,0
1641002880000,0.17220000,0.17220000,0.17210000,0.17210000,162969.00000000,1641002939999,28060.38300000,32,95746.00000000,16487.46120000,0
1641002940000,0.17220000,0.17220000,0.17200000,0.17210000,126557.00000000,1641002999999,21780.59500000,48,31474.00000000,5417.06460000,0
1641003000000,0.17210000,0.17210000,0.17180000,0.17200000,511886.00000000,1641003059999,88028.28350000,87,189653.00000000,32604.78700000,0
1641003060000,0.17190000,0.17200000,0.17190000,0.17200000,32695.00000000,1641003119999,5623.38100000,23,31105.00000000,5350.06000000,0
1641003120000,0.17200000,0.17210000,0.17200000,0.17210000,211778.00000000,1641003179999,36430.76480000,42,171250.00000000,29459.94880000,0
1641003180000,0.17210000,0.17210000,0.17200000,0.17210000,17593.00000000,1641003239999,3027.62600000,22,16300.00000000,2805.23000000,0
1641003240000,0.17210000,0.17210000,0.17190000,0.17200000,186979.00000000,1641003299999,32160.70440000,32,15090.00000000,2595.85600000,0
1641003300000,0.17200000,0.17220000,0.17200000,0.17210000,339403.00000000,1641003359999,58394.56480000,63,300423.00000000,51686.30640000,0
1641003360000,0.17220000,0.17220000,0.17200000,0.17220000,150948.00000000,1641003419999,25978.93540000,42,108016.00000000,18590.34980000,0
1641003420000,0.17220000,0.17220000,0.17210000,0.17220000,42970.00000000,1641003479999,7399.39540000,28,42584.00000000,7332.96480000,0
1641003480000,0.17220000,0.17220000,0.17210000,0.17220000,31881.00000000,1641003539999,5489.37750000,21,26574.00000000,4576.04280000,0
1641003540000,0.17210000,0.17230000,0.17210000,0.17220000,31410.00000000,1641003599999,5409.03110000,23,29564.00000000,5091.33450000,0
1641003600000,0.17220000,0.17220000,0.17200000,0.17200000,117012.00000000,1641003659999,20139.77340000,38,38235.00000000,6582.62570000,0
1641003660000,0.17200000,0.17220000,0.17190000,0.17210000,399166.00000000,1641003719999,68679.69460000,79,141955.00000000,24424.72650000,0
1641003720000,0.17200000,0.17210000,0.17190000,0.17200000,69837.00000000,1641003779999,12013.46340000,37,23912.00000000,4114.40010000,0
1641003780000,0.17200000,0.17220000,0.17190000,0.17200000,747264.00000000,1641003839999,128551.19670000,96,304041.00000000,52316.36750000,0
1641003840000,0.17200000,0.17210000,0.17180000,0.17190000,162004.00000000,1641003899999,27864.18790000,50,55021.00000000,9465.53110000,0
1641003900000,0.17190000,0.17200000,0.17180000,0.17190000,62921.00000000,1641003959999,10815.89040000,28,56316.00000000,9681.13930000,0
1641003960000,0.17200000,0.17200000,0.17190000,0.17200000,35595.00000000,1641004019999,6121.75660000,17,29761.00000000,5118.89200000,0
1641004020000,0.17200000,0.17200000,0.17190000,0.17200000,65357.00000000,1641004079999,11237.97460000,30,31063.00000000,5342.83600000,0
1641004080000,0.17200000,0.17200000,0.17190000,0.17200000,50725.00000000,1641004139999,8723.54350000,38,39160.00000000,6735.52000000,0
1641004140000,0.17200000,0.17200000,0.17190000,0.17190000,213368.00000000,1641004199999,36688.77140000,42,110682.00000000,19037.04800000,0
1641004200000,0.17180000,0.17190000,0.17170000,0.17180000,313672.00000000,1641004259999,53885.71990000,49,253668.00000000,43580.38030000,0
1641004260000,0.17190000,0.17190000,0.17180000,0.17190000,30396.00000000,1641004319999,5224.30530000,16,22725.00000000,3906.42750000,0
1641004320000,0.17190000,0.17190000,0.17170000,0.17190000,1130872.00000000,1641004379999,194367.85770000,98,1029518.00000000,176950.36800000,0
1641004380000,0.17190000,0.17190000,0.17180000,0.17190000,146258.00000000,1641004439999,25128.39220000,19,12678.00000000,2179.34820000,0
1641004440000,0.17190000,0.17190000,0.17180000,0.17190000,63446.00000000,1641004499999,10905.94520000,28,59224.00000000,10180.60560000,0
1641004500000,0.17190000,0.17190000,0.17180000,0.17190000,16618.00000000,1641004559999,2856.40230000,14,14299.00000000,2457.99810000,0
1641004560000,0.17190000,0.17190000,0.17160000,0.17160000,243784.00000000,1641004619999,41874.41870000,57,27876.00000000,4790.52580000,0
1641004620000,0.17160000,0.17170000,0.17160000,0.17170000,36664.00000000,1641004679999,6293.88160000,35,23392.00000000,4016.40640000,0
1641004680000,0.17170000,0.17170000,0.17160000,0.17160000,86222.00000000,1641004739999,14800.18240000,39,44872.00000000,7704.52240000,0
1641004740000,0.17170000,0.17180000,0.17160000,0.17180000,329287.00000000,1641004799999,56546.26580000,51,267982.00000000,46020.40580000,0
1641004800000,0.17170000,0.17180000,0.17170000,0.17180000,26626.00000000,1641004859999,4573.56000000,32,18758.00000000,3222.62440000,0
1641004860000,0.17170000,0.17190000,0.17170000,0.17180000,167718.00000000,1641004919999,28815.95950000,53,143267.00000000,24615.30090000,0
1641004920000,0.17180000,0.17180000,0.17170000,0.17170000,103122.00000000,1641004979999,17715.80390000,22,23519.00000000,4040.56420000,0
1641004980000,0.17180000,0.17180000,0.17170000,0.17170000,45685.00000000,1641005039999,7848.13080000,25,40163.00000000,6900.00340000,0
1641005040000,0.17180000,0.17180000,0.17170000,0.17180000,18916.00000000,1641005099999,3249.69720000,16,18200.00000000,3126.76000000,0
1641005100000,0.17180000,0.17180000,0.17170000,0.17180000,16851.00000000,1641005159999,2894.98740000,18,16707.00000000,2870.26260000,0
1641005160000,0.17180000,0.17180000,0.17170000,0.17180000,112091.00000000,1641005219999,19250.76140000,34,47367.00000000,8137.65060000,0
1641005220000,0.17180000,0.17190000,0.17170000,0.17180000,398090.00000000,1641005279999,68391.69650000,58,206265.00000000,35436.37280000,0
1641005280000,0.17170000,0.17180000,0.17150000,0.17160000,1232690.00000000,1641005339999,211549.66320000,99,846119.00000000,145207.32580000,0
1641005340000,0.17160000,0.17170000,0.17160000,0.17170000,48816.00000000,1641005399999,8380.59200000,27,37664.00000000,6466.90880000,0
1641005400000,0.17170000,0.17170000,0.17160000,0.17170000,47662.00000000,1641005459999,8183.07970000,29,42805.00000000,7349.61850000,0
1641005460000,0.17160000,0.17180000,0.17160000,0.17170000,268821.00000000,1641005519999,46156.37740000,33,265298.00000000,45551.70140000,0
1641005520000,0.17180000,0.17190000,0.17170000,0.17190000,265481.00000000,1641005579999,45611.31210000,38,239956.00000000,41226.14320000,0
1641005580000,0.17190000,0.17190000,0.17180000,0.17190000,68319.00000000,1641005639999,11743.14630000,26,59421.00000000,10214.46990000,0
1641005640000,0.17190000,0.17190000,0.17170000,0.17180000,879013.00000000,1641005699999,151058.74000000,77,148749.00000000,25569.95310000,0
1641005700000,0.17190000,0.17190000,0.17180000,0.17190000,61164.00000000,1641005759999,10513.50410000,16,55289.00000000,9504.17910000,0
1641005760000,0.17190000,0.17190000,0.17180000,0.17190000,136950.00000000,1641005819999,23538.87360000,43,108636.00000000,18674.52840000,0
1641005820000,0.17180000,0.17200000,0.17160000,0.17160000,374540.00000000,1641005879999,64313.52540000,74,74757.00000000,12840.43910000,0
1641005880000,0.17160000,0.17170000,0.17150000,0.17160000,239690.00000000,1641005939999,41128.05770000,63,160300.00000000,27509.13870000,0
1641005940000,0.17170000,0.17170000,0.17160000,0.17170000,96318.00000000,1641005999999,16537.59420000,20,94254.00000000,16183.41180000,0
1641006000000,0.17170000,0.17180000,0.17160000,0.17180000,130624.00000000,1641006059999,22426.72310000,27,114100.00000000,19591.20470000,0
1641006060000,0.17180000,0.17180000,0.17160000,0.17170000,164156.00000000,1641006119999,28187.40400000,32,26625.00000000,4573.87940000,0
1641006120000,0.17160000,0.17170000,0.17160000,0.17170000,74520.00000000,1641006179999,12794.92580000,31,72938.00000000,12523.45460000,0
1641006180000,0.17160000,0.17170000,0.17150000,0.17160000,142874.00000000,1641006239999,24518.65110000,41,38376.00000000,6587.56740000,0
1641006240000,0.17160000,0.17160000,0.17140000,0.17160000,752262.00000000,1641006299999,128991.88660000,94,145561.00000000,24965.03020000,0
1641006300000,0.17160000,0.17160000,0.17150000,0.17150000,61219.00000000,1641006359999,10500.29510000,19,12366.00000000,2122.00560000,0
1641006360000,0.17160000,0.17160000,0.17150000,0.17160000,48803.00000000,1641006419999,8371.27330000,23,15588.00000000,2674.90080000,0
1641006420000,0.17160000,0.17170000,0.17160000,0.17170000,84553.00000000,1641006479999,14511.21660000,34,77654.00000000,13327.34820000,0
1641006480000,0.17170000,0.17170000,0.17150000,0.17160000,145983.00000000,1641006539999,25051.18910000,28,21689.00000000,3722.67860000,0
1641006540000,0.17160000,0.17160000,0.17150000,0.17160000,155836.00000000,1641006599999,26741.35760000,43,154836.00000000,26569.85760000,0
1641006600000,0.17160000,0.17170000,0.17160000,0.17170000,148186.00000000,1641006659999,25435.86270000,42,145437.00000000,24964.13430000,0
1641006660000,0.17160000,0.17170000,0.17160000,0.17170000,35103.00000000,1641006719999,6025.20520000,14,15304.00000000,2627.69680000,0
1641006720000,0.17170000,0.17170000,0.17160000,0.17170000,79072.00000000,1641006779999,13571.59240000,25,28372.00000000,4871.47240000,0
1641006780000,0.17160000,0.17170000,0.17160000,0.17170000,39714.00000000,1641006839999,6818.74530000,23,38229.00000000,6563.91930000,0
1641006840000,0.17170000,0.17170000,0.17160000,0.17170000,19629.00000000,1641006899999,3370.14520000,13,18088.00000000,3105.70960000,0
1641006900000,0.17170000,0.17180000,0.17160000,0.17180000,110121.00000000,1641006959999,18910.92520000,29,97556.00000000,16754.71360000,0
1641006960000,0.17170000,0.17190000,0.17170000,0.17190000,146249.00000000,1641007019999,25126.71870000,41,127621.00000000,21927.93740000,0
1641007020000,0.17190000,0.17190000,0.17180000,0.17180000,266681.00000000,1641007079999,45817.21400000,36,14182.00000000,2437.88580000,0
1641007080000,0.17180000,0.17180000,0.17170000,0.17180000,36374.00000000,1641007139999,6248.89930000,20,34835.00000000,5984.65300000,0
1641007140000,0.17180000,0.17180000,0.17170000,0.17180000,32438.00000000,1641007199999,5572.76130000,18,31567.00000000,5423.21060000,0
1641007200000,0.17170000,0.17170000,0.17160000,0.17170000,198670.00000000,1641007259999,34111.61520000,44,44499.00000000,7640.47830000,0
1641007260000,0.17170000,0.17170000,0.17160000,0.17170000,16866.00000000,1641007319999,2895.45060000,22,12450.00000000,2137.66500000,0
1641007320000,0.17170000,0.17170000,0.17150000,0.17160000,146511.00000000,1641007379999,25141.70310000,29,15801.00000000,2711.94990000,0
1641007380000,0.17150000,0.17160000,0.17150000,0.17150000,51735.00000000,1641007439999,8877.36270000,28,48102.00000000,8254.30320000,0
1641007440000,0.17150000,0.17150000,0.17140000,0.17150000,165143.00000000,1641007499999,28318.67280000,56,28628.00000000,4909.70200000,0
1641007500000,0.17150000,0.17160000,0.17140000,0.17150000,223043.00000000,1641007559999,38251.25150000,45,204013.00000000,34988.72760000,0
1641007560000,0.17160000,0.17160000,0.17150000,0.17160000,241081.00000000,1641007619999,41368.31690000,36,229254.00000000,39339.98640000,0
1641007620000,0.17160000,0.17160000,0.17130000,0.17140000,712959.00000000,1641007679999,122218.97930000,91,120847.00000000,20716.36940000,0
1641007680000,0.17130000,0.17150000,0.17130000,0.17150000,294772.00000000,1641007739999,50526.97360000,41,271547.00000000,46546.21490000,0
1641007740000,0.17150000,0.17160000,0.17150000,0.17150000,139383.00000000,1641007799999,23905.43010000,28,80954.00000000,13884.85660000,0
1641007800000,0.17140000,0.17150000,0.17130000,0.17140000,69609.00000000,1641007859999,11931.89370000,39,49681.00000000,8516.27910000,0
1641007860000,0.17150000,0.17150000,0.17130000,0.17140000,337312.00000000,1641007919999,57815.79660000,49,303576.00000000,52033.50500000,0
1641007920000,0.17140000,0.17140000,0.17130000,0.17140000,14423.00000000,1641007979999,2471.63870000,15,9788.00000000,1677.66320000,0
1641007980000,0.17140000,0.17150000,0.17130000,0.17140000,214581.00000000,1641008039999,36779.88420000,24,213597.00000000,36611.25120000,0
1641008040000,0.17150000,0.17150000,0.17140000,0.17150000,16369.00000000,1641008099999,2806.90550000,18,12589.00000000,2159.01350000,0
1641008100000,0.17150000,0.17160000,0.17140000,0.17160000,176850.00000000,1641008159999,30330.47050000,41,127152.00000000,21807.36990000,0
1641008160000,0.17160000,0.17160000,0.17150000,0.17150000,244429.00000000,1641008219999,41943.54350000,37,239700.00000000,41132.52000000,0
1641008220000,0.17160000,0.17160000,0.17150000,0.17160000,19010.00000000,1641008279999,3261.07940000,18,8644.00000000,1483.31040000,0
1641008280000,0.17160000,0.17170000,0.17150000,0.17160000,887333.00000000,1641008339999,152300.15880000,92,774312.00000000,132906.35830000,0
1641008340000,0.17150000,0.17160000,0.17150000,0.17160000,114222.00000000,1641008399999,19589.56100000,33,35476.00000000,6084.62200000,0
1641008400000,0.17160000,0.17160000,0.17150000,0.17160000,62259.00000000,1641008459999,10683.35140000,23,59329.00000000,10180.85640000,0
1641008460000,0.17160000,0.17170000,0.17150000,0.17170000,72963.00000000,1641008519999,12522.21360000,28,70088.00000000,12029.05290000,0
1641008520000,0.17160000,0.17170000,0.17160000,0.17170000,158422.00000000,1641008579999,27200.98280000,35,157676.00000000,27072.96920000,0
1641008580000,0.17160000,0.17180000,0.17160000,0.17180000,78164.00000000,1641008639999,13421.21390000,29,71686.00000000,12309.10310000,0
1641008640000,0.17180000,0.17180000,0.17160000,0.17170000,137018.00000000,1641008699999,23526.05290000,30,26218.00000000,4502.12790000,0
1641008700000,0.17170000,0.17170000,0.17150000,0.17160000,142259.00000000,1641008759999,24413.50940000,43,125634.00000000,21560.85710000,0
1641008760000,0.17170000,0.17170000,0.17160000,0.17160000,9601.00000000,1641008819999,1648.44160000,13,9100.00000000,1562.47000000,0
1641008820000,0.17170000,0.17170000,0.17160000,0.17160000,64292.00000000,1641008879999,11033.47620000,20,9690.00000000,1663.77300000,0
1641008880000,0.17170000,0.17170000,0.17150000,0.17160000,150758.00000000,1641008939999,25869.25970000,47,56851.00000000,9755.72260000,0
1641008940000,0.17160000,0.17160000,0.17150000,0.17150000,182009.00000000,1641008999999,31218.25730000,61,38377.00000000,6585.36930000,0
1641009000000,0.17150000,0.17150000,0.17140000,0.17150000,106914.00000000,1641009059999,18333.48250000,36,84229.00000000,14445.27350000,0
1641009060000,0.17150000,0.17160000,0.17150000,0.17160000,120869.00000000,1641009119999,20733.82260000,30,115412.00000000,19797.94710000,0
1641009120000,0.17150000,0.17160000,0.17150000,0.17160000,43505.00000000,1641009179999,7465.22600000,28,41185.00000000,7067.34600000,0
1641009180000,0.17160000,0.17160000,0.17150000,0.17150000,18206.00000000,1641009239999,3123.51230000,21,11833.00000000,2030.54280000,0
1641009240000,0.17150000,0.17160000,0.17150000,0.17160000,44314.00000000,1641009299999,7601.78380000,22,19328.00000000,3316.68480000,0
1641009300000,0.17160000,0.17160000,0.17150000,0.17160000,13765.00000000,1641009359999,2361.95760000,26,12601.00000000,2162.33160000,0
1641009360000,0.17160000,0.17160000,0.17150000,0.17160000,19564.00000000,1641009419999,3356.14300000,19,9170.00000000,1573.57200000,0
1641009420000,0.17160000,0.17160000,0.17140000,0.17150000,794150.00000000,1641009479999,136168.40800000,104,255436.00000000,43784.53880000,0
1641009480000,0.17140000,0.17150000,0.17140000,0.17150000,162568.00000000,1641009539999,27880.31470000,37,161595.00000000,27713.54250000,0
1641009540000,0.17160000,0.17160000,0.17140000,0.17140000,112080.00000000,1641009599999,19220.90280000,24,28211.00000000,4838.39990000,0
1641009600000,0.17150000,0.17160000,0.17150000,0.17160000,144505.00000000,1641009659999,24790.01070000,48,109675.00000000,18816.66570000,0
1641009660000,0.17160000,0.17160000,0.17150000,0.17150000,32141.00000000,1641009719999,5513.36670000,22,11852.00000000,2033.80320000,0
1641009720000,0.17160000,0.17160000,0.17140000,0.17140000,142590.00000000,1641009779999,24448.16250000,58,8259.00000000,1417.05690000,0
1641009780000,0.17140000,0.17140000,0.17130000,0.17140000,89545.00000000,1641009839999,15344.30360000,39,52451.00000000,8990.10140000,0
1641009840000,0.17140000,0.17150000,0.17140000,0.17140000,361392.00000000,1641009899999,61946.13080000,36,361206.00000000,61914.25040000,0
1641009900000,0.17140000,0.17150000,0.17140000,0.17150000,24820.00000000,1641009959999,4256.22200000,20,20740.00000000,3556.91000000,0
1641009960000,0.17150000,0.17150000,0.17130000,0.17130000,32957.00000000,1641010019999,5649.69970000,30,9000.00000000,1543.50000000,0
1641010020000,0.17130000,0.17140000,0.17130000,0.17130000,91795.00000000,1641010079999,15724.68510000,10,2016.00000000,345.54240000,0
1641010080000,0.17130000,0.17130000,0.17120000,0.17130000,263548.00000000,1641010139999,45145.69080000,60,37979.00000000,6505.80270000,0
1641010140000,0.17130000,0.17130000,0.17120000,0.17120000,98691.00000000,1641010199999,16904.14670000,37,82475.00000000,14127.96750000,0
1641010200000,0.17120000,0.17140000,0.17120000,0.17130000,160328.00000000,1641010259999,27464.53810000,42,129061.00000000,22109.55000000,0
1641010260000,0.17130000,0.17130000,0.17120000,0.17120000,2153.00000000,1641010319999,368.63360000,8,400.00000000,68.52000000,0
1641010320000,0.17120000,0.17130000,0.17070000,0.17080000,1003301.00000000,1641010379999,171509.60120000,248,368120.00000000,62886.10660000,0
1641010380000,0.17070000,0.17090000,0.17070000,0.17070000,195750.00000000,1641010439999,33436.50490000,67,122641.00000000,20950.25000000,0
1641010440000,0.17070000,0.17070000,0.17030000,0.17030000,1197289.00000000,1641010499999,204052.88850000,277,723456.00000000,123313.98200000,0
1641010500000,0.17040000,0.17060000,0.17020000,0.17050000,915348.00000000,1641010559999,155949.41020000,284,703309.00000000,119817.96200000,0
1641010560000,0.17040000,0.17060000,0.17040000,0.17050000,362614.00000000,1641010619999,61802.85380000,75,190676.00000000,32503.61560000,0
1641010620000,0.17050000,0.17060000,0.17040000,0.17040000,144645.00000000,1641010679999,24665.96790000,36,51785.00000000,8834.52100000,0
1641010680000,0.17040000,0.17040000,0.17030000,0.17040000,113783.00000000,1641010739999,19386.25490000,29,32563.00000000,5548.73520000,0
1641010740000,0.17040000,0.17040000,0.17030000,0.17040000,135764.00000000,1641010799999,23134.08420000,62,134750.00000000,22961.40000000,0
1641010800000,0.17040000,0.17060000,0.17030000,0.17060000,274168.00000000,1641010859999,46726.94040000,83,267638.00000000,45614.36040000,0
1641010860000,0.17050000,0.17060000,0.17040000,0.17050000,135266.00000000,1641010919999,23066.57870000,45,51660.00000000,8811.80880000,0
1641010920000,0.17050000,0.17060000,0.17050000,0.17060000,33998.00000000,1641010979999,5799.49200000,22,31295.00000000,5338.63050000,0
1641010980000,0.17050000,0.17050000,0.17040000,0.17040000,372956.00000000,1641011039999,63574.23530000,66,139299.00000000,23743.56060000,0
1641011040000,0.17040000,0.17050000,0.17040000,0.17050000,26675.00000000,1641011099999,4547.78540000,17,23654.00000000,4033.00700000,0
1641011100000,0.17040000,0.17070000,0.17040000,0.17060000,163219.00000000,1641011159999,27840.19790000,44,99272.00000000,16931.14870000,0
1641011160000,0.17050000,0.17110000,0.17050000,0.17100000,2001417.00000000,1641011219999,341979.69210000,320,1109105.00000000,189410.09310000,0
1641011220000,0.17090000,0.17100000,0.17070000,0.17080000,379697.00000000,1641011279999,64880.45770000,68,30255.00000000,5170.57020000,0
1641011280000,0.17080000,0.17090000,0.17070000,0.17090000,105345.00000000,1641011339999,17992.94230000,16,105006.00000000,17935.07500000,0
1641011340000,0.17090000,0.17090000,0.17080000,0.17090000,70997.00000000,1641011399999,12133.13320000,21,68456.00000000,11699.13040000,0
1641011400000,0.17090000,0.17090000,0.17080000,0.17090000,40686.00000000,1641011459999,6951.53570000,25,23669.00000000,4045.03210000,0
1641011460000,0.17080000,0.17100000,0.17080000,0.17090000,240667.00000000,1641011519999,41130.30150000,46,186180.00000000,31818.73960000,0
1641011520000,0.17080000,0.17090000,0.17070000,0.17090000,239084.00000000,1641011579999,40836.08030000,42,59167.00000000,10107.43560000,0
1641011580000,0.17080000,0.17090000,0.17080000,0.17090000,46886.00000000,1641011639999,8008.73860000,22,6098.00000000,1042.14820000,0
1641011640000,0.17080000,0.17090000,0.17080000,0.17080000,173893.00000000,1641011699999,29715.82270000,43,84544.00000000,14448.56960000,0
1641011700000,0.17090000,0.17090000,0.17050000,0.17060000,463420.00000000,1641011759999,79102.51000000,78,9282.00000000,1584.74460000,0
1641011760000,0.17050000,0.17070000,0.17050000,0.17060000,464214.00000000,1641011819999,79198.62290000,59,415318.00000000,70857.15880000,0
1641011820000,0.17070000,0.17070000,0.17060000,0.17060000,98634.00000000,1641011879999,16827.83630000,23,8759.00000000,1495.16130000,0
1641011880000,0.17070000,0.17070000,0.17040000,0.17050000,255475.00000000,1641011939999,43570.38330000,55,98949.00000000,16871.21210000,0
1641011940000,0.17050000,0.17070000,0.17050000,0.17060000,228590.00000000,1641011999999,38998.23120000,48,222984.00000000,38041.92310000,0
1641012000000,0.17060000,0.17080000,0.17050000,0.17080000,303875.00000000,1641012059999,51855.88170000,53,263916.00000000,45038.88410000,0
1641012060000,0.17080000,0.17080000,0.17070000,0.17080000,10061.00000000,1641012119999,1718.06370000,8,6510.00000000,1111.90800000,0
1641012120000,0.17070000,0.17080000,0.17070000,0.17080000,32834.00000000,1641012179999,5607.92110000,23,31573.00000000,5392.66840000,0
1641012180000,0.17070000,0.17090000,0.17070000,0.17090000,73107.00000000,1641012239999,12487.07520000,29,53834.00000000,9195.26580000,0
1641012240000,0.17080000,0.17080000,0.17060000,0.17060000,158175.00000000,1641012299999,27007.88690000,36,5190.00000000,885.94530000,0
1641012300000,0.17070000,0.17090000,0.17070000,0.17070000,89787.00000000,1641012359999,15331.69340000,35,55766.00000000,9523.10130000,0
1641012360000,0.17070000,0.17080000,0.17060000,0.17060000,149660.00000000,1641012419999,25544.65600000,42,14600.00000000,2492.52930000,0
1641012420000,0.17070000,0.17080000,0.17070000,0.17080000,198876.00000000,1641012479999,33957.87470000,41,195841.00000000,33439.80020000,0
1641012480000,0.17070000,0.17080000,0.17060000,0.17080000,191241.00000000,1641012539999,32644.87630000,42,135754.00000000,23173.31800000,0
1641012540000,0.17080000,0.17090000,0.17070000,0.17090000,156744.00000000,1641012599999,26772.72660000,38,153676.00000000,26248.79750000,0
1641012600000,0.17090000,0.17100000,0.17080000,0.17100000,244816.00000000,1641012659999,41839.35650000,43,159468.00000000,27253.43810000,0
1641012660000,0.17090000,0.17100000,0.17090000,0.17100000,214295.00000000,1641012719999,36623.29760000,35,157988.00000000,27000.43130000,0
1641012720000,0.17090000,0.17100000,0.17090000,0.17100000,54731.00000000,1641012779999,9354.09710000,25,5692.00000000,973.33200000,0
1641012780000,0.17100000,0.17100000,0.17070000,0.17070000,108860.00000000,1641012839999,18597.12180000,38,13961.00000000,2386.75490000,0
1641012840000,0.17080000,0.17080000,0.17070000,0.17070000,8131.00000000,1641012899999,1388.62240000,17,6607.00000000,1128.47560000,0
1641012900000,0.17070000,0.17080000,0.17060000,0.17070000,123419.00000000,1641012959999,21057.94660000,48,73827.00000000,12595.55520000,0
1641012960000,0.17060000,0.17070000,0.17050000,0.17050000,95832.00000000,1641013019999,16348.96450000,25,4150.00000000,708.19560000,0
1641013020000,0.17060000,0.17060000,0.17030000,0.17030000,561261.00000000,1641013079999,95690.13770000,71,8185.00000000,1394.84590000,0
1641013080000,0.17040000,0.17050000,0.17030000,0.17040000,427813.00000000,1641013139999,72887.07810000,76,276944.00000000,47191.26810000,0
1641013140000,0.17030000,0.17040000,0.17010000,0.17020000,407719.00000000,1641013199999,69384.78350000,119,79122.00000000,13472.45110000,0
1641013200000,0.17020000,0.17050000,0.17010000,0.17050000,446704.00000000,1641013259999,76076.68160000,95,377193.00000000,64241.40120000,0
1641013260000,0.17040000,0.17050000,0.17030000,0.17040000,277444.00000000,1641013319999,47276.21090000,57,105799.00000000,18028.26420000,0
1641013320000,0.17040000,0.17050000,0.17030000,0.17040000,289259.00000000,1641013379999,49297.28100000,85,249681.00000000,42553.77580000,0
1641013380000,0.17030000,0.17040000,0.17020000,0.17030000,213889.00000000,1641013439999,36426.48980000,48,93172.00000000,15868.60910000,0
1641013440000,0.17030000,0.17030000,0.17020000,0.17020000,223820.00000000,1641013499999,38103.96930000,60,35064.00000000,5971.39920000,0
1641013500000,0.17030000,0.17030000,0.17010000,0.17010000,23240.00000000,1641013559999,3955.54240000,23,9491.00000000,1615.72550000,0
1641013560000,0.17010000,0.17010000,0.16970000,0.16980000,2718217.00000000,1641013619999,461936.75850000,563,759487.00000000,129024.69920000,0
1641013620000,0.16980000,0.17000000,0.16970000,0.17000000,322253.00000000,1641013679999,54738.05260000,107,306433.00000000,52053.01530000,0
1641013680000,0.16990000,0.17000000,0.16990000,0.17000000,521641.00000000,1641013739999,88678.80070000,44,519948.00000000,88391.16000000,0
1641013740000,0.17000000,0.17000000,0.16990000,0.17000000,125423.00000000,1641013799999,21320.69110000,26,106963.00000000,18183.71000000,0
1641013800000,0.17000000,0.17010000,0.16990000,0.17010000,469778.00000000,1641013859999,79860.99510000,62,454131.00000000,77202.30850000,0
1641013860000,0.17010000,0.17020000,0.17000000,0.17020000,162950.00000000,1641013919999,27716.28450000,58,146617.00000000,24939.67450000,0
1641013920000,0.17020000,0.17020000,0.17000000,0.17010000,185564.00000000,1641013979999,31563.90750000,39,33420.00000000,5685.53290000,0
1641013980000,0.17010000,0.17030000,0.17010000,0.17020000,30961.00000000,1641014039999,5269.14290000,43,26032.00000000,4430.26030000,0
1641014040000,0.17030000,0.17030000,0.17010000,0.17020000,205831.00000000,1641014099999,35022.91770000,46,60178.00000000,10242.51140000,0
1641014100000,0.17020000,0.17020000,0.17010000,0.17020000,130138.00000000,1641014159999,22145.52750000,19,4076.00000000,693.73520000,0
1641014160000,0.17020000,0.17020000,0.17010000,0.17010000,117959.00000000,1641014219999,20065.05540000,31,2295.00000000,390.60900000,0
1641014220000,0.17020000,0.17030000,0.17010000,0.17030000,83569.00000000,1641014279999,14225.33120000,38,78999.00000000,13447.54820000,0
1641014280000,0.17030000,0.17030000,0.17020000,0.17030000,11576.00000000,1641014339999,1971.19130000,14,9561.00000000,1628.23830000,0
1641014340000,0.17030000,0.17030000,0.17020000,0.17030000,8865.00000000,1641014399999,1509.68720000,10,8642.00000000,1471.73260000,0
1641014400000,0.17030000,0.17050000,0.17020000,0.17050000,292052.00000000,1641014459999,49753.48610000,81,227873.00000000,38823.66030000,0
1641014460000,0.17040000,0.17050000,0.17030000,0.17050000,246337.00000000,1641014519999,41975.86830000,40,63590.00000000,10835.84260000,0
1641014520000,0.17050000,0.17110000,0.17040000,0.17090000,1411739.00000000,1641014579999,241136.93300000,283,730250.00000000,124679.09040000,0
1641014580000,0.17100000,0.17170000,0.17100000,0.17150000,1566801.00000000,1641014639999,268556.36060000,280,731471.00000000,125366.28540000,0
1641014640000,0.17150000,0.17230000,0.17140000,0.17210000,1389225.00000000,1641014699999,238709.26800000,306,733395.00000000,126107.08180000,0
1641014700000,0.17210000,0.17220000,0.17190000,0.17200000,827677.00000000,1641014759999,142394.57690000,257,403815.00000000,69469.78440000,0
1641014760000,0.17200000,0.17220000,0.17190000,0.17220000,316550.00000000,1641014819999,54447.78640000,87,258820.00000000,44518.57020000,0
1641014820000,0.17210000,0.17240000,0.17210000,0.17220000,421756.00000000,1641014879999,72653.26250000,146,270331.00000000,46572.06320000,0
1641014880000,0.17230000,0.17230000,0.17200000,0.17210000,596511.00000000,1641014939999,102691.77560000,99,143339.00000000,24669.10520000,0
1641014940000,0.17200000,0.17210000,0.17200000,0.17200000,114817.00000000,1641014999999,19756.86010000,44,83361.00000000,14346.42810000,0
1641015000000,0.17200000,0.17260000,0.17200000,0.17250000,763663.00000000,1641015059999,131643.25260000,262,599291.00000000,103293.74040000,0
1641015060000,0.17240000,0.17250000,0.17230000,0.17240000,197507.00000000,1641015119999,34058.92270000,51,86894.00000000,14989.14830000,0
1641015120000,0.17240000,0.17270000,0.17230000,0.17260000,914804.00000000,1641015179999,157843.05890000,184,771970.00000000,133193.23250000,0
1641015180000,0.17260000,0.17260000,0.17250000,0.17260000,35793.00000000,1641015239999,6175.37260000,36,10801.00000000,1864.25260000,0
1641015240000,0.17260000,0.17260000,0.17240000,0.17240000,141978.00000000,1641015299999,24494.67820000,50,37466.00000000,6466.62540000,0
1641015300000,0.17240000,0.17260000,0.17240000,0.17250000,140077.00000000,1641015359999,24166.56330000,51,109354.00000000,18868.10920000,0
1641015360000,0.17250000,0.17260000,0.17250000,0.17250000,49929.00000000,1641015419999,8613.57630000,35,8238.00000000,1421.87880000,0
1641015420000,0.17260000,0.17260000,0.17230000,0.17240000,246963.00000000,1641015479999,42585.99880000,72,37106.00000000,6400.62660000,0
1641015480000,0.17240000,0.17240000,0.17220000,0.17230000,117889.00000000,1641015539999,20319.93650000,53,9165.00000000,1579.54060000,0
1641015540000,0.17220000,0.17250000,0.17220000,0.17230000,368596.00000000,1641015599999,63534.95870000,66,193030.00000000,33269.03370000,0
1641015600000,0.17230000,0.17240000,0.17230000,0.17240000,318148.00000000,1641015659999,54821.32860000,40,44282.00000000,7634.21680000,0
1641015660000,0.17240000,0.17240000,0.17200000,0.17200000,248551.00000000,1641015719999,42785.00040000,116,57200.00000000,9843.19260000,0
1641015720000,0.17190000,0.17200000,0.17180000,0.17180000,127960.00000000,1641015779999,21994.20610000,43,1445.00000000,248.47960000,0
1641015780000,0.17180000,0.17190000,0.17180000,0.17190000,188948.00000000,1641015839999,32478.44300000,50,120657.00000000,20740.93830000,0
1641015840000,0.17190000,0.17200000,0.17180000,0.17180000,89943.00000000,1641015899999,15460.54080000,28,15706.00000000,2701.36040000,0
1641015900000,0.17180000,0.17180000,0.17150000,0.17170000,455102.00000000,1641015959999,78137.37970000,101,199721.00000000,34279.86740000,0
1641015960000,0.17170000,0.17180000,0.17160000,0.17160000,95780.00000000,1641016019999,16445.08890000,37,57907.00000000,9942.69030000,0
1641016020000,0.17170000,0.17170000,0.17150000,0.17160000,316606.00000000,1641016079999,54330.60210000,51,104152.00000000,17873.52330000,0
1641016080000,0.17150000,0.17160000,0.17150000,0.17150000,156740.00000000,1641016139999,26881.70570000,43,7957.00000000,1365.42120000,0
1641016140000,0.17160000,0.17180000,0.17160000,0.17180000,311714.00000000,1641016199999,53510.91830000,79,249015.00000000,42748.47600000,0
1641016200000,0.17180000,0.17180000,0.17160000,0.17160000,17374.00000000,1641016259999,2983.72000000,21,9641.00000000,1656.09650000,0
1641016260000,0.17160000,0.17180000,0.17160000,0.17170000,213979.00000000,1641016319999,36740.08680000,44,195217.00000000,33518.78780000,0
1641016320000,0.17160000,0.17190000,0.17160000,0.17190000,127704.00000000,1641016379999,21931.62360000,38,117387.00000000,20160.00730000,0
1641016380000,0.17180000,0.17190000,0.17170000,0.17190000,238068.00000000,1641016439999,40897.91560000,38,182616.00000000,31375.26460000,0
1641016440000,0.17180000,0.17200000,0.17180000,0.17180000,121070.00000000,1641016499999,20811.52070000,33,111483.00000000,19163.93950000,0
1641016500000,0.17190000,0.17200000,0.17180000,0.17190000,98897.00000000,1641016559999,16997.34630000,42,23026.00000000,3958.23680000,0
1641016560000,0.17190000,0.17190000,0.17160000,0.17170000,244694.00000000,1641016619999,42034.10290000,41,2036.00000000,349.75730000,0
1641016620000,0.17160000,0.17170000,0.17150000,0.17160000,193879.00000000,1641016679999,33268.74330000,59,91350.00000000,15675.67630000,0
1641016680000,0.17160000,0.17170000,0.17160000,0.17170000,38109.00000000,1641016739999,6539.70130000,20,24411.00000000,4189.12450000,0
1641016740000,0.17160000,0.17180000,0.17160000,0.17170000,142123.00000000,1641016799999,24399.82910000,39,45392.00000000,7793.83620000,0
1641016800000,0.17170000,0.17180000,0.17170000,0.17170000,63007.00000000,1641016859999,10818.62940000,24,35477.00000000,6091.72840000,0
1641016860000,0.17170000,0.17170000,0.17150000,0.17150000,248235.00000000,1641016919999,42592.75710000,44,3037.00000000,521.41040000,0
1641016920000,0.17160000,0.17160000,0.17150000,0.17160000,19495.00000000,1641016979999,3343.67300000,33,2805.00000000,481.33800000,0
1641016980000,0.17150000,0.17150000,0.17140000,0.17150000,96420.00000000,1641017039999,16529.38710000,47,26774.00000000,4591.74100000,0
1641017040000,0.17160000,0.17160000,0.17140000,0.17140000,124276.00000000,1641017099999,21311.14510000,32,12154.00000000,2084.72320000,0
1641017100000,0.17150000,0.17150000,0.17140000,0.17150000,20344.00000000,1641017159999,3487.36070000,21,3991.00000000,684.45650000,0
1641017160000,0.17150000,0.17160000,0.17150000,0.17150000,120283.00000000,1641017219999,20629.14480000,33,105628.00000000,18115.81230000,0
1641017220000,0.17150000,0.17160000,0.17150000,0.17160000,35962.00000000,1641017279999,6170.60200000,28,31190.00000000,5352.20400000,0
1641017280000,0.17160000,0.17170000,0.17160000,0.17160000,30977.00000000,1641017339999,5318.60820000,20,29977.00000000,5147.00820000,0
1641017340000,0.17170000,0.17200000,0.17170000,0.17180000,177722.00000000,1641017399999,30537.80900000,93,115517.00000000,19846.68100000,0
1641017400000,0.17190000,0.17190000,0.17180000,0.17180000,35685.00000000,1641017459999,6133.88410000,21,32011.00000000,5502.69090000,0
1641017460000,0.17180000,0.17200000,0.17180000,0.17200000,90465.00000000,1641017519999,15553.34560000,39,46766.00000000,8042.08820000,0
1641017520000,0.17200000,0.17200000,0.17190000,0.17200000,23087.00000000,1641017579999,3970.52770000,23,18724.00000000,3220.52800000,0
1641017580000,0.17200000,0.17220000,0.17200000,0.17210000,228379.00000000,1641017639999,39302.68100000,65,76421.00000000,13151.03380000,0
1641017640000,0.17210000,0.17210000,0.17200000,0.17210000,12007.00000000,1641017699999,2065.53010000,17,3261.00000000,561.21810000,0
1641017700000,0.17200000,0.17210000,0.17190000,0.17190000,75741.00000000,1641017759999,13027.08760000,33,7053.00000000,1213.24600000,0
1641017760000,0.17190000,0.17200000,0.17180000,0.17180000,107488.00000000,1641017819999,18477.50560000,32,4373.00000000,752.15600000,0
1641017820000,0.17180000,0.17190000,0.17180000,0.17190000,106844.00000000,1641017879999,18366.32050000,30,71353.00000000,12265.58070000,0
1641017880000,0.17180000,0.17190000,0.17170000,0.17170000,39707.00000000,1641017939999,6820.29340000,38,4503.00000000,773.83020000,0
1641017940000,0.17170000,0.17180000,0.17170000,0.17170000,27400.00000000,1641017999999,4706.45110000,20,18711.00000000,3214.54980000,0
1641018000000,0.17170000,0.17180000,0.17170000,0.17180000,10490.00000000,1641018059999,1802.00680000,15,8738.00000000,1501.18840000,0
1641018060000,0.17180000,0.17180000,0.17170000,0.17180000,129912.00000000,1641018119999,22316.16360000,32,102732.00000000,17649.35760000,0
1641018120000,0.17180000,0.17180000,0.17160000,0.17160000,331814.00000000,1641018179999,56969.91720000,72,77117.00000000,13241.34710000,0
1641018180000,0.17170000,0.17170000,0.17160000,0.17160000,33090.00000000,1641018239999,5679.23410000,19,9901.00000000,1700.00170000,0
1641018240000,0.17160000,0.17170000,0.17160000,0.17160000,44205.00000000,1641018299999,7586.16930000,18,5913.00000000,1015.26210000,0
1641018300000,0.17160000,0.17170000,0.17150000,0.17160000,131657.00000000,1641018359999,22591.86520000,41,125634.00000000,21558.80290000,0
1641018360000,0.17160000,0.17160000,0.17140000,0.17150000,112594.00000000,1641018419999,19307.40180000,37,22058.00000000,3785.07930000,0
1641018420000,0.17150000,0.17160000,0.17150000,0.17150000,235981.00000000,1641018479999,40471.70360000,40,50757.00000000,8705.78760000,0
1641018480000,0.17160000,0.17160000,0.17150000,0.17150000,17273.00000000,1641018539999,2963.36250000,19,10430.00000000,1789.78800000,0
1641018540000,0.17160000,0.17160000,0.17160000,0.17160000,6116.00000000,1641018599999,1049.50560000,11,6116.00000000,1049.50560000,0
1641018600000,0.17150000,0.17160000,0.17140000,0.17150000,219339.00000000,1641018659999,37616.64510000,39,122007.00000000,20924.23200000,0
1641018660000,0.17160000,0.17160000,0.17150000,0.17160000,19905.00000000,1641018719999,3413.79620000,12,887.00000000,152.20920000,0
1641018720000,0.17160000,0.17160000,0.17150000,0.17160000,83469.00000000,1641018779999,14318.70380000,32,37703.00000000,6469.83480000,0
1641018780000,0.17160000,0.17160000,0.17150000,0.17150000,39087.00000000,1641018839999,6704.34000000,26,9195.00000000,1577.86200000,0
1641018840000,0.17160000,0.17180000,0.17160000,0.17180000,303192.00000000,1641018899999,52045.80290000,77,268675.00000000,46119.58390000,0
1641018900000,0.17170000,0.17180000,0.17160000,0.17170000,169275.00000000,1641018959999,29064.34650000,37,119211.00000000,20468.63690000,0
1641018960000,0.17170000,0.17180000,0.17170000,0.17170000,19469.00000000,1641019019999,3344.55400000,22,17267.00000000,2966.47060000,0
1641019020000,0.17170000,0.17170000,0.17150000,0.17160000,689486.00000000,1641019079999,118337.55730000,98,353866.00000000,60738.90800000,0
1641019080000,0.17160000,0.17160000,0.17150000,0.17160000,37551.00000000,1641019139999,6441.77860000,24,17821.00000000,3058.08360000,0
1641019140000,0.17160000,0.17160000,0.17140000,0.17150000,31110.00000000,1641019199999,5334.64130000,23,6724.00000000,1153.33810000,0
1641019200000,0.17140000,0.17170000,0.17140000,0.17160000,357172.00000000,1641019259999,61278.03160000,42,284423.00000000,48794.46320000,0
1641019260000,0.17160000,0.17160000,0.17160000,0.17160000,5536.00000000,1641019319999,949.97760000,12,5536.00000000,949.97760000,0
1641019320000,0.17150000,0.17170000,0.17150000,0.17170000,208830.00000000,1641019379999,35840.13090000,44,205030.00000000,35188.17350000,0
1641019380000,0.17160000,0.17170000,0.17150000,0.17150000,85373.00000000,1641019439999,14650.50520000,26,6349.00000000,1090.02620000,0
1641019440000,0.17160000,0.17160000,0.17150000,0.17150000,56652.00000000,1641019499999,9719.53470000,21,37167.00000000,6377.85720000,0
1641019500000,0.17150000,0.17180000,0.17140000,0.17180000,156743.00000000,1641019559999,26891.78990000,61,118260.00000000,20292.39280000,0
1641019560000,0.17170000,0.17180000,0.17160000,0.17170000,54114.00000000,1641019619999,9291.39020000,19,415.00000000,71.29080000,0
1641019620000,0.17170000,0.17170000,0.17120000,0.17130000,556400.00000000,1641019679999,95390.94870000,90,7389.00000000,1266.47010000,0
1641019680000,0.17120000,0.17130000,0.17120000,0.17120000,204134.00000000,1641019739999,34948.35050000,52,96373.00000000,16499.66730000,0
1641019740000,0.17120000,0.17140000,0.17120000,0.17130000,203858.00000000,1641019799999,34919.87560000,41,185484.00000000,31773.48900000,0
1641019800000,0.17120000,0.17130000,0.17120000,0.17120000,68302.00000000,1641019859999,11696.27780000,33,47434.00000000,8123.67620000,0
1641019860000,0.17120000,0.17130000,0.17120000,0.17130000,37016.00000000,1641019919999,6337.93800000,26,29266.00000000,5011.13800000,0
1641019920000,0.17130000,0.17130000,0.17120000,0.17120000,10045.00000000,1641019979999,1720.58300000,11,8790.00000000,1505.72700000,0
1641019980000,0.17130000,0.17130000,0.17120000,0.17120000,45672.00000000,1641020039999,7821.28430000,26,22379.00000000,3833.52270000,0
1641020040000,0.17120000,0.17130000,0.17120000,0.17120000,14000.00000000,1641020099999,2397.41550000,15,6155.00000000,1054.35150000,0
1641020100000,0.17120000,0.17130000,0.17120000,0.17130000,100574.00000000,1641020159999,17222.23180000,31,39630.00000000,6788.61900000,0
1641020160000,0.17120000,0.17140000,0.17120000,0.17140000,206629.00000000,1641020219999,35395.22320000,39,190412.00000000,32618.79030000,0
1641020220000,0.17140000,0.17150000,0.17140000,0.17150000,142659.00000000,1641020279999,24451.90050000,38,135977.00000000,23306.60570000,0
1641020280000,0.17140000,0.17140000,0.17130000,0.17140000,514036.00000000,1641020339999,88105.70890000,30,159130.00000000,27274.88200000,0
1641020340000,0.17140000,0.17140000,0.17090000,0.17110000,1058183.00000000,1641020399999,181103.23920000,156,200250.00000000,34251.62860000,0
1641020400000,0.17110000,0.17110000,0.17090000,0.17110000,229162.00000000,1641020459999,39186.93450000,53,102927.00000000,17601.09240000,0
1641020460000,0.17100000,0.17100000,0.17080000,0.17090000,260772.00000000,1641020519999,44569.54030000,64,153745.00000000,26275.35600000,0
1641020520000,0.17090000,0.17100000,0.17090000,0.17100000,93774.00000000,1641020579999,16034.79810000,26,83699.00000000,14312.52900000,0
1641020580000,0.17100000,0.17120000,0.17090000,0.17120000,125281.00000000,1641020639999,21429.48050000,45,117542.00000000,20105.89680000,0
1641020640000,0.17110000,0.17120000,0.17100000,0.17120000,100755.00000000,1641020699999,17244.84330000,40,43964.00000000,7526.00610000,0
1641020700000,0.17120000,0.17120000,0.17110000,0.17110000,51591.00000000,1641020759999,8832.25690000,24,5785.00000000,990.39200000,0
1641020760000,0.17120000,0.17120000,0.17110000,0.17120000,17206.00000000,1641020819999,2944.47850000,12,5319.00000000,910.61280000,0
1641020820000,0.17110000,0.17110000,0.17100000,0.17100000,72249.00000000,1641020879999,12361.50410000,25,1832.00000000,313.45520000,0
1641020880000,0.17110000,0.17110000,0.17060000,0.17080000,842835.00000000,1641020939999,143946.08100000,199,385398.00000000,65808.54440000,0
1641020940000,0.17080000,0.17090000,0.17070000,0.17080000,87578.00000000,1641020999999,14958.67340000,26,76874.00000000,13130.44210000,0
1641021000000,0.17080000,0.17090000,0.17080000,0.17080000,18251.00000000,1641021059999,3118.46840000,20,11976.00000000,2046.69840000,0
1641021060000,0.17080000,0.17100000,0.17080000,0.17090000,179014.00000000,1641021119999,30592.75380000,51,163836.00000000,27999.88960000,0
1641021120000,0.17090000,0.17100000,0.17090000,0.17100000,186409.00000000,1641021179999,31857.38480000,32,139110.00000000,23773.98570000,0
1641021180000,0.17100000,0.17100000,0.17080000,0.17090000,101763.00000000,1641021239999,17391.19020000,27,52313.00000000,8940.33570000,0
1641021240000,0.17100000,0.17100000,0.17090000,0.17100000,26259.00000000,1641021299999,4489.45360000,18,17905.00000000,3061.75500000,0
1641021300000,0.17100000,0.17100000,0.17080000,0.17100000,393678.00000000,1641021359999,67261.27430000,58,113027.00000000,19317.62140000,0
1641021360000,0.17100000,0.17110000,0.17090000,0.17100000,339942.00000000,1641021419999,58130.41990000,58,291478.00000000,49846.69690000,0
1641021420000,0.17110000,0.17110000,0.17100000,0.17100000,30150.00000000,1641021479999,5158.00330000,24,23533.00000000,4026.49630000,0
1641021480000,0.17100000,0.17120000,0.17100000,0.17110000,101585.00000000,1641021539999,17381.07880000,23,50025.00000000,8559.34960000,0
1641021540000,0.17110000,0.17120000,0.17090000,0.17110000,484406.00000000,1641021599999,82868.39760000,80,265118.00000000,45356.24060000,0
1641021600000,0.17110000,0.17110000,0.17100000,0.17100000,12332.00000000,1641021659999,2109.74960000,14,9776.00000000,1672.67360000,0
1641021660000,0.17100000,0.17110000,0.17100000,0.17100000,28881.00000000,1641021719999,4940.43380000,18,17828.00000000,3050.37080000,0
1641021720000,0.17100000,0.17110000,0.17100000,0.17100000,128551.00000000,1641021779999,21983.02170000,31,18039.00000000,3085.46970000,0
1641021780000,0.17090000,0.17100000,0.17090000,0.17100000,12195.00000000,1641021839999,2085.20040000,18,10749.00000000,1838.07900000,0
1641021840000,0.17090000,0.17100000,0.17090000,0.17090000,20419.00000000,1641021899999,3490.90760000,28,13005.00000000,2223.85500000,0
1641021900000,0.17100000,0.17100000,0.17090000,0.17090000,22030.00000000,1641021959999,3766.12600000,26,11990.00000000,2050.29000000,0
1641021960000,0.17090000,0.17100000,0.17090000,0.17100000,23075.00000000,1641022019999,3944.62530000,23,11078.00000000,1894.33800000,0
1641022020000,0.17090000,0.17100000,0.17090000,0.17090000,45469.00000000,1641022079999,7771.31160000,24,6595.00000000,1127.74500000,0
1641022080000,0.17100000,0.17100000,0.17090000,0.17100000,12512.00000000,1641022139999,2139.13140000,16,8306.00000000,1420.32600000,0
1641022140000,0.17090000,0.17100000,0.17090000,0.17100000,17392.00000000,1641022199999,2972.74380000,18,4510.00000000,771.21000000,0
1641022200000,0.17090000,0.17100000,0.17090000,0.17090000,145363.00000000,1641022259999,24842.90490000,29,51880.00000000,8866.66020000,0
1641022260000,0.17090000,0.17100000,0.17090000,0.17090000,25566.00000000,1641022319999,4371.14240000,21,19130.00000000,3271.23000000,0
1641022320000,0.17100000,0.17100000,0.17090000,0.17090000,25457.00000000,1641022379999,4351.54290000,37,9416.00000000,1610.13600000,0
1641022380000,0.17090000,0.17100000,0.17090000,0.17100000,22334.00000000,1641022439999,3818.82780000,17,19472.00000000,3329.71200000,0
1641022440000,0.17100000,0.17110000,0.17100000,0.17100000,140322.00000000,1641022499999,23995.47730000,38,80359.00000000,13741.80430000,0
1641022500000,0.17110000,0.17110000,0.17100000,0.17100000,213321.00000000,1641022559999,36498.08670000,42,201957.00000000,34554.84270000,0
1641022560000,0.17110000,0.17120000,0.17100000,0.17120000,99017.00000000,1641022619999,16942.22400000,31,67153.00000000,11490.69950000,0
1641022620000,0.17120000,0.17140000,0.17120000,0.17130000,360194.00000000,1641022679999,61696.28720000,63,173405.00000000,29700.24400000,0
1641022680000,0.17140000,0.17140000,0.17130000,0.17140000,20451.00000000,1641022739999,3504.43380000,27,11775.00000000,2018.23500000,0
1641022740000,0.17130000,0.17140000,0.17130000,0.17140000,18305.00000000,1641022799999,3137.11380000,27,14673.00000000,2514.95220000,0
1641022800000,0.17130000,0.17140000,0.17130000,0.17130000,73987.00000000,1641022859999,12677.84950000,28,38764.00000000,6644.14960000,0
1641022860000,0.17140000,0.17160000,0.17130000,0.17160000,743648.00000000,1641022919999,127478.35470000,88,698852.00000000,119796.70150000,0
1641022920000,0.17160000,0.17160000,0.17150000,0.17160000,32970.00000000,1641022979999,5655.04420000,37,6892.00000000,1182.66720000,0
1641022980000,0.17150000,0.17160000,0.17150000,0.17160000,14175.00000000,1641023039999,2431.94830000,20,9358.00000000,1605.83280000,0
1641023040000,0.17160000,0.17160000,0.17150000,0.17160000,10448.00000000,1641023099999,1792.69340000,19,8614.00000000,1478.16240000,0
1641023100000,0.17160000,0.17160000,0.17150000,0.17160000,10240.00000000,1641023159999,1756.71850000,17,5585.00000000,958.38600000,0
1641023160000,0.17160000,0.17160000,0.17150000,0.17150000,14900.00000000,1641023219999,2555.83610000,14,4861.00000000,834.14760000,0
1641023220000,0.17160000,0.17170000,0.17150000,0.17160000,887692.00000000,1641023279999,152328.27550000,77,753591.00000000,129317.25210000,0
1641023280000,0.17150000,0.17160000,0.17150000,0.17150000,165214.00000000,1641023339999,28334.29370000,57,46898.00000000,8043.09970000,0
1641023340000,0.17150000,0.17150000,0.17140000,0.17150000,14347.00000000,1641023399999,2459.20410000,17,1283.00000000,220.03450000,0
1641023400000,0.17140000,0.17150000,0.17140000,0.17150000,5748.00000000,1641023459999,985.68460000,14,4774.00000000,818.74100000,0
1641023460000,0.17140000,0.17150000,0.17140000,0.17150000,66623.00000000,1641023519999,11424.83780000,31,56556.00000000,9699.35400000,0
1641023520000,0.17150000,0.17150000,0.17130000,0.17150000,817378.00000000,1641023579999,140080.67440000,89,350632.00000000,60102.05250000,0
1641023580000,0.17150000,0.17150000,0.17130000,0.17140000,49518.00000000,1641023639999,8487.43500000,23,8420.00000000,1443.37210000,0
1641023640000,0.17130000,0.17140000,0.17130000,0.17140000,65253.00000000,1641023699999,11182.63790000,34,47990.00000000,8225.48600000,0
1641023700000,0.17140000,0.17150000,0.17130000,0.17130000,440618.00000000,1641023759999,75517.64100000,57,372733.00000000,63886.52860000,0
1641023760000,0.17130000,0.17130000,0.17110000,0.17120000,239869.00000000,1641023819999,41065.89230000,56,29380.00000000,5030.18150000,0
1641023820000,0.17110000,0.17130000,0.17110000,0.17130000,375605.00000000,1641023879999,64314.42080000,57,370401.00000000,63423.92470000,0
1641023880000,0.17120000,0.17150000,0.17110000,0.17140000,1766656.00000000,1641023939999,302555.35230000,213,1554581.00000000,266253.56050000,0
1641023940000,0.17150000,0.17150000,0.17130000,0.17130000,311683.00000000,1641023999999,53432.86840000,60,239990.00000000,41146.00380000,0
1641024000000,0.17130000,0.17140000,0.17120000,0.17130000,243266.00000000,1641024059999,41672.50410000,66,190184.00000000,32580.03820000,0
1641024060000,0.17130000,0.17130000,0.17110000,0.17110000,162716.00000000,1641024119999,27844.48310000,51,114795.00000000,19643.77520000,0
1641024120000,0.17110000,0.17120000,0.17100000,0.17110000,93520.00000000,1641024179999,16002.59920000,46,31308.00000000,5358.18850000,0
1641024180000,0.17120000,0.17120000,0.17110000,0.17120000,7665.00000000,1641024239999,1312.11420000,18,6327.00000000,1083.18240000,0
1641024240000,0.17110000,0.17130000,0.17110000,0.17130000,17539.00000000,1641024299999,3001.61070000,29,5621.00000000,962.44090000,0
1641024300000,0.17130000,0.17130000,0.17120000,0.17130000,41930.00000000,1641024359999,7179.90450000,32,14885.00000000,2549.80050000,0
1641024360000,0.17120000,0.17130000,0.17110000,0.17120000,69783.00000000,1641024419999,11947.49150000,34,42366.00000000,7254.11140000,0
1641024420000,0.17110000,0.17120000,0.17110000,0.17110000,101287.00000000,1641024479999,17331.26320000,33,21723.00000000,3717.86280000,0
1641024480000,0.17110000,0.17120000,0.17100000,0.17120000,26230.00000000,1641024539999,4488.51600000,29,20182.00000000,3453.70960000,0
1641024540000,0.17120000,0.17120000,0.17110000,0.17110000,12967.00000000,1641024599999,2219.48130000,22,8276.00000000,1416.85120000,0
1641024600000,0.17120000,0.17120000,0.17110000,0.17120000,23804.00000000,1641024659999,4074.02080000,20,11564.00000000,1979.75680000,0
1641024660000,0.17120000,0.17120000,0.17110000,0.17110000,25043.00000000,1641024719999,4285.73030000,17,8730.00000000,1494.57600000,0
1641024720000,0.17120000,0.17120000,0.17110000,0.17110000,52994.00000000,1641024779999,9070.82780000,25,35544.00000000,6085.13280000,0
1641024780000,0.17120000,0.17120000,0.17110000,0.17120000,131417.00000000,1641024839999,22486.49070000,37,10420.00000000,1783.90400000,0
1641024840000,0.17120000,0.17130000,0.17120000,0.17120000,227130.00000000,1641024899999,38893.98200000,61,153781.00000000,26331.09610000,0
1641024900000,0.17130000,0.17160000,0.17120000,0.17150000,574658.00000000,1641024959999,98517.89510000,133,473375.00000000,81153.13910000,0
1641024960000,0.17150000,0.17170000,0.17140000,0.17170000,541658.00000000,1641025019999,92900.50680000,84,298039.00000000,51125.15370000,0
1641025020000,0.17160000,0.17180000,0.17160000,0.17180000,448617.00000000,1641025079999,77027.82990000,75,327863.00000000,56297.48180000,0
1641025080000,0.17180000,0.17180000,0.17160000,0.17170000,56382.00000000,1641025139999,9680.44130000,33,7607.00000000,1306.13210000,0
1641025140000,0.17160000,0.17170000,0.17150000,0.17170000,206822.00000000,1641025199999,35490.44370000,51,60587.00000000,10397.10600000,0
1641025200000,0.17160000,0.17170000,0.17160000,0.17160000,196461.00000000,1641025259999,33714.05160000,47,41634.00000000,7145.73840000,0
1641025260000,0.17170000,0.17170000,0.17150000,0.17160000,230513.00000000,1641025319999,39554.88560000,23,714.00000000,122.58200000,0
1641025320000,0.17160000,0.17170000,0.17160000,0.17170000,80164.00000000,1641025379999,13761.81810000,28,79469.00000000,13642.55610000,0
1641025380000,0.17160000,0.17170000,0.17160000,0.17160000,89295.00000000,1641025439999,15323.30670000,20,2847.00000000,488.82990000,0
1641025440000,0.17160000,0.17170000,0.17160000,0.17170000,18362.00000000,1641025499999,3152.13360000,20,12144.00000000,2085.12480000,0
1641025500000,0.17160000,0.17180000,0.17160000,0.17170000,50061.00000000,1641025559999,8596.91190000,30,43754.00000000,7514.00780000,0
1641025560000,0.17180000,0.17180000,0.17170000,0.17180000,28123.00000000,1641025619999,4829.79670000,21,10776.00000000,1851.31680000,0
1641025620000,0.17180000,0.17180000,0.17170000,0.17180000,7440.00000000,1641025679999,1277.63700000,15,1890.00000000,324.70200000,0
1641025680000,0.17170000,0.17190000,0.17170000,0.17190000,150999.00000000,1641025739999,25941.09270000,51,144100.00000000,24756.39160000,0
1641025740000,0.17190000,0.17200000,0.17170000,0.17180000,336253.00000000,1641025799999,57792.62620000,79,162721.00000000,27971.20820000,0
1641025800000,0.17180000,0.17190000,0.17160000,0.17160000,482016.00000000,1641025859999,82771.91800000,84,39465.00000000,6777.79410000,0
1641025860000,0.17160000,0.17180000,0.17160000,0.17170000,149234.00000000,1641025919999,25623.50460000,33,116891.00000000,20070.33620000,0
1641025920000,0.17170000,0.17180000,0.17160000,0.17160000,159269.00000000,1641025979999,27344.42500000,37,6805.00000000,1168.61770000,0
1641025980000,0.17160000,0.17170000,0.17150000,0.17150000,208268.00000000,1641026039999,35739.27260000,53,12487.00000000,2144.01790000,0
1641026040000,0.17160000,0.17160000,0.17150000,0.17160000,13763.00000000,1641026099999,2361.06660000,13,7121.00000000,1221.96360000,0
1641026100000,0.17150000,0.17170000,0.17150000,0.17170000,127159.00000000,1641026159999,21821.20810000,29,119445.00000000,20497.85260000,0
1641026160000,0.17160000,0.17170000,0.17160000,0.17160000,157970.00000000,1641026219999,27120.34710000,39,126951.00000000,21797.48670000,0
1641026220000,0.17160000,0.17170000,0.17160000,0.17160000,22985.00000000,1641026279999,3944.86420000,21,6382.00000000,1095.78940000,0
1641026280000,0.17170000,0.17170000,0.17150000,0.17160000,240235.00000000,1641026339999,41220.73880000,56,38185.00000000,6552.60110000,0
1641026340000,0.17160000,0.17170000,0.17150000,0.17160000,65489.00000000,1641026399999,11236.07080000,28,2721.00000000,467.03150000,0
1641026400000,0.17150000,0.17170000,0.17150000,0.17170000,237079.00000000,1641026459999,40699.89110000,42,228572.00000000,39240.77160000,0
1641026460000,0.17170000,0.17170000,0.17150000,0.17150000,128832.00000000,1641026519999,22108.34970000,39,8989.00000000,1543.37750000,0
1641026520000,0.17150000,0.17170000,0.17150000,0.17170000,45655.00000000,1641026579999,7836.54380000,18,41342.00000000,7096.56820000,0
1641026580000,0.17160000,0.17170000,0.17160000,0.17160000,4610.00000000,1641026639999,791.30590000,10,2299.00000000,394.73830000,0
1641026640000,0.17160000,0.17170000,0.17160000,0.17170000,26930.00000000,1641026699999,4622.06820000,13,8802.00000000,1511.30340000,0
1641026700000,0.17170000,0.17170000,0.17160000,0.17170000,123296.00000000,1641026759999,21169.73520000,59,61651.00000000,10585.47670000,0
1641026760000,0.17170000,0.17190000,0.17170000,0.17180000,270436.00000000,1641026819999,46457.15300000,85,171490.00000000,29462.21820000,0
1641026820000,0.17170000,0.17190000,0.17170000,0.17170000,176901.00000000,1641026879999,30390.53410000,47,95344.00000000,16380.15600000,0
1641026880000,0.17180000,0.17180000,0.17170000,0.17180000,17556.00000000,1641026939999,3015.61280000,16,12476.00000000,2143.37680000,0
1641026940000,0.17180000,0.17180000,0.17160000,0.17170000,68115.00000000,1641026999999,11695.32630000,28,7875.00000000,1352.17050000,0
1641027000000,0.17170000,0.17170000,0.17160000,0.17170000,17802.00000000,1641027059999,3056.01630000,28,11931.00000000,2048.55270000,0
1641027060000,0.17160000,0.17170000,0.17150000,0.17160000,21174.00000000,1641027119999,3633.87330000,36,7845.00000000,1346.96950000,0
1641027120000,0.17160000,0.17160000,0.17140000,0.17140000,40978.00000000,1641027179999,7027.35990000,41,4679.00000000,802.70200000,0
1641027180000,0.17140000,0.17150000,0.17130000,0.17130000,122084.00000000,1641027239999,20924.64420000,45,20758.00000000,3557.96420000,0
1641027240000,0.17140000,0.17150000,0.17130000,0.17150000,25354.00000000,1641027299999,4346.23840000,23,17994.00000000,3084.77240000,0
1641027300000,0.17150000,0.17150000,0.17140000,0.17150000,53814.00000000,1641027359999,9224.89710000,28,11775.00000000,2019.41250000,0
1641027360000,0.17140000,0.17150000,0.17140000,0.17140000,22055.00000000,1641027419999,3780.40730000,18,1803.00000000,309.21450000,0
1641027420000,0.17140000,0.17160000,0.17140000,0.17160000,219992.00000000,1641027479999,37728.66690000,39,114304.00000000,19603.32280000,0
1641027480000,0.17160000,0.17170000,0.17150000,0.17160000,145047.00000000,1641027539999,24888.95760000,48,110210.00000000,18912.10250000,0
1641027540000,0.17160000,0.17170000,0.17160000,0.17170000,26262.00000000,1641027599999,4507.32500000,25,7658.00000000,1314.87860000,0
1641027600000,0.17160000,0.17180000,0.17160000,0.17170000,160661.00000000,1641027659999,27593.96160000,86,135753.00000000,23317.33170000,0
1641027660000,0.17180000,0.17180000,0.17150000,0.17150000,113692.00000000,1641027719999,19522.62300000,63,70826.00000000,12165.85830000,0
1641027720000,0.17160000,0.17160000,0.17150000,0.17150000,42185.00000000,1641027779999,7236.47890000,22,17514.00000000,3005.40240000,0
1641027780000,0.17160000,0.17170000,0.17150000,0.17160000,757873.00000000,1641027839999,130001.54260000,79,49129.00000000,8430.98300000,0
1641027840000,0.17160000,0.17160000,0.17150000,0.17150000,24400.00000000,1641027899999,4186.83620000,18,22362.00000000,3837.31920000,0
1641027900000,0.17160000,0.17180000,0.17150000,0.17180000,3820426.00000000,1641027959999,655683.22640000,180,3816231.00000000,654962.96410000,0
1641027960000,0.17180000,0.17190000,0.17170000,0.17180000,108150.00000000,1641028019999,18584.29980000,60,94140.00000000,16177.42530000,0
1641028020000,0.17170000,0.17180000,0.17170000,0.17170000,40161.00000000,1641028079999,6897.04180000,27,13981.00000000,2401.93580000,0
1641028080000,0.17170000,0.17180000,0.17160000,0.17180000,155241.00000000,1641028139999,26656.09810000,50,50166.00000000,8614.81670000,0
1641028140000,0.17170000,0.17180000,0.17160000,0.17170000,99555.00000000,1641028199999,17094.53720000,49,41849.00000000,7186.66830000,0
1641028200000,0.17180000,0.17190000,0.17170000,0.17190000,73005.00000000,1641028259999,12542.50930000,33,65184.00000000,11199.07150000,0
1641028260000,0.17180000,0.17190000,0.17180000,0.17190000,57703.00000000,1641028319999,9915.64120000,35,22658.00000000,3894.91020000,0
1641028320000,0.17190000,0.17190000,0.17180000,0.17180000,19486.00000000,1641028379999,3349.49520000,24,18004.00000000,3094.88760000,0
1641028380000,0.17190000,0.17190000,0.17180000,0.17180000,68913.00000000,1641028439999,11845.69750000,44,64441.00000000,11077.40790000,0
1641028440000,0.17180000,0.17190000,0.17180000,0.17190000,33495.00000000,1641028499999,5755.24840000,19,8074.00000000,1387.92060000,0
1641028500000,0.17190000,0.17190000,0.17180000,0.17190000,48651.00000000,1641028559999,8362.92150000,29,46797.00000000,8044.40430000,0
1641028560000,0.17180000,0.17190000,0.17180000,0.17190000,35230.00000000,1641028619999,6055.40870000,36,28947.00000000,4975.98930000,0
1641028620000,0.17190000,0.17190000,0.17170000,0.17180000,119368.00000000,1641028679999,20507.92250000,53,10988.00000000,1888.34370000,0
1641028680000,0.17180000,0.17180000,0.17170000,0.17180000,36744.00000000,1641028739999,6311.20500000,25,22602.00000000,3883.02360000,0
1641028740000,0.17180000,0.17180000,0.17170000,0.17180000,36746.00000000,1641028799999,6310.48560000,47,11974.00000000,2057.13320000,0
1641028800000,0.17180000,0.17180000,0.17170000,0.17180000,33836.00000000,1641028859999,5811.69840000,43,20572.00000000,3534.26960000,0
1641028860000,0.17180000,0.17180000,0.17170000,0.17170000,29733.00000000,1641028919999,5107.53950000,31,23834.00000000,4094.68120000,0
1641028920000,0.17170000,0.17180000,0.17170000,0.17180000,27684.00000000,1641028979999,4755.48290000,25,21401.00000000,3676.69180000,0
1641028980000,0.17170000,0.17180000,0.17170000,0.17180000,16820.00000000,1641029039999,2888.81690000,25,8229.00000000,1413.74220000,0
1641029040000,0.17180000,0.17180000,0.17170000,0.17180000,32487.00000000,1641029099999,5579.92930000,30,19114.00000000,3283.78520000,0
1641029100000,0.17180000,0.17180000,0.17160000,0.17170000,142608.00000000,1641029159999,24486.38030000,45,18610.00000000,3196.25210000,0
1641029160000,0.17170000,0.17170000,0.17160000,0.17170000,51636.00000000,1641029219999,8865.74600000,30,50084.00000000,8599.42280000,0
1641029220000,0.17170000,0.17180000,0.17160000,0.17180000,66424.00000000,1641029279999,11406.53090000,57,54049.00000000,9282.82560000,0
1641029280000,0.17180000,0.17180000,0.17170000,0.17170000,30275.00000000,1641029339999,5200.46240000,27,22449.00000000,3856.73820000,0
1641029340000,0.17180000,0.17180000,0.17160000,0.17160000,105123.00000000,1641029399999,18057.08900000,36,78168.00000000,13429.05330000,0
1641029400000,0.17160000,0.17160000,0.17150000,0.17150000,85505.00000000,1641029459999,14669.86020000,45,11711.00000000,2009.60760000,0
1641029460000,0.17150000,0.17160000,0.17150000,0.17160000,185241.00000000,1641029519999,31769.05500000,41,2235.00000000,383.52600000,0
1641029520000,0.17160000,0.17160000,0.17150000,0.17150000,11044.00000000,1641029579999,1894.64290000,25,5969.00000000,1024.28040000,0
1641029580000,0.17160000,0.17160000,0.17140000,0.17140000,214354.00000000,1641029639999,36747.16380000,66,1780.00000000,305.28250000,0
1641029640000,0.17150000,0.17150000,0.17140000,0.17140000,41245.00000000,1641029699999,7069.94920000,25,10373.00000000,1778.48840000,0
1641029700000,0.17140000,0.17140000,0.17110000,0.17110000,346292.00000000,1641029759999,59312.84720000,86,121177.00000000,20757.10010000,0
1641029760000,0.17120000,0.17120000,0.17100000,0.17110000,76083.00000000,1641029819999,13016.01650000,49,23322.00000000,3990.40680000,0
1641029820000,0.17100000,0.17110000,0.17090000,0.17110000,128799.00000000,1641029879999,22024.70870000,84,62994.00000000,10772.16950000,0
1641029880000,0.17110000,0.17110000,0.17090000,0.17100000,135065.00000000,1641029939999,23091.73090000,53,4940.00000000,845.01230000,0
1641029940000,0.17100000,0.17100000,0.17080000,0.17090000,99370.00000000,1641029999999,16980.05630000,50,34387.00000000,5876.80080000,0
1641030000000,0.17090000,0.17090000,0.17080000,0.17090000,53570.00000000,1641030059999,9152.37140000,29,26154.00000000,4469.71860000,0
1641030060000,0.17090000,0.17090000,0.17080000,0.17090000,70924.00000000,1641030119999,12119.43480000,28,56156.00000000,9597.06040000,0
1641030120000,0.17080000,0.17080000,0.17070000,0.17070000,181882.00000000,1641030179999,31059.09280000,96,83225.00000000,14214.83000000,0
1641030180000,0.17070000,0.17080000,0.17060000,0.17060000,158333.00000000,1641030239999,27023.15600000,53,48688.00000000,8311.12650000,0
1641030240000,0.17060000,0.17090000,0.17060000,0.17080000,87570.00000000,1641030299999,14955.13990000,52,61213.00000000,10453.93240000,0
1641030300000,0.17090000,0.17090000,0.17070000,0.17070000,100415.00000000,1641030359999,17150.34030000,48,66027.00000000,11277.54310000,0
1641030360000,0.17070000,0.17090000,0.17070000,0.17090000,111609.00000000,1641030419999,19062.79540000,42,106695.00000000,18223.96560000,0
1641030420000,0.17090000,0.17100000,0.17080000,0.17100000,26385.00000000,1641030479999,4509.43210000,32,23976.00000000,4097.78790000,0
1641030480000,0.17100000,0.17110000,0.17100000,0.17110000,184294.00000000,1641030539999,31517.49020000,51,112087.00000000,19170.09320000,0
1641030540000,0.17110000,0.17110000,0.17100000,0.17110000,54553.00000000,1641030599999,9333.37570000,32,48127.00000000,8234.52970000,0
1641030600000,0.17100000,0.17120000,0.17100000,0.17110000,96380.00000000,1641030659999,16486.47810000,40,46939.00000000,8031.40980000,0
1641030660000,0.17110000,0.17110000,0.17100000,0.17100000,120744.00000000,1641030719999,20656.58160000,27,14165.00000000,2423.63150000,0
1641030720000,0.17100000,0.17110000,0.17100000,0.17110000,17552.00000000,1641030779999,3001.64740000,23,2554.00000000,436.98940000,0
1641030780000,0.17110000,0.17110000,0.17100000,0.17110000,10092.00000000,1641030839999,1726.55710000,26,8251.00000000,1411.74610000,0
1641030840000,0.17100000,0.17110000,0.17100000,0.17110000,23159.00000000,1641030899999,3961.60260000,25,14136.00000000,2418.66960000,0
1641030900000,0.17100000,0.17110000,0.17100000,0.17100000,6354.00000000,1641030959999,1086.91550000,12,3815.00000000,652.74650000,0
1641030960000,0.17110000,0.17110000,0.17100000,0.17110000,23821.00000000,1641031019999,4074.99350000,26,16025.00000000,2741.87750000,0
1641031020000,0.17110000,0.17110000,0.17100000,0.17100000,25062.00000000,1641031079999,4285.64770000,15,457.00000000,78.19270000,0
1641031080000,0.17110000,0.17110000,0.17100000,0.17110000,24666.00000000,1641031139999,4217.99910000,23,1131.00000000,193.51410000,0
1641031140000,0.17110000,0.17120000,0.17100000,0.17120000,142296.00000000,1641031199999,24356.07280000,46,124882.00000000,21376.60790000,0
1641031200000,0.17120000,0.17160000,0.17120000,0.17150000,875977.00000000,1641031259999,150172.71630000,162,707778.00000000,121322.70390000,0
1641031260000,0.17160000,0.17170000,0.17150000,0.17170000,48928.00000000,1641031319999,8396.56310000,55,34068.00000000,5847.12970000,0
1641031320000,0.17170000,0.17170000,0.17150000,0.17170000,322346.00000000,1641031379999,55311.98240000,69,123345.00000000,21166.09430000,0
1641031380000,0.17170000,0.17180000,0.17160000,0.17180000,78019.00000000,1641031439999,13399.32050000,37,64252.00000000,11035.53390000,0
1641031440000,0.17180000,0.17190000,0.17160000,0.17170000,1433139.00000000,1641031499999,246237.92400000,176,1156153.00000000,198663.99850000,0
1641031500000,0.17170000,0.17170000,0.17140000,0.17150000,193086.00000000,1641031559999,33122.92270000,54,10754.00000000,1845.25890000,0
1641031560000,0.17150000,0.17160000,0.17130000,0.17140000,216390.00000000,1641031619999,37100.08740000,92,111412.00000000,19101.57780000,0
1641031620000,0.17150000,0.17160000,0.17140000,0.17140000,168181.00000000,1641031679999,28841.64430000,64,108972.00000000,18688.82940000,0
1641031680000,0.17150000,0.17170000,0.17140000,0.17170000,186243.00000000,1641031739999,31948.69300000,63,147159.00000000,25245.59280000,0
1641031740000,0.17160000,0.17170000,0.17150000,0.17150000,38893.00000000,1641031799999,6675.44390000,23,15175.00000000,2605.44510000,0
1641031800000,0.17150000,0.17160000,0.17140000,0.17150000,185362.00000000,1641031859999,31792.93850000,54,44895.00000000,7703.38830000,0
1641031860000,0.17160000,0.17170000,0.17150000,0.17160000,59690.00000000,1641031919999,10240.31390000,35,28577.00000000,4903.95280000,0
1641031920000,0.17160000,0.17170000,0.17150000,0.17160000,134897.00000000,1641031979999,23148.22860000,35,48520.00000000,8326.12120000,0
1641031980000,0.17150000,0.17160000,0.17150000,0.17160000,8594.00000000,1641032039999,1474.01620000,21,1452.00000000,249.16320000,0
1641032040000,0.17160000,0.17160000,0.17140000,0.17150000,233568.00000000,1641032099999,40073.50590000,39,176873.00000000,30350.31970000,0
1641032100000,0.17150000,0.17150000,0.17130000,0.17130000,75757.00000000,1641032159999,12979.21060000,34,3401.00000000,582.96770000,0
1641032160000,0.17130000,0.17140000,0.17130000,0.17130000,80967.00000000,1641032219999,13870.88750000,51,12404.00000000,2126.04560000,0
1641032220000,0.17130000,0.17150000,0.17130000,0.17140000,139600.00000000,1641032279999,23924.28160000,58,103946.00000000,17816.67070000,0
1641032280000,0.17150000,0.17150000,0.17140000,0.17140000,70712.00000000,1641032339999,12120.63760000,31,6008.00000000,1030.37200000,0
1641032340000,0.17140000,0.17150000,0.17140000,0.17140000,32978.00000000,1641032399999,5652.59320000,17,1640.00000000,281.26000000,0
1641032400000,0.17150000,0.17150000,0.17130000,0.17140000,258337.00000000,1641032459999,44280.94610000,64,199026.00000000,34115.12910000,0
1641032460000,0.17140000,0.17150000,0.17130000,0.17150000,304024.00000000,1641032519999,52104.87890000,54,115155.00000000,19737.63930000,0
1641032520000,0.17140000,0.17150000,0.17130000,0.17140000,271235.00000000,1641032579999,46489.98910000,70,18766.00000000,3218.00410000,0
1641032580000,0.17130000,0.17150000,0.17130000,0.17140000,324777.00000000,1641032639999,55669.22370000,92,265735.00000000,45550.09280000,0
1641032640000,0.17150000,0.17160000,0.17140000,0.17140000,214701.00000000,1641032699999,36812.37390000,71,115562.00000000,19819.14410000,0
1641032700000,0.17150000,0.17150000,0.17140000,0.17140000,43048.00000000,1641032759999,7380.19070000,20,17635.00000000,3024.40250000,0
1641032760000,0.17140000,0.17150000,0.17140000,0.17150000,55751.00000000,1641032819999,9555.91180000,24,1904.00000000,326.53600000,0
1641032820000,0.17150000,0.17150000,0.17130000,0.17140000,126792.00000000,1641032879999,21731.50680000,37,3840.00000000,658.31930000,0
1641032880000,0.17140000,0.17140000,0.17080000,0.17080000,7314450.00000000,1641032939999,1252452.45860000,553,705452.00000000,120632.75400000,0
1641032940000,0.17080000,0.17100000,0.17060000,0.17060000,807192.00000000,1641032999999,137872.25500000,195,209519.00000000,35796.97510000,0
1641033000000,0.17070000,0.17070000,0.17040000,0.17040000,271689.00000000,1641033059999,46318.44990000,124,147043.00000000,25073.24970000,0
1641033060000,0.17040000,0.17060000,0.17030000,0.17030000,628379.00000000,1641033119999,107114.38310000,118,482034.00000000,82170.93430000,0
1641033120000,0.17040000,0.17050000,0.17030000,0.17040000,636394.00000000,1641033179999,108426.54990000,121,199062.00000000,33920.84820000,0
1641033180000,0.17030000,0.17050000,0.17020000,0.17050000,558492.00000000,1641033239999,95130.32900000,129,326533.00000000,55630.62630000,0
1641033240000,0.17040000,0.17060000,0.17020000,0.17030000,556062.00000000,1641033299999,94737.68380000,167,213419.00000000,36367.08110000,0
1641033300000,0.17030000,0.17050000,0.17030000,0.17040000,449297.00000000,1641033359999,76541.83650000,75,269928.00000000,45994.17320000,0
1641033360000,0.17050000,0.17080000,0.17050000,0.17070000,143224.00000000,1641033419999,24430.80820000,60,83196.00000000,14194.07970000,0
1641033420000,0.17080000,0.17080000,0.17060000,0.17070000,127136.00000000,1641033479999,21699.57910000,46,74753.00000000,12761.11910000,0
1641033480000,0.17080000,0.17080000,0.17060000,0.17060000,373930.00000000,1641033539999,63822.05190000,63,144874.00000000,24727.36410000,0
1641033540000,0.17060000,0.17080000,0.17060000,0.17070000,94619.00000000,1641033599999,16147.09860000,40,18535.00000000,3164.66510000,0
1641033600000,0.17070000,0.17090000,0.17060000,0.17080000,287476.00000000,1641033659999,49097.38020000,61,166860.00000000,28504.23140000,0
1641033660000,0.17070000,0.17080000,0.17060000,0.17060000,117412.00000000,1641033719999,20039.28140000,40,14006.00000000,2392.15730000,0
1641033720000,0.17070000,0.17070000,0.17060000,0.17060000,260848.00000000,1641033779999,44500.76350000,54,947.00000000,161.65290000,0
1641033780000,0.17060000,0.17100000,0.17050000,0.17090000,150181.00000000,1641033839999,25648.76860000,60,91723.00000000,15660.24870000,0
1641033840000,0.17100000,0.17120000,0.17090000,0.17100000,536516.00000000,1641033899999,91756.80870000,85,469359.00000000,80271.44180000,0
1641033900000,0.17100000,0.17130000,0.17100000,0.17110000,140547.00000000,1641033959999,24052.64310000,58,72092.00000000,12335.42340000,0
1641033960000,0.17110000,0.17120000,0.17110000,0.17110000,129627.00000000,1641034019999,22183.29390000,37,75317.00000000,12890.85290000,0
1641034020000,0.17120000,0.17120000,0.17080000,0.17080000,153241.00000000,1641034079999,26196.79430000,67,8278.00000000,1414.75830000,0
1641034080000,0.17080000,0.17090000,0.17070000,0.17080000,730840.00000000,1641034139999,124828.77920000,59,707215.00000000,120793.74750000,0
1641034140000,0.17080000,0.17090000,0.17070000,0.17070000,89928.00000000,1641034199999,15359.33600000,37,4034.00000000,689.19010000,0
1641034200000,0.17080000,0.17090000,0.17070000,0.17090000,29821.00000000,1641034259999,5093.20850000,25,17931.00000000,3062.74670000,0
1641034260000,0.17090000,0.17100000,0.17090000,0.17100000,232163.00000000,1641034319999,39692.46660000,64,189513.00000000,32399.91120000,0
1641034320000,0.17110000,0.17110000,0.17100000,0.17110000,276286.00000000,1641034379999,47262.07870000,65,103583.00000000,17723.05130000,0
1641034380000,0.17100000,0.17110000,0.17100000,0.17100000,19674.00000000,1641034439999,3364.43490000,20,2416.00000000,413.31690000,0
1641034440000,0.17100000,0.17100000,0.17080000,0.17080000,96953.00000000,1641034499999,16569.03800000,35,58826.00000000,10053.41160000,0
1641034500000,0.17080000,0.17090000,0.17070000,0.17070000,38608.00000000,1641034559999,6594.42410000,33,4895.00000000,836.33640000,0
1641034560000,0.17080000,0.17080000,0.17070000,0.17080000,22821.00000000,1641034619999,3895.61570000,24,710.00000000,121.26800000,0
1641034620000,0.17070000,0.17070000,0.17060000,0.17060000,25295.00000000,1641034679999,4316.02580000,27,6813.00000000,1162.97910000,0
1641034680000,0.17070000,0.17070000,0.17050000,0.17060000,44746.00000000,1641034739999,7634.48870000,43,22114.00000000,3773.93400000,0
1641034740000,0.17060000,0.17070000,0.17060000,0.17070000,61358.00000000,1641034799999,10468.68120000,29,21789.00000000,3718.20980000,0
1641034800000,0.17060000,0.17070000,0.17060000,0.17060000,177184.00000000,1641034859999,30235.45750000,44,62595.00000000,10684.96650000,0
1641034860000,0.17070000,0.17090000,0.17060000,0.17080000,270520.00000000,1641034919999,46187.13060000,67,160208.00000000,27355.83860000,0
1641034920000,0.17080000,0.17090000,0.17070000,0.17080000,61638.00000000,1641034979999,10528.33920000,34,50178.00000000,8571.28180000,0
1641034980000,0.17080000,0.17110000,0.17080000,0.17100000,91945.00000000,1641035039999,15715.95850000,47,66049.00000000,11289.68520000,0
1641035040000,0.17110000,0.17110000,0.17090000,0.17100000,212609.00000000,1641035099999,36357.25730000,49,62113.00000000,10622.51120000,0
1641035100000,0.17100000,0.17110000,0.17100000,0.17100000,10593.00000000,1641035159999,1811.54050000,13,1375.00000000,235.26250000,0
1641035160000,0.17100000,0.17110000,0.17100000,0.17100000,54471.00000000,1641035219999,9315.38310000,31,8421.00000000,1440.83310000,0
1641035220000,0.17110000,0.17110000,0.17080000,0.17090000,237612.00000000,1641035279999,40623.52980000,78,16567.00000000,2831.35080000,0
1641035280000,0.17090000,0.17100000,0.17090000,0.17100000,47525.00000000,1641035339999,8124.95250000,36,24847.00000000,4248.83700000,0
1641035340000,0.17100000,0.17110000,0.17090000,0.17110000,49932.00000000,1641035399999,8538.98540000,26,44561.00000000,7620.55240000,0
1641035400000,0.17110000,0.17110000,0.17090000,0.17090000,98361.00000000,1641035459999,16818.12380000,41,3499.00000000,598.41180000,0
1641035460000,0.17090000,0.17100000,0.17080000,0.17090000,78608.00000000,1641035519999,13434.11700000,26,57000.00000000,9741.33500000,0
1641035520000,0.17080000,0.17100000,0.17080000,0.17090000,91835.00000000,1641035579999,15697.54560000,31,82966.00000000,14181.99810000,0
1641035580000,0.17100000,0.17100000,0.17090000,0.17090000,22373.00000000,1641035639999,3824.00330000,25,4576.00000000,782.49600000,0
1641035640000,0.17100000,0.17110000,0.17090000,0.17100000,61682.00000000,1641035699999,10552.33880000,40,59176.00000000,10123.82650000,0
1641035700000,0.17100000,0.17120000,0.17100000,0.17120000,128863.00000000,1641035759999,22049.07000000,41,122083.00000000,20889.58330000,0
1641035760000,0.17120000,0.17140000,0.17110000,0.17130000,244979.00000000,1641035819999,41958.31460000,78,172329.00000000,29516.36600000,0
1641035820000,0.17130000,0.17130000,0.17110000,0.17120000,88565.00000000,1641035879999,15161.38920000,33,14466.00000000,2476.58770000,0
1641035880000,0.17120000,0.17120000,0.17110000,0.17120000,24940.00000000,1641035939999,4268.91870000,18,16847.00000000,2884.20640000,0
1641035940000,0.17110000,0.17130000,0.17110000,0.17130000,86914.00000000,1641035999999,14878.24930000,42,70372.00000000,12047.70980000,0
1641036000000,0.17130000,0.17130000,0.17110000,0.17120000,49681.00000000,1641036059999,8505.46030000,28,13050.00000000,2234.24260000,0
1641036060000,0.17110000,0.17120000,0.17100000,0.17100000,29013.00000000,1641036119999,4964.46100000,29,4978.00000000,852.10350000,0
1641036120000,0.17100000,0.17110000,0.17090000,0.17090000,139624.00000000,1641036179999,23875.45250000,41,76213.00000000,13032.46000000,0
1641036180000,0.17100000,0.17110000,0.17090000,0.17110000,21025.00000000,1641036239999,3594.97330000,29,14473.00000000,2475.00320000,0
1641036240000,0.17110000,0.17110000,0.17100000,0.17100000,13048.00000000,1641036299999,2231.55000000,15,3420.00000000,585.16200000,0
1641036300000,0.17100000,0.17110000,0.17100000,0.17110000,21587.00000000,1641036359999,3692.26280000,25,8858.00000000,1515.60380000,0
1641036360000,0.17110000,0.17120000,0.17100000,0.17120000,32627.00000000,1641036419999,5582.38090000,27,29000.00000000,4961.91570000,0
1641036420000,0.17110000,0.17110000,0.17100000,0.17100000,29156.00000000,1641036479999,4987.52870000,25,11972.00000000,2048.40920000,0
1641036480000,0.17100000,0.17120000,0.17100000,0.17110000,61966.00000000,1641036539999,10602.44050000,27,28689.00000000,4908.76090000,0
1641036540000,0.17110000,0.17120000,0.17100000,0.17120000,120485.00000000,1641036599999,20610.56900000,33,59146.00000000,10119.96480000,0
1641036600000,0.17110000,0.17120000,0.17110000,0.17110000,12583.00000000,1641036659999,2153.52560000,12,5743.00000000,983.20160000,0
1641036660000,0.17120000,0.17120000,0.17090000,0.17100000,160471.00000000,1641036719999,27442.45510000,58,16080.00000000,2749.90180000,0
1641036720000,0.17090000,0.17100000,0.17080000,0.17090000,125392.00000000,1641036779999,21429.34060000,55,48905.00000000,8358.23820000,0
1641036780000,0.17100000,0.17100000,0.17080000,0.17090000,102884.00000000,1641036839999,17587.92140000,31,59384.00000000,10154.58560000,0
1641036840000,0.17080000,0.17100000,0.17080000,0.17100000,81355.00000000,1641036899999,13903.38490000,31,77477.00000000,13240.91920000,0
1641036900000,0.17090000,0.17100000,0.17090000,0.17100000,35475.00000000,1641036959999,6064.58380000,25,19063.00000000,3259.77300000,0
1641036960000,0.17100000,0.17100000,0.17070000,0.17080000,229774.00000000,1641037019999,39247.59760000,58,36950.00000000,6312.94760000,0
1641037020000,0.17070000,0.17090000,0.17070000,0.17090000,157068.00000000,1641037079999,26812.98260000,41,24167.00000000,4126.77580000,0
1641037080000,0.17080000,0.17090000,0.17080000,0.17080000,49689.00000000,1641037139999,8487.83740000,29,9562.00000000,1634.14580000,0
1641037140000,0.17090000,0.17100000,0.17090000,0.17100000,105183.00000000,1641037199999,17976.40960000,41,64240.00000000,10979.25090000,0
1641037200000,0.17100000,0.17110000,0.17090000,0.17100000,129688.00000000,1641037259999,22176.46050000,49,112843.00000000,19296.28130000,0
1641037260000,0.17110000,0.17110000,0.17100000,0.17100000,25177.00000000,1641037319999,4306.18740000,25,9204.00000000,1574.80440000,0
1641037320000,0.17100000,0.17110000,0.17100000,0.17100000,111865.00000000,1641037379999,19131.45330000,41,25383.00000000,4343.03130000,0
1641037380000,0.17100000,0.17110000,0.17090000,0.17090000,144244.00000000,1641037439999,24664.79160000,38,55158.00000000,9432.76390000,0
1641037440000,0.17090000,0.17100000,0.17090000,0.17100000,39219.00000000,1641037499999,6704.52150000,31,19944.00000000,3410.42400000,0
1641037500000,0.17100000,0.17100000,0.17090000,0.17100000,15133.00000000,1641037559999,2587.50040000,17,12707.00000000,2172.89700000,0
1641037560000,0.17100000,0.17110000,0.17100000,0.17100000,15697.00000000,1641037619999,2685.14830000,27,9613.00000000,1644.78430000,0
1641037620000,0.17100000,0.17110000,0.17100000,0.17110000,46918.00000000,1641037679999,8026.01680000,22,30388.00000000,5199.38680000,0
1641037680000,0.17110000,0.17110000,0.17100000,0.17110000,33940.00000000,1641037739999,5805.19030000,29,14503.00000000,2481.46330000,0
1641037740000,0.17100000,0.17110000,0.17090000,0.17110000,107883.00000000,1641037799999,18447.58380000,35,32242.00000000,5513.38780000,0
1641037800000,0.17100000,0.17110000,0.17100000,0.17110000,38605.00000000,1641037859999,6603.76070000,25,23057.00000000,3945.05270000,0
1641037860000,0.17110000,0.17110000,0.17090000,0.17090000,202427.00000000,1641037919999,34614.04900000,43,2239.00000000,383.06130000,0
1641037920000,0.17100000,0.17100000,0.17090000,0.17090000,78008.00000000,1641037979999,13332.10520000,35,5380.00000000,919.98000000,0
1641037980000,0.17100000,0.17100000,0.17070000,0.17090000,1114975.00000000,1641038039999,190449.22980000,101,505098.00000000,86271.75870000,0
1641038040000,0.17080000,0.17090000,0.17060000,0.17070000,427859.00000000,1641038099999,73009.62880000,113,286390.00000000,48862.29090000,0
1641038100000,0.17070000,0.17080000,0.17050000,0.17080000,375454.00000000,1641038159999,64060.19070000,90,302165.00000000,51559.59230000,0
1641038160000,0.17080000,0.17080000,0.17060000,0.17060000,32841.00000000,1641038219999,5607.19900000,27,16385.00000000,2798.40180000,0
1641038220000,0.17060000,0.17070000,0.17060000,0.17070000,177302.00000000,1641038279999,30249.68790000,47,35797.00000000,6108.93490000,0
1641038280000,0.17070000,0.17070000,0.17060000,0.17060000,19095.00000000,1641038339999,3257.71590000,27,1089.00000000,185.89230000,0
1641038340000,0.17070000,0.17070000,0.17050000,0.17050000,95411.00000000,1641038399999,16270.68040000,28,14213.00000000,2424.75270000,0
1641038400000,0.17050000,0.17080000,0.17050000,0.17070000,149034.00000000,1641038459999,25426.52630000,58,113906.00000000,19434.79890000,0
1641038460000,0.17080000,0.17080000,0.17060000,0.17070000,58467.00000000,1641038519999,9978.40700000,27,5064.00000000,864.60780000,0
1641038520000,0.17070000,0.17070000,0.17040000,0.17050000,167665.00000000,1641038579999,28593.08410000,55,60226.00000000,10270.09590000,0
1641038580000,0.17060000,0.17060000,0.17050000,0.17050000,34871.00000000,1641038639999,5947.58490000,27,20794.00000000,3547.45640000,0
1641038640000,0.17050000,0.17070000,0.17050000,0.17060000,69600.00000000,1641038699999,11871.72880000,29,42540.00000000,7257.69280000,0
1641038700000,0.17060000,0.17070000,0.17060000,0.17060000,6326.00000000,1641038759999,1079.61140000,15,3958.00000000,675.63060000,0
1641038760000,0.17070000,0.17080000,0.17060000,0.17080000,106383.00000000,1641038819999,18160.84970000,47,42339.00000000,7228.66330000,0
1641038820000,0.17070000,0.17090000,0.17070000,0.17080000,70892.00000000,1641038879999,12108.89540000,38,46463.00000000,7936.59930000,0
1641038880000,0.17080000,0.17100000,0.17080000,0.17090000,156541.00000000,1641038939999,26752.61880000,36,96904.00000000,16560.95950000,0
1641038940000,0.17080000,0.17100000,0.17080000,0.17090000,92622.00000000,1641038999999,15833.17860000,38,63857.00000000,10917.27670000,0
1641039000000,0.17090000,0.17100000,0.17090000,0.17090000,18253.00000000,1641039059999,3119.65800000,26,2203.00000000,376.71300000,0
1641039060000,0.17090000,0.17090000,0.17080000,0.17090000,38326.00000000,1641039119999,6549.67950000,20,8220.00000000,1404.79800000,0
1641039120000,0.17080000,0.17090000,0.17080000,0.17090000,54872.00000000,1641039179999,9372.27980000,24,1422.00000000,243.01980000,0
1641039180000,0.17090000,0.17090000,0.17080000,0.17090000,201840.00000000,1641039239999,34492.08210000,44,177527.00000000,30339.36430000,0
1641039240000,0.17100000,0.17110000,0.17090000,0.17100000,84320.00000000,1641039299999,14418.15540000,38,73794.00000000,12618.85420000,0
1641039300000,0.17100000,0.17120000,0.17100000,0.17100000,226603.00000000,1641039359999,38773.27680000,54,118790.00000000,20327.49980000,0
1641039360000,0.17110000,0.17110000,0.17100000,0.17100000,21829.00000000,1641039419999,3734.04730000,27,12883.00000000,2204.28130000,0
1641039420000,0.17110000,0.17110000,0.17090000,0.17090000,81189.00000000,1641039479999,13883.24500000,36,1482.00000000,253.53340000,0
1641039480000,0.17100000,0.17100000,0.17080000,0.17090000,111731.00000000,1641039539999,19094.97630000,36,34869.00000000,5959.29240000,0
1641039540000,0.17090000,0.17100000,0.17090000,0.17090000,31194.00000000,1641039599999,5333.78720000,19,27882.00000000,4767.76640000,0
1641039600000,0.17100000,0.17100000,0.17090000,0.17100000,53800.00000000,1641039659999,9198.07560000,25,36556.00000000,6251.07600000,0
1641039660000,0.17090000,0.17100000,0.17090000,0.17100000,61036.00000000,1641039719999,10431.25940000,27,2070.00000000,353.97000000,0
1641039720000,0.17090000,0.17100000,0.17090000,0.17100000,11916.00000000,1641039779999,2036.96160000,17,5172.00000000,884.41200000,0
1641039780000,0.17090000,0.17100000,0.17080000,0.17090000,57262.00000000,1641039839999,9785.24890000,41,8533.00000000,1458.52690000,0
1641039840000,0.17080000,0.17090000,0.17080000,0.17090000,135647.00000000,1641039899999,23179.50880000,44,77649.00000000,13270.21410000,0
1641039900000,0.17090000,0.17090000,0.17080000,0.17090000,46510.00000000,1641039959999,7945.54700000,25,16390.00000000,2801.05100000,0
1641039960000,0.17080000,0.17090000,0.17070000,0.17070000,152066.00000000,1641040019999,25966.22200000,59,13631.00000000,2327.97100000,0
1641040020000,0.17060000,0.17080000,0.17060000,0.17080000,368784.00000000,1641040079999,62961.25600000,68,251397.00000000,42929.57420000,0
1641040080000,0.17080000,0.17090000,0.17070000,0.17090000,101007.00000000,1641040139999,17251.83240000,28,94734.00000000,16180.61250000,0
1641040140000,0.17080000,0.17090000,0.17080000,0.17080000,25498.00000000,1641040199999,4356.15240000,25,10940.00000000,1869.64600000,0
1641040200000,0.17090000,0.17100000,0.17080000,0.17100000,203760.00000000,1641040259999,34830.60530000,52,184606.00000000,31558.92400000,0
1641040260000,0.17100000,0.17130000,0.17100000,0.17130000,197076.00000000,1641040319999,33729.03510000,66,77369.00000000,13248.23460000,0
1641040320000,0.17120000,0.17150000,0.17120000,0.17140000,581144.00000000,1641040379999,99608.09730000,124,292431.00000000,50126.41350000,0
1641040380000,0.17130000,0.17140000,0.17120000,0.17120000,89170.00000000,1641040439999,15274.97940000,37,9136.00000000,1565.78540000,0
1641040440000,0.17120000,0.17130000,0.17110000,0.17130000,339824.00000000,1641040499999,58183.63000000,73,120534.00000000,20640.13740000,0
1641040500000,0.17130000,0.17140000,0.17130000,0.17140000,19335.00000000,1641040559999,3313.13340000,24,10479.00000000,1796.10060000,0
1641040560000,0.17130000,0.17140000,0.17130000,0.17140000,9503.00000000,1641040619999,1628.59170000,20,7278.00000000,1247.44920000,0
1641040620000,0.17140000,0.17140000,0.17130000,0.17130000,26993.00000000,1641040679999,4625.32570000,25,14248.00000000,2442.10720000,0
1641040680000,0.17140000,0.17150000,0.17120000,0.17130000,214505.00000000,1641040739999,36749.64890000,77,93271.00000000,15982.57830000,0
1641040740000,0.17130000,0.17130000,0.17120000,0.17130000,164572.00000000,1641040799999,28189.38630000,54,13088.00000000,2241.97440000,0
1641040800000,0.17120000,0.17140000,0.17120000,0.17130000,234469.00000000,1641040859999,40161.57310000,57,136262.00000000,23341.80100000,0
1641040860000,0.17130000,0.17130000,0.17120000,0.17120000,38087.00000000,1641040919999,6521.34860000,26,8542.00000000,1463.24460000,0
1641040920000,0.17120000,0.17130000,0.17120000,0.17120000,44664.00000000,1641040979999,7649.10260000,29,37601.00000000,6439.91700000,0
1641040980000,0.17120000,0.17130000,0.17120000,0.17130000,50547.00000000,1641041039999,8656.71250000,26,30661.00000000,5252.22930000,0
1641041040000,0.17120000,0.17130000,0.17120000,0.17120000,52487.00000000,1641041099999,8986.26900000,34,4946.00000000,847.24980000,0
1641041100000,0.17120000,0.17140000,0.17120000,0.17140000,104368.00000000,1641041159999,17877.02340000,39,86604.00000000,14835.73200000,0
1641041160000,0.17140000,0.17140000,0.17130000,0.17140000,34787.00000000,1641041219999,5961.84950000,33,28364.00000000,4861.58960000,0
1641041220000,0.17130000,0.17140000,0.17130000,0.17130000,21964.00000000,1641041279999,3763.70510000,19,12719.00000000,2180.03660000,0
1641041280000,0.17140000,0.17150000,0.17130000,0.17130000,666527.00000000,1641041339999,114258.47590000,108,336638.00000000,57717.23520000,0
1641041340000,0.17140000,0.17140000,0.17130000,0.17140000,44574.00000000,1641041399999,7639.68200000,26,41558.00000000,7123.04120000,0
1641041400000,0.17140000,0.17140000,0.17130000,0.17140000,44550.00000000,1641041459999,7633.79560000,30,23806.00000000,4080.34840000,0
1641041460000,0.17140000,0.17140000,0.17130000,0.17140000,30439.00000000,1641041519999,5215.36210000,34,11614.00000000,1990.63960000,0
1641041520000,0.17130000,0.17150000,0.17130000,0.17140000,422494.00000000,1641041579999,72420.16840000,46,404148.00000000,69275.69600000,0
1641041580000,0.17140000,0.17160000,0.17130000,0.17140000,256128.00000000,1641041639999,43918.47620000,69,128592.00000000,22053.66520000,0
1641041640000,0.17150000,0.17150000,0.17130000,0.17140000,93843.00000000,1641041699999,16087.31710000,36,41475.00000000,7111.46950000,0
1641041700000,0.17140000,0.17140000,0.17120000,0.17120000,105874.00000000,1641041759999,18133.98640000,51,17271.00000000,2960.22340000,0
1641041760000,0.17120000,0.17140000,0.17120000,0.17130000,277398.00000000,1641041819999,47518.31090000,64,96667.00000000,16559.12270000,0
1641041820000,0.17120000,0.17140000,0.17120000,0.17140000,48514.00000000,1641041879999,8313.94820000,40,42899.00000000,7352.22590000,0
1641041880000,0.17130000,0.17140000,0.17130000,0.17140000,256096.00000000,1641041939999,43893.39150000,65,241467.00000000,41387.44380000,0
1641041940000,0.17140000,0.17140000,0.17130000,0.17140000,29453.00000000,1641041999999,5046.73590000,23,14370.00000000,2463.01800000,0
1641042000000,0.17130000,0.17150000,0.17130000,0.17140000,88714.00000000,1641042059999,15204.82910000,48,42828.00000000,7340.75950000,0
1641042060000,0.17140000,0.17140000,0.17130000,0.17140000,188223.00000000,1641042119999,32245.40010000,36,28002.00000000,4799.54280000,0
1641042120000,0.17140000,0.17140000,0.17110000,0.17120000,297063.00000000,1641042179999,50860.52230000,77,178416.00000000,30544.90170000,0
1641042180000,0.17120000,0.17120000,0.17100000,0.17110000,333574.00000000,1641042239999,57074.81800000,81,8971.00000000,1535.55620000,0
1641042240000,0.17110000,0.17120000,0.17100000,0.17110000,216732.00000000,1641042299999,37080.57770000,54,107584.00000000,18407.64270000,0
1641042300000,0.17100000,0.17110000,0.17090000,0.17100000,107804.00000000,1641042359999,18433.08010000,46,7971.00000000,1363.15810000,0
1641042360000,0.17090000,0.17120000,0.17090000,0.17120000,339652.00000000,1641042419999,58097.40590000,56,191260.00000000,32708.28300000,0
1641042420000,0.17110000,0.17120000,0.17110000,0.17120000,34515.00000000,1641042479999,5906.36730000,23,8508.00000000,1456.56960000,0
1641042480000,0.17120000,0.17120000,0.17100000,0.17100000,92053.00000000,1641042539999,15750.04760000,48,57413.00000000,9823.45860000,0
1641042540000,0.17110000,0.17110000,0.17100000,0.17100000,22241.00000000,1641042599999,3803.48480000,19,2738.00000000,468.47180000,0
1641042600000,0.17110000,0.17120000,0.17100000,0.17120000,93467.00000000,1641042659999,15993.70270000,38,86199.00000000,14750.16690000,0
1641042660000,0.17120000,0.17120000,0.17110000,0.17110000,224000.00000000,1641042719999,38329.95850000,39,35585.00000000,6092.15200000,0
1641042720000,0.17120000,0.17130000,0.17120000,0.17120000,50301.00000000,1641042779999,8612.95770000,44,38936.00000000,6667.26970000,0
1641042780000,0.17120000,0.17130000,0.17120000,0.17130000,32768.00000000,1641042839999,5610.30210000,30,4205.00000000,720.31650000,0
1641042840000,0.17120000,0.17140000,0.17120000,0.17130000,417757.00000000,1641042899999,71590.63280000,76,386607.00000000,66254.98050000,0
1641042900000,0.17130000,0.17130000,0.17120000,0.17130000,86550.00000000,1641042959999,14824.91880000,43,23817.00000000,4079.85210000,0
1641042960000,0.17120000,0.17150000,0.17120000,0.17150000,71890.00000000,1641043019999,12320.99280000,40,61209.00000000,10490.86480000,0
1641043020000,0.17140000,0.17150000,0.17140000,0.17150000,13549.00000000,1641043079999,2323.17330000,27,8747.00000000,1500.11050000,0
1641043080000,0.17140000,0.17150000,0.17130000,0.17150000,184015.00000000,1641043139999,31541.74780000,40,146538.00000000,25118.34200000,0
1641043140000,0.17150000,0.17150000,0.17140000,0.17150000,163854.00000000,1641043199999,28085.59300000,33,10174.00000000,1744.84100000,0
1641043200000,0.17150000,0.17150000,0.17140000,0.17150000,21281.00000000,1641043259999,3648.84110000,28,12777.00000000,2191.25550000,0
1641043260000,0.17150000,0.17150000,0.17130000,0.17140000,152870.00000000,1641043319999,26203.56730000,35,23912.00000000,4100.57890000,0
1641043320000,0.17140000,0.17150000,0.17140000,0.17140000,47610.00000000,1641043379999,8161.03080000,31,33071.00000000,5669.04620000,0
1641043380000,0.17140000,0.17150000,0.17140000,0.17140000,10299.00000000,1641043439999,1765.98360000,17,7350.00000000,1260.52500000,0
1641043440000,0.17150000,0.17150000,0.17130000,0.17140000,164984.00000000,1641043499999,28274.82840000,41,4533.00000000,777.02020000,0
1641043500000,0.17140000,0.17140000,0.17110000,0.17110000,1119875.00000000,1641043559999,191728.96690000,138,4388.00000000,751.63020000,0
1641043560000,0.17110000,0.17120000,0.17110000,0.17110000,57044.00000000,1641043619999,9760.86030000,30,6319.00000000,1081.81280000,0
1641043620000,0.17110000,0.17120000,0.17110000,0.17120000,151652.00000000,1641043679999,25951.07250000,35,99298.00000000,16993.30310000,0
1641043680000,0.17120000,0.17140000,0.17120000,0.17130000,283834.00000000,1641043739999,48609.75180000,73,244313.00000000,41842.31410000,0
1641043740000,0.17130000,0.17140000,0.17120000,0.17130000,84369.00000000,1641043799999,14452.87660000,40,26935.00000000,4614.53810000,0
1641043800000,0.17130000,0.17140000,0.17120000,0.17130000,182066.00000000,1641043859999,31189.66200000,35,178734.00000000,30618.91880000,0
1641043860000,0.17140000,0.17140000,0.17120000,0.17130000,71658.00000000,1641043919999,12275.00760000,36,7039.00000000,1205.84570000,0
1641043920000,0.17130000,0.17130000,0.17110000,0.17120000,467044.00000000,1641043979999,79961.40560000,53,233647.00000000,40004.81710000,0
1641043980000,0.17110000,0.17120000,0.17100000,0.17100000,216620.00000000,1641044039999,37050.58010000,72,25098.00000000,4294.31160000,0
1641044040000,0.17100000,0.17120000,0.17100000,0.17100000,128685.00000000,1641044099999,22018.28820000,49,48167.00000000,8241.96120000,0
1641044100000,0.17100000,0.17110000,0.17100000,0.17100000,74279.00000000,1641044159999,12704.85420000,34,31452.00000000,5381.43720000,0
1641044160000,0.17110000,0.17120000,0.17100000,0.17120000,140589.00000000,1641044219999,24062.13820000,36,135715.00000000,23228.40500000,0
1641044220000,0.17120000,0.17120000,0.17110000,0.17110000,149126.00000000,1641044279999,25529.63460000,38,141760.00000000,24269.31200000,0
1641044280000,0.17120000,0.17120000,0.17110000,0.17120000,70777.00000000,1641044339999,12115.54570000,23,56010.00000000,9588.91200000,0
1641044340000,0.17120000,0.17120000,0.17110000,0.17120000,30502.00000000,1641044399999,5221.05790000,35,21657.00000000,3707.67840000,0
1641044400000,0.17120000,0.17120000,0.17110000,0.17120000,505295.00000000,1641044459999,86505.51470000,61,495402.00000000,84812.82240000,0
1641044460000,0.17120000,0.17130000,0.17110000,0.17130000,270705.00000000,1641044519999,46353.74940000,82,234268.00000000,40115.76250000,0
1641044520000,0.17120000,0.17130000,0.17120000,0.17120000,16994.00000000,1641044579999,2910.85320000,16,14804.00000000,2535.92520000,0
1641044580000,0.17120000,0.17130000,0.17120000,0.17130000,39230.00000000,1641044639999,6716.80000000,26,6240.00000000,1068.91200000,0
1641044640000,0.17130000,0.17130000,0.17120000,0.17120000,138258.00000000,1641044699999,23681.68170000,57,119121.00000000,20405.42730000,0
1641044700000,0.17120000,0.17130000,0.17110000,0.17110000,137603.00000000,1641044759999,23556.18160000,48,7161.00000000,1226.06330000,0
1641044760000,0.17110000,0.17120000,0.17110000,0.17120000,67520.00000000,1641044819999,11558.22260000,25,55506.00000000,9502.62720000,0
1641044820000,0.17110000,0.17120000,0.17110000,0.17110000,238734.00000000,1641044879999,40870.51200000,42,231246.00000000,39589.31520000,0
1641044880000,0.17110000,0.17120000,0.17110000,0.17110000,80455.00000000,1641044939999,13765.91740000,35,669.00000000,114.53280000,0
1641044940000,0.17110000,0.17120000,0.17100000,0.17100000,222451.00000000,1641044999999,38054.74170000,62,5381.00000000,920.83510000,0
1641045000000,0.17100000,0.17110000,0.17090000,0.17100000,122929.00000000,1641045059999,21021.66000000,30,9559.00000000,1635.52470000,0
1641045060000,0.17100000,0.17100000,0.17080000,0.17090000,37942.00000000,1641045119999,6484.79560000,39,8595.00000000,1469.61140000,0
1641045120000,0.17090000,0.17100000,0.17090000,0.17100000,62758.00000000,1641045179999,10727.90380000,29,58973.00000000,10081.04730000,0
1641045180000,0.17100000,0.17110000,0.17090000,0.17090000,138652.00000000,1641045239999,23709.33420000,50,59281.00000000,10137.30960000,0
1641045240000,0.17090000,0.17100000,0.17090000,0.17100000,48225.00000000,1641045299999,8245.26960000,30,36171.00000000,6185.24100000,0
1641045300000,0.17100000,0.17100000,0.17090000,0.17090000,39641.00000000,1641045359999,6778.10390000,33,34570.00000000,5911.47000000,0
1641045360000,0.17090000,0.17100000,0.17090000,0.17100000,34883.00000000,1641045419999,5963.98570000,23,24810.00000000,4242.51000000,0
1641045420000,0.17100000,0.17100000,0.17090000,0.17090000,100259.00000000,1641045479999,17134.64110000,35,3780.00000000,646.38000000,0
1641045480000,0.17090000,0.17110000,0.17090000,0.17110000,397444.00000000,1641045539999,67957.73550000,47,283224.00000000,48435.58380000,0
1641045540000,0.17110000,0.17110000,0.17100000,0.17100000,60350.00000000,1641045599999,10325.64240000,26,57924.00000000,9910.79640000,0
1641045600000,0.17110000,0.17110000,0.17100000,0.17110000,36198.00000000,1641045659999,6190.86620000,31,10082.00000000,1725.03020000,0
1641045660000,0.17110000,0.17110000,0.17100000,0.17110000,69241.00000000,1641045719999,11846.75120000,40,65402.00000000,11190.28220000,0
1641045720000,0.17100000,0.17110000,0.17100000,0.17100000,84933.00000000,1641045779999,14528.21790000,45,46749.00000000,7998.75390000,0
1641045780000,0.17110000,0.17120000,0.17100000,0.17110000,112333.00000000,1641045839999,19219.20300000,46,24709.00000000,4227.87160000,0
1641045840000,0.17100000,0.17110000,0.17100000,0.17110000,11139.00000000,1641045899999,1905.58990000,21,8209.00000000,1404.55990000,0
1641045900000,0.17110000,0.17110000,0.17070000,0.17070000,283611.00000000,1641045959999,48459.22410000,85,50701.00000000,8667.01240000,0
1641045960000,0.17080000,0.17090000,0.17070000,0.17080000,49432.00000000,1641046019999,8444.07060000,46,41969.00000000,7169.84970000,0
1641046020000,0.17090000,0.17090000,0.17080000,0.17090000,166466.00000000,1641046079999,28432.97200000,44,5792.00000000,989.85280000,0
1641046080000,0.17090000,0.17090000,0.17080000,0.17090000,30204.00000000,1641046139999,5161.38030000,25,25371.00000000,4335.90390000,0
1641046140000,0.17090000,0.17090000,0.17080000,0.17080000,51303.00000000,1641046199999,8763.39430000,26,8419.00000000,1438.80710000,0
1641046200000,0.17080000,0.17170000,0.17080000,0.17140000,5849873.00000000,1641046259999,1002032.20820000,644,4292295.00000000,735181.92870000,0
1641046260000,0.17130000,0.17150000,0.17130000,0.17150000,146622.00000000,1641046319999,25132.77530000,74,122870.00000000,21062.98350000,0
1641046320000,0.17150000,0.17150000,0.17140000,0.17140000,92991.00000000,1641046379999,15943.28280000,30,46254.00000000,7932.56100000,0
1641046380000,0.17140000,0.17150000,0.17140000,0.17140000,81270.00000000,1641046439999,13932.72920000,29,30512.00000000,5232.80800000,0
1641046440000,0.17150000,0.17150000,0.17130000,0.17130000,392398.00000000,1641046499999,67248.58990000,67,37348.00000000,6401.84050000,0
1641046500000,0.17120000,0.17140000,0.17120000,0.17140000,453134.00000000,1641046559999,77622.66560000,58,439438.00000000,75276.64090000,0
1641046560000,0.17140000,0.17160000,0.17130000,0.17160000,524291.00000000,1641046619999,89894.84970000,108,410219.00000000,70333.04280000,0
1641046620000,0.17150000,0.17160000,0.17140000,0.17140000,116370.00000000,1641046679999,19957.81410000,48,13482.00000000,2313.15640000,0
1641046680000,0.17140000,0.17140000,0.17130000,0.17140000,42072.00000000,1641046739999,7209.15840000,39,6995.00000000,1198.94300000,0
1641046740000,0.17130000,0.17140000,0.17120000,0.17130000,55496.00000000,1641046799999,9504.02490000,48,17621.00000000,3018.61710000,0
1641046800000,0.17120000,0.17130000,0.17120000,0.17130000,46798.00000000,1641046859999,8012.38880000,25,5712.00000000,978.46560000,0
1641046860000,0.17120000,0.17140000,0.17120000,0.17140000,103015.00000000,1641046919999,17646.76420000,51,88668.00000000,15189.43880000,0
1641046920000,0.17130000,0.17150000,0.17130000,0.17150000,45456.00000000,1641046979999,7789.84540000,36,30739.00000000,5268.77290000,0
1641046980000,0.17150000,0.17150000,0.17130000,0.17140000,199125.00000000,1641047039999,34144.63160000,51,147455.00000000,25288.44450000,0
1641047040000,0.17140000,0.17150000,0.17130000,0.17150000,25806.00000000,1641047099999,4422.06350000,38,13859.00000000,2375.46180000,0
1641047100000,0.17140000,0.17150000,0.17120000,0.17130000,195833.00000000,1641047159999,33555.47960000,50,4112.00000000,704.71880000,0
1641047160000,0.17120000,0.17140000,0.17120000,0.17130000,134728.00000000,1641047219999,23076.82300000,56,111096.00000000,19030.87180000,0
1641047220000,0.17130000,0.17140000,0.17130000,0.17130000,55165.00000000,1641047279999,9451.04970000,30,15767.00000000,2702.17230000,0
1641047280000,0.17140000,0.17140000,0.17130000,0.17130000,40841.00000000,1641047339999,6999.14810000,29,30848.00000000,5287.34720000,0
1641047340000,0.17130000,0.17140000,0.17120000,0.17130000,86666.00000000,1641047399999,14845.32070000,39,9902.00000000,1696.35880000,0
1641047400000,0.17130000,0.17140000,0.17130000,0.17140000,242903.00000000,1641047459999,41618.73640000,56,194072.00000000,33253.98610000,0
1641047460000,0.17140000,0.17150000,0.17120000,0.17120000,460291.00000000,1641047519999,78904.39060000,104,114826.00000000,19691.39190000,0
1641047520000,0.17120000,0.17130000,0.17110000,0.17130000,146296.00000000,1641047579999,25038.37870000,37,31806.00000000,5446.68390000,0
1641047580000,0.17130000,0.17130000,0.17090000,0.17110000,380851.00000000,1641047639999,65160.19640000,97,145073.00000000,24818.72810000,0
1641047640000,0.17100000,0.17110000,0.17090000,0.17090000,41164.00000000,1641047699999,7037.78800000,35,21850.00000000,3736.50230000,0
1641047700000,0.17100000,0.17100000,0.17080000,0.17080000,1086940.00000000,1641047759999,185668.85540000,106,650384.00000000,111089.07150000,0
1641047760000,0.17080000,0.17090000,0.17080000,0.17090000,209780.00000000,1641047819999,35851.09060000,36,127441.00000000,21779.66690000,0
1641047820000,0.17090000,0.17100000,0.17080000,0.17090000,106795.00000000,1641047879999,18250.76750000,38,32105.00000000,5486.85200000,0
1641047880000,0.17090000,0.17110000,0.17090000,0.17100000,126173.00000000,1641047939999,21575.02230000,47,66255.00000000,11329.77650000,0
1641047940000,0.17100000,0.17100000,0.17090000,0.17100000,14903.00000000,1641047999999,2547.82130000,19,8986.00000000,1536.60600000,0
1641048000000,0.17100000,0.17120000,0.17100000,0.17120000,87927.00000000,1641048059999,15043.92830000,47,82181.00000000,14061.27550000,0
1641048060000,0.17120000,0.17120000,0.17100000,0.17110000,206542.00000000,1641048119999,35328.16790000,52,17122.00000000,2929.81800000,0
1641048120000,0.17100000,0.17120000,0.17100000,0.17100000,221719.00000000,1641048179999,37925.79140000,54,73469.00000000,12570.22160000,0
1641048180000,0.17110000,0.17110000,0.17100000,0.17110000,44025.00000000,1641048239999,7531.87520000,28,36002.00000000,6159.94220000,0
1641048240000,0.17120000,0.17120000,0.17100000,0.17110000,222337.00000000,1641048299999,38043.14140000,51,124650.00000000,21328.92780000,0
1641048300000,0.17100000,0.17120000,0.17100000,0.17110000,25767.00000000,1641048359999,4408.38290000,23,17608.00000000,3012.93880000,0
1641048360000,0.17110000,0.17120000,0.17100000,0.17100000,241299.00000000,1641048419999,41286.22030000,46,36480.00000000,6241.80310000,0
1641048420000,0.17110000,0.17110000,0.17100000,0.17100000,116668.00000000,1641048479999,19960.95010000,40,107221.00000000,18345.51310000,0
1641048480000,0.17100000,0.17110000,0.17100000,0.17110000,21541.00000000,1641048539999,3684.61330000,29,11023.00000000,1886.03530000,0
1641048540000,0.17110000,0.17110000,0.17100000,0.17110000,133623.00000000,1641048599999,22861.30620000,34,93635.00000000,16020.94850000,0
1641048600000,0.17110000,0.17120000,0.17110000,0.17120000,30281.00000000,1641048659999,5181.86510000,20,19486.00000000,3334.84060000,0
1641048660000,0.17120000,0.17130000,0.17110000,0.17110000,109623.00000000,1641048719999,18766.11560000,29,14942.00000000,2558.30620000,0
1641048720000,0.17120000,0.17130000,0.17110000,0.17120000,75881.00000000,1641048779999,12990.59550000,33,29972.00000000,5131.48830000,0
1641048780000,0.17110000,0.17130000,0.17110000,0.17130000,63340.00000000,1641048839999,10845.07030000,27,39236.00000000,6718.58700000,0
1641048840000,0.17130000,0.17130000,0.17120000,0.17120000,144812.00000000,1641048899999,24802.23310000,33,104187.00000000,17847.23310000,0
1641048900000,0.17130000,0.17140000,0.17120000,0.17130000,222426.00000000,1641048959999,38100.67990000,64,196577.00000000,33673.66910000,0
1641048960000,0.17140000,0.17150000,0.17130000,0.17140000,117975.00000000,1641049019999,20218.03840000,50,84765.00000000,14528.73260000,0
1641049020000,0.17140000,0.17150000,0.17130000,0.17140000,2401628.00000000,1641049079999,411633.39510000,97,190342.00000000,32624.70450000,0
1641049080000,0.17130000,0.17140000,0.17130000,0.17130000,203298.00000000,1641049139999,34832.97090000,42,123353.00000000,21138.39240000,0
1641049140000,0.17130000,0.17140000,0.17130000,0.17140000,31853.00000000,1641049199999,5458.35920000,27,19403.00000000,3325.67420000,0
1641049200000,0.17130000,0.17140000,0.17130000,0.17140000,226889.00000000,1641049259999,38868.88470000,48,27990.00000000,4797.48600000,0
1641049260000,0.17140000,0.17140000,0.17130000,0.17130000,24593.00000000,1641049319999,4212.93640000,18,1555.00000000,266.52700000,0
1641049320000,0.17130000,0.17160000,0.17130000,0.17160000,630679.00000000,1641049379999,108144.56680000,112,579649.00000000,99396.58970000,0
1641049380000,0.17150000,0.17170000,0.17150000,0.17170000,144069.00000000,1641049439999,24720.70450000,60,48095.00000000,8255.82450000,0
1641049440000,0.17170000,0.17170000,0.17160000,0.17160000,20559.00000000,1641049499999,3528.14850000,17,2241.00000000,384.77970000,0
1641049500000,0.17170000,0.17170000,0.17160000,0.17170000,16532.00000000,1641049559999,2837.57300000,14,6818.00000000,1170.65060000,0
1641049560000,0.17170000,0.17190000,0.17160000,0.17180000,590966.00000000,1641049619999,101512.78090000,124,166818.00000000,28652.35170000,0
1641049620000,0.17180000,0.17190000,0.17170000,0.17190000,238287.00000000,1641049679999,40940.84190000,76,89865.00000000,15443.08480000,0
1641049680000,0.17190000,0.17190000,0.17180000,0.17180000,66709.00000000,1641049739999,11463.83640000,35,32302.00000000,5552.71380000,0
1641049740000,0.17180000,0.17180000,0.17170000,0.17180000,213310.00000000,1641049799999,36642.63470000,68,41108.00000000,7062.35440000,0
1641049800000,0.17180000,0.17180000,0.17160000,0.17160000,97366.00000000,1641049859999,16719.38130000,40,28207.00000000,4845.95260000,0
1641049860000,0.17160000,0.17170000,0.17160000,0.17160000,23258.00000000,1641049919999,3991.44570000,39,3729.00000000,640.26930000,0
1641049920000,0.17160000,0.17170000,0.17160000,0.17160000,67149.00000000,1641049979999,11525.70410000,35,29357.00000000,5040.59690000,0
1641049980000,0.17160000,0.17170000,0.17160000,0.17170000,112578.00000000,1641050039999,19319.31530000,33,9305.00000000,1597.66850000,0
1641050040000,0.17160000,0.17180000,0.17160000,0.17170000,144714.00000000,1641050099999,24849.63670000,58,114235.00000000,19617.45650000,0
1641050100000,0.17170000,0.17170000,0.17150000,0.17170000,191023.00000000,1641050159999,32783.53130000,78,100753.00000000,17290.30420000,0
1641050160000,0.17160000,0.17180000,0.17160000,0.17170000,42403.00000000,1641050219999,7279.48820000,28,26829.00000000,4606.81700000,0
1641050220000,0.17180000,0.17180000,0.17170000,0.17170000,26410.00000000,1641050279999,4535.48820000,30,8912.00000000,1531.08160000,0
1641050280000,0.17180000,0.17180000,0.17160000,0.17170000,61144.00000000,1641050339999,10498.35440000,42,5133.00000000,881.78470000,0
1641050340000,0.17160000,0.17170000,0.17160000,0.17160000,41150.00000000,1641050399999,7061.80380000,24,4638.00000000,796.34460000,0
1641050400000,0.17170000,0.17170000,0.17160000,0.17160000,100529.00000000,1641050459999,17251.97650000,43,12001.00000000,2060.57170000,0
1641050460000,0.17160000,0.17200000,0.17160000,0.17190000,628343.00000000,1641050519999,107985.64820000,163,603621.00000000,103739.97960000,0
1641050520000,0.17190000,0.17220000,0.17190000,0.17220000,207846.00000000,1641050579999,35758.53440000,125,77315.00000000,13303.52330000,0
1641050580000,0.17210000,0.17230000,0.17210000,0.17230000,137039.00000000,1641050639999,23596.19300000,67,69052.00000000,11891.13320000,0
1641050640000,0.17230000,0.17230000,0.17210000,0.17210000,265088.00000000,1641050699999,45640.86490000,78,80217.00000000,13813.52290000,0
1641050700000,0.17220000,0.17220000,0.17210000,0.17220000,153788.00000000,1641050759999,26480.54940000,37,136346.00000000,23478.78120000,0
1641050760000,0.17220000,0.17230000,0.17210000,0.17220000,265889.00000000,1641050819999,45789.79080000,64,190049.00000000,32733.57420000,0
1641050820000,0.17230000,0.17230000,0.17220000,0.17220000,191866.00000000,1641050879999,33044.28580000,56,49606.00000000,8547.11380000,0
1641050880000,0.17220000,0.17230000,0.17210000,0.17210000,139294.00000000,1641050939999,23983.70930000,53,55081.00000000,9485.12130000,0
1641050940000,0.17220000,0.17230000,0.17210000,0.17230000,67440.00000000,1641050999999,11612.28040000,34,43800.00000000,7542.81930000,0
1641051000000,0.17230000,0.17230000,0.17220000,0.17230000,35372.00000000,1641051059999,6092.11060000,30,10522.00000000,1812.94060000,0
1641051060000,0.17220000,0.17230000,0.17220000,0.17220000,157346.00000000,1641051119999,27095.36480000,52,45596.00000000,7852.01480000,0
1641051120000,0.17220000,0.17250000,0.17220000,0.17240000,343181.00000000,1641051179999,59142.47440000,123,98733.00000000,17015.04520000,0
1641051180000,0.17230000,0.17270000,0.17230000,0.17260000,344528.00000000,1641051239999,59454.22120000,168,144512.00000000,24938.12860000,0
1641051240000,0.17250000,0.17330000,0.17250000,0.17320000,1557853.00000000,1641051299999,269414.40290000,784,1026393.00000000,177502.56710000,0
1641051300000,0.17320000,0.17320000,0.17290000,0.17300000,420166.00000000,1641051359999,72697.92910000,93,239520.00000000,41443.82010000,0
1641051360000,0.17290000,0.17310000,0.17280000,0.17290000,286361.00000000,1641051419999,49536.59220000,79,164747.00000000,28501.57720000,0
1641051420000,0.17290000,0.17300000,0.17270000,0.17280000,174856.00000000,1641051479999,30217.68140000,130,13098.00000000,2264.16930000,0
1641051480000,0.17270000,0.17320000,0.17270000,0.17300000,560083.00000000,1641051539999,96865.21300000,142,364286.00000000,63015.39640000,0
1641051540000,0.17300000,0.17310000,0.17270000,0.17290000,422890.00000000,1641051599999,73099.71320000,87,207576.00000000,35890.21410000,0
1641051600000,0.17290000,0.17290000,0.17270000,0.17280000,197379.00000000,1641051659999,34109.73070000,44,137997.00000000,23849.03380000,0
1641051660000,0.17280000,0.17290000,0.17270000,0.17270000,188535.00000000,1641051719999,32577.38390000,50,15353.00000000,2654.44940000,0
1641051720000,0.17280000,0.17290000,0.17270000,0.17280000,262995.00000000,1641051779999,45440.97540000,59,161982.00000000,27992.16040000,0
1641051780000,0.17280000,0.17280000,0.17250000,0.17250000,147118.00000000,1641051839999,25400.84420000,87,21185.00000000,3660.20310000,0
1641051840000,0.17260000,0.17260000,0.17250000,0.17260000,347365.00000000,1641051899999,59946.19890000,90,226356.00000000,39069.04560000,0
1641051900000,0.17250000,0.17270000,0.17240000,0.17260000,362789.00000000,1641051959999,62586.83770000,94,249258.00000000,43004.14810000,0
1641051960000,0.17260000,0.17270000,0.17260000,0.17270000,276085.00000000,1641052019999,47678.69020000,65,158369.00000000,27350.32630000,0
1641052020000,0.17270000,0.17270000,0.17220000,0.17220000,418914.00000000,1641052079999,72230.90000000,121,133926.00000000,23076.52700000,0
1641052080000,0.17230000,0.17240000,0.17220000,0.17220000,336616.00000000,1641052139999,57995.07730000,112,215965.00000000,37210.84060000,0
1641052140000,0.17220000,0.17230000,0.17220000,0.17230000,39411.00000000,1641052199999,6787.73940000,44,11652.00000000,2007.63960000,0
1641052200000,0.17220000,0.17220000,0.17210000,0.17210000,410807.00000000,1641052259999,70714.10520000,78,128127.00000000,22051.29000000,0
1641052260000,0.17210000,0.17240000,0.17210000,0.17220000,234230.00000000,1641052319999,40347.87650000,77,162427.00000000,27983.05640000,0
1641052320000,0.17230000,0.17240000,0.17220000,0.17240000,91553.00000000,1641052379999,15774.04540000,40,63796.00000000,10992.21900000,0
1641052380000,0.17230000,0.17240000,0.17220000,0.17220000,37204.00000000,1641052439999,6410.07880000,28,3451.00000000,594.87170000,0
1641052440000,0.17220000,0.17230000,0.17220000,0.17220000,235081.00000000,1641052499999,40495.68630000,49,150186.00000000,25876.76730000,0
1641052500000,0.17210000,0.17230000,0.17210000,0.17230000,90689.00000000,1641052559999,15615.55380000,38,79381.00000000,13669.44700000,0
1641052560000,0.17220000,0.17230000,0.17210000,0.17210000,241317.00000000,1641052619999,41558.57340000,41,89345.00000000,15393.62760000,0
1641052620000,0.17220000,0.17230000,0.17210000,0.17210000,162297.00000000,1641052679999,27948.62500000,54,92060.00000000,15853.90170000,0
1641052680000,0.17210000,0.17220000,0.17210000,0.17220000,72013.00000000,1641052739999,12398.70190000,31,52646.00000000,9065.64120000,0
1641052740000,0.17220000,0.17220000,0.17210000,0.17210000,126987.00000000,1641052799999,21859.68540000,54,62080.00000000,10689.19070000,0
1641052800000,0.17210000,0.17250000,0.17200000,0.17230000,338363.00000000,1641052859999,58292.28550000,163,237058.00000000,40836.36790000,0
1641052860000,0.17230000,0.17240000,0.17220000,0.17230000,278355.00000000,1641052919999,47967.80920000,51,94478.00000000,16287.89900000,0
1641052920000,0.17230000,0.17230000,0.17200000,0.17210000,202192.00000000,1641052979999,34809.03870000,57,26637.00000000,4584.54810000,0
1641052980000,0.17220000,0.17230000,0.17210000,0.17220000,116128.00000000,1641053039999,19996.75260000,41,52106.00000000,8972.80640000,0
1641053040000,0.17220000,0.17230000,0.17220000,0.17220000,39794.00000000,1641053099999,6854.64480000,36,21180.00000000,3649.31400000,0
1641053100000,0.17230000,0.17240000,0.17230000,0.17230000,50814.00000000,1641053159999,8755.70370000,34,11041.00000000,1902.81580000,0
1641053160000,0.17240000,0.17250000,0.17230000,0.17240000,74652.00000000,1641053219999,12869.22810000,47,24834.00000000,4281.41300000,0
1641053220000,0.17240000,0.17250000,0.17230000,0.17250000,106918.00000000,1641053279999,18432.83610000,41,95882.00000000,16531.26680000,0
1641053280000,0.17250000,0.17260000,0.17240000,0.17250000,162025.00000000,1641053339999,27949.49750000,70,76381.00000000,13175.97680000,0
1641053340000,0.17250000,0.17270000,0.17250000,0.17260000,146280.00000000,1641053399999,25248.97890000,73,89419.00000000,15434.94290000,0
1641053400000,0.17260000,0.17270000,0.17250000,0.17270000,131642.00000000,1641053459999,22727.98750000,54,111637.00000000,19274.64220000,0
1641053460000,0.17270000,0.17280000,0.17270000,0.17280000,103732.00000000,1641053519999,17917.77980000,62,32634.00000000,5639.15520000,0
1641053520000,0.17280000,0.17280000,0.17270000,0.17280000,227281.00000000,1641053579999,39253.45170000,59,89851.00000000,15519.29070000,0
1641053580000,0.17270000,0.17270000,0.17250000,0.17270000,131455.00000000,1641053639999,22694.16860000,69,41700.00000000,7200.23610000,0
1641053640000,0.17270000,0.17270000,0.17250000,0.17260000,300899.00000000,1641053699999,51950.77490000,65,219764.00000000,37946.96270000,0
1641053700000,0.17270000,0.17270000,0.17250000,0.17260000,161504.00000000,1641053759999,27874.74460000,49,110028.00000000,18991.59700000,0
1641053760000,0.17250000,0.17270000,0.17250000,0.17260000,154349.00000000,1641053819999,26642.57960000,56,52279.00000000,9025.45400000,0
1641053820000,0.17250000,0.17260000,0.17230000,0.17240000,445155.00000000,1641053879999,76755.91520000,91,189247.00000000,32629.17600000,0
1641053880000,0.17240000,0.17270000,0.17240000,0.17260000,259776.00000000,1641053939999,44826.93550000,64,252170.00000000,43514.32380000,0
1641053940000,0.17260000,0.17270000,0.17260000,0.17260000,23138.00000000,1641053999999,3994.40130000,35,7825.00000000,1351.37750000,0
1641054000000,0.17270000,0.17270000,0.17260000,0.17270000,40572.00000000,1641054059999,7003.40060000,21,6734.00000000,1162.96180000,0
1641054060000,0.17270000,0.17270000,0.17240000,0.17240000,871134.00000000,1641054119999,150357.25140000,75,121957.00000000,21059.20810000,0
1641054120000,0.17240000,0.17250000,0.17240000,0.17240000,55206.00000000,1641054179999,9517.59030000,33,759.00000000,130.92750000,0
1641054180000,0.17240000,0.17260000,0.17240000,0.17260000,301352.00000000,1641054239999,51984.41940000,57,295915.00000000,51047.08060000,0
1641054240000,0.17250000,0.17260000,0.17240000,0.17250000,40177.00000000,1641054299999,6930.39740000,23,3761.00000000,648.78370000,0
1641054300000,0.17250000,0.17250000,0.17240000,0.17250000,70379.00000000,1641054359999,12133.87600000,29,5364.00000000,925.29000000,0
1641054360000,0.17240000,0.17270000,0.17240000,0.17260000,275397.00000000,1641054419999,47515.32190000,93,195871.00000000,33791.52610000,0
1641054420000,0.17270000,0.17280000,0.17260000,0.17270000,154466.00000000,1641054479999,26676.04130000,68,90372.00000000,15607.26800000,0
1641054480000,0.17260000,0.17270000,0.17260000,0.17270000,28943.00000000,1641054539999,4997.28450000,37,17227.00000000,2975.10290000,0
1641054540000,0.17260000,0.17290000,0.17260000,0.17260000,516796.00000000,1641054599999,89248.82900000,127,188114.00000000,32491.11260000,0
1641054600000,0.17270000,0.17270000,0.17260000,0.17260000,23905.00000000,1641054659999,4126.82460000,29,8216.00000000,1418.90320000,0
1641054660000,0.17260000,0.17270000,0.17250000,0.17250000,70301.00000000,1641054719999,12135.17140000,60,12833.00000000,2216.25910000,0
1641054720000,0.17260000,0.17260000,0.17240000,0.17250000,48873.00000000,1641054779999,8430.53820000,39,12237.00000000,2110.97870000,0
1641054780000,0.17240000,0.17250000,0.17240000,0.17250000,89428.00000000,1641054839999,15424.38980000,56,70026.00000000,12079.48500000,0
1641054840000,0.17250000,0.17270000,0.17250000,0.17260000,289459.00000000,1641054899999,49952.79290000,74,273467.00000000,47193.80000000,0
1641054900000,0.17260000,0.17260000,0.17250000,0.17260000,22747.00000000,1641054959999,3925.72470000,24,18672.00000000,3222.78720000,0
1641054960000,0.17250000,0.17260000,0.17240000,0.17240000,210178.00000000,1641055019999,36240.29290000,85,40597.00000000,6999.75570000,0
1641055020000,0.17240000,0.17250000,0.17230000,0.17230000,135817.00000000,1641055079999,23422.09250000,55,74208.00000000,12800.79080000,0
1641055080000,0.17230000,0.17240000,0.17220000,0.17240000,246036.00000000,1641055139999,42393.28560000,65,130199.00000000,22434.79970000,0
1641055140000,0.17240000,0.17240000,0.17230000,0.17240000,27134.00000000,1641055199999,4676.45970000,20,12715.00000000,2192.06600000,0
1641055200000,0.17240000,0.17240000,0.17220000,0.17220000,181346.00000000,1641055259999,31243.36060000,61,41138.00000000,7088.80630000,0
1641055260000,0.17220000,0.17240000,0.17220000,0.17230000,62913.00000000,1641055319999,10839.94590000,40,46066.00000000,7937.30870000,0
1641055320000,0.17240000,0.17240000,0.17230000,0.17240000,85768.00000000,1641055379999,14780.30430000,51,24779.00000000,4271.89960000,0
1641055380000,0.17230000,0.17240000,0.17230000,0.17230000,142048.00000000,1641055439999,24482.42770000,48,71373.00000000,12304.70520000,0
1641055440000,0.17240000,0.17240000,0.17230000,0.17240000,129761.00000000,1641055499999,22361.92740000,38,41071.00000000,7080.64040000,0
1641055500000,0.17230000,0.17240000,0.17230000,0.17230000,157767.00000000,1641055559999,27194.28300000,47,61285.00000000,10565.53400000,0
1641055560000,0.17240000,0.17240000,0.17230000,0.17230000,110260.00000000,1641055619999,19007.38240000,39,95844.00000000,16523.50560000,0
1641055620000,0.17230000,0.17240000,0.17210000,0.17210000,1233699.00000000,1641055679999,212534.42440000,106,13894.00000000,2394.47340000,0
1641055680000,0.17210000,0.17230000,0.17210000,0.17220000,651689.00000000,1641055739999,112213.27570000,95,501417.00000000,86337.79310000,0
1641055740000,0.17220000,0.17220000,0.17210000,0.17210000,158619.00000000,1641055799999,27298.94240000,29,6125.00000000,1054.72500000,0
1641055800000,0.17210000,0.17220000,0.17210000,0.17210000,91996.00000000,1641055859999,15832.81600000,37,3044.00000000,524.17680000,0
1641055860000,0.17220000,0.17230000,0.17210000,0.17230000,157088.00000000,1641055919999,27049.12310000,46,79738.00000000,13730.90910000,0
1641055920000,0.17230000,0.17230000,0.17200000,0.17210000,144800.00000000,1641055979999,24923.74990000,76,25386.00000000,4369.27480000,0
1641055980000,0.17210000,0.17210000,0.17200000,0.17200000,86807.00000000,1641056039999,14931.11740000,47,3134.00000000,539.36140000,0
1641056040000,0.17200000,0.17210000,0.17190000,0.17190000,269733.00000000,1641056099999,46382.66590000,72,29002.00000000,4987.74820000,0
1641056100000,0.17190000,0.17190000,0.17170000,0.17170000,342949.00000000,1641056159999,58921.79930000,77,117958.00000000,20268.58550000,0
1641056160000,0.17180000,0.17190000,0.17170000,0.17180000,736173.00000000,1641056219999,126477.57500000,90,679153.00000000,116684.30650000,0
1641056220000,0.17170000,0.17190000,0.17170000,0.17180000,112814.00000000,1641056279999,19381.71850000,51,34574.00000000,5940.47170000,0
1641056280000,0.17180000,0.17190000,0.17180000,0.17190000,233657.00000000,1641056339999,40145.10360000,52,101355.00000000,17415.62000000,0
1641056340000,0.17190000,0.17190000,0.17180000,0.17190000,9691.00000000,1641056399999,1665.55290000,23,6391.00000000,1098.61290000,0
1641056400000,0.17180000,0.17210000,0.17180000,0.17210000,283270.00000000,1641056459999,48726.46730000,81,225396.00000000,38772.50180000,0
1641056460000,0.17200000,0.17210000,0.17190000,0.17190000,48177.00000000,1641056519999,8286.72210000,65,7939.00000000,1365.88310000,0
1641056520000,0.17190000,0.17200000,0.17190000,0.17200000,40172.00000000,1641056579999,6909.39820000,39,38314.00000000,6590.00800000,0
1641056580000,0.17190000,0.17210000,0.17190000,0.17200000,211829.00000000,1641056639999,36431.52300000,92,166477.00000000,28635.47510000,0
1641056640000,0.17200000,0.17210000,0.17200000,0.17210000,138768.00000000,1641056699999,23881.13330000,56,130373.00000000,22437.19330000,0
1641056700000,0.17210000,0.17220000,0.17200000,0.17210000,142046.00000000,1641056759999,24445.67250000,72,33433.00000000,5753.84250000,0
1641056760000,0.17200000,0.17220000,0.17200000,0.17200000,266056.00000000,1641056819999,45782.03440000,77,168280.00000000,28961.12860000,0
1641056820000,0.17200000,0.17210000,0.17200000,0.17200000,68245.00000000,1641056879999,11739.40960000,87,12696.00000000,2184.98160000,0
1641056880000,0.17200000,0.17210000,0.17200000,0.17210000,32622.00000000,1641056939999,5613.36490000,52,23809.00000000,4097.52890000,0
1641056940000,0.17200000,0.17200000,0.17190000,0.17200000,79271.00000000,1641056999999,13633.75920000,76,24121.00000000,4148.81200000,0
1641057000000,0.17200000,0.17210000,0.17190000,0.17200000,280913.00000000,1641057059999,48326.54630000,94,210085.00000000,36144.68350000,0
1641057060000,0.17190000,0.17210000,0.17190000,0.17200000,133440.00000000,1641057119999,22955.63600000,101,82845.00000000,14253.86270000,0
1641057120000,0.17200000,0.17200000,0.17190000,0.17200000,37276.00000000,1641057179999,6408.32510000,52,5807.00000000,998.80400000,0
1641057180000,0.17190000,0.17210000,0.17190000,0.17200000,220011.00000000,1641057239999,37841.87070000,89,70213.00000000,12077.59490000,0
1641057240000,0.17200000,0.17210000,0.17190000,0.17200000,70805.00000000,1641057299999,12178.99380000,83,13756.00000000,2366.81130000,0
1641057300000,0.17200000,0.17220000,0.17200000,0.17220000,81819.00000000,1641057359999,14076.59240000,91,36949.00000000,6358.95240000,0
1641057360000,0.17210000,0.17220000,0.17210000,0.17210000,15238.00000000,1641057419999,2623.15360000,48,6938.00000000,1194.72360000,0
1641057420000,0.17210000,0.17220000,0.17200000,0.17210000,174484.00000000,1641057479999,30041.84280000,105,154893.00000000,26670.53890000,0
1641057480000,0.17210000,0.17220000,0.17200000,0.17210000,42957.00000000,1641057539999,7392.71650000,38,38914.00000000,6697.28110000,0
1641057540000,0.17210000,0.17220000,0.17210000,0.17210000,10611.00000000,1641057599999,1826.80970000,77,6566.00000000,1130.66520000,0
1641057600000,0.17220000,0.17220000,0.17200000,0.17200000,184876.00000000,1641057659999,31819.96230000,77,40076.00000000,6901.06180000,0
1641057660000,0.17200000,0.17210000,0.17200000,0.17210000,29113.00000000,1641057719999,5009.76520000,52,23292.00000000,4008.55320000,0
1641057720000,0.17200000,0.17210000,0.17200000,0.17210000,131275.00000000,1641057779999,22590.81260000,50,115126.00000000,19813.18460000,0
1641057780000,0.17210000,0.17210000,0.17200000,0.17210000,20924.00000000,1641057839999,3599.95370000,109,10257.00000000,1765.22970000,0
1641057840000,0.17210000,0.17230000,0.17200000,0.17220000,327940.00000000,1641057899999,56461.23400000,111,184765.00000000,31809.71740000,0
1641057900000,0.17220000,0.17230000,0.17210000,0.17230000,43509.00000000,1641057959999,7491.70190000,65,34932.00000000,6015.37320000,0
1641057960000,0.17230000,0.17230000,0.17220000,0.17230000,34140.00000000,1641058019999,5880.98130000,77,19430.00000000,3347.78900000,0
1641058020000,0.17230000,0.17230000,0.17220000,0.17230000,37135.00000000,1641058079999,6396.53450000,80,18875.00000000,3252.16250000,0
1641058080000,0.17220000,0.17230000,0.17220000,0.17230000,35682.00000000,1641058139999,6145.11280000,56,6724.00000000,1158.54520000,0
1641058140000,0.17220000,0.17250000,0.17220000,0.17240000,249494.00000000,1641058199999,43005.81570000,141,107205.00000000,18476.04410000,0
1641058200000,0.17230000,0.17250000,0.17230000,0.17240000,98655.00000000,1641058259999,17008.75280000,55,41339.00000000,7127.68590000,0
1641058260000,0.17240000,0.17270000,0.17240000,0.17260000,257574.00000000,1641058319999,44443.01430000,153,214711.00000000,37051.35400000,0
1641058320000,0.17260000,0.17270000,0.17260000,0.17260000,112564.00000000,1641058379999,19432.19700000,81,36506.00000000,6304.58620000,0
1641058380000,0.17270000,0.17270000,0.17260000,0.17260000,53009.00000000,1641058439999,9153.00260000,61,36492.00000000,6302.16840000,0
1641058440000,0.17270000,0.17280000,0.17260000,0.17270000,93460.00000000,1641058499999,16141.33620000,77,74961.00000000,12946.63150000,0
1641058500000,0.17280000,0.17280000,0.17260000,0.17270000,119206.00000000,1641058559999,20586.48900000,134,60899.00000000,10519.43160000,0
1641058560000,0.17280000,0.17290000,0.17270000,0.17290000,285792.00000000,1641058619999,49386.56350000,86,225631.00000000,38990.89530000,0
1641058620000,0.17290000,0.17290000,0.17280000,0.17290000,34291.00000000,1641058679999,5927.72920000,74,22444.00000000,3880.56760000,0
1641058680000,0.17280000,0.17360000,0.17280000,0.17310000,1919967.00000000,1641058739999,332678.54510000,604,1217759.00000000,210999.66230000,0
1641058740000,0.17310000,0.17350000,0.17300000,0.17330000,565150.00000000,1641058799999,97954.32370000,350,415261.00000000,71979.40650000,0
1641058800000,0.17340000,0.17360000,0.17340000,0.17350000,494689.00000000,1641058859999,85818.80940000,183,260131.00000000,45133.90010000,0
1641058860000,0.17340000,0.17350000,0.17340000,0.17350000,170669.00000000,1641058919999,29599.15390000,101,51493.00000000,8934.03550000,0
1641058920000,0.17350000,0.17370000,0.17340000,0.17360000,684247.00000000,1641058979999,118768.62980000,204,637479.00000000,110652.78530000,0
1641058980000,0.17360000,0.17370000,0.17340000,0.17350000,324905.00000000,1641059039999,56391.11490000,144,124271.00000000,21569.03880000,0
1641059040000,0.17340000,0.17350000,0.17320000,0.17340000,508316.00000000,1641059099999,88139.19230000,218,269556.00000000,46732.91020000,0
1641059100000,0.17350000,0.17370000,0.17340000,0.17350000,1438603.00000000,1641059159999,249731.94170000,167,1242652.00000000,215719.55140000,0
1641059160000,0.17360000,0.17360000,0.17340000,0.17340000,552988.00000000,1641059219999,95940.12220000,111,90946.00000000,15779.82350000,0
1641059220000,0.17340000,0.17360000,0.17340000,0.17350000,156224.00000000,1641059279999,27102.19800000,137,98581.00000000,17103.87060000,0
1641059280000,0.17350000,0.17350000,0.17320000,0.17330000,387947.00000000,1641059339999,67249.38170000,153,143488.00000000,24878.81190000,0
1641059340000,0.17320000,0.17330000,0.17300000,0.17310000,234802.00000000,1641059399999,40651.59150000,322,164404.00000000,28462.57880000,0
1641059400000,0.17320000,0.17350000,0.17310000,0.17330000,460366.00000000,1641059459999,79796.38330000,130,428699.00000000,74308.81340000,0
1641059460000,0.17340000,0.17340000,0.17330000,0.17340000,293646.00000000,1641059519999,50917.42000000,116,266443.00000000,46201.21620000,0
1641059520000,0.17340000,0.17360000,0.17330000,0.17350000,132347.00000000,1641059579999,22957.45010000,100,97599.00000000,16930.01660000,0
1641059580000,0.17350000,0.17350000,0.17320000,0.17320000,230362.00000000,1641059639999,39937.36500000,86,12470.00000000,2161.78610000,0
1641059640000,0.17330000,0.17340000,0.17320000,0.17330000,171152.00000000,1641059699999,29660.82600000,80,134556.00000000,23320.67120000,0
1641059700000,0.17340000,0.17340000,0.17320000,0.17330000,76539.00000000,1641059759999,13265.00450000,72,10764.00000000,1866.40710000,0
1641059760000,0.17320000,0.17330000,0.17310000,0.17310000,212647.00000000,1641059819999,36831.82220000,95,73277.00000000,12698.21850000,0
1641059820000,0.17320000,0.17320000,0.17310000,0.17310000,40409.00000000,1641059879999,6997.12150000,54,23236.00000000,4024.47520000,0
1641059880000,0.17320000,0.17330000,0.17310000,0.17320000,117440.00000000,1641059939999,20340.90200000,73,57224.00000000,9911.54730000,0
1641059940000,0.17310000,0.17330000,0.17310000,0.17310000,206317.00000000,1641059999999,35735.36240000,61,164520.00000000,28496.94010000,0
1641060000000,0.17320000,0.17330000,0.17310000,0.17320000,110467.00000000,1641060059999,19133.09740000,51,72664.00000000,12585.78900000,0
1641060060000,0.17320000,0.17330000,0.17300000,0.17300000,278139.00000000,1641060119999,48159.19160000,71,135923.00000000,23541.20020000,0
1641060120000,0.17300000,0.17310000,0.17280000,0.17300000,2103772.00000000,1641060179999,363956.03750000,211,1777424.00000000,307496.12080000,0
1641060180000,0.17300000,0.17310000,0.17290000,0.17300000,186377.00000000,1641060239999,32243.35200000,64,56871.00000000,9839.19780000,0
1641060240000,0.17310000,0.17310000,0.17290000,0.17290000,251074.00000000,1641060299999,43435.44350000,46,13183.00000000,2281.70570000,0
1641060300000,0.17290000,0.17300000,0.17280000,0.17280000,966138.00000000,1641060359999,167045.82340000,103,779520.00000000,134782.74220000,0
1641060360000,0.17280000,0.17310000,0.17280000,0.17290000,451349.00000000,1641060419999,78067.60760000,80,260344.00000000,45034.06000000,0
1641060420000,0.17290000,0.17300000,0.17280000,0.17300000,84858.00000000,1641060479999,14671.02610000,43,74570.00000000,12893.24970000,0
1641060480000,0.17300000,0.17310000,0.17290000,0.17300000,196898.00000000,1641060539999,34069.38360000,49,189436.00000000,32778.50830000,0
1641060540000,0.17300000,0.17310000,0.17300000,0.17310000,141432.00000000,1641060599999,24479.54690000,34,118109.00000000,20444.66790000,0
1641060600000,0.17300000,0.17330000,0.17300000,0.17310000,1375226.00000000,1641060659999,238075.83170000,121,1264848.00000000,218969.67100000,0
1641060660000,0.17310000,0.17320000,0.17310000,0.17310000,207979.00000000,1641060719999,36004.32110000,58,136166.00000000,23573.49080000,0
1641060720000,0.17320000,0.17320000,0.17300000,0.17310000,281110.00000000,1641060779999,48660.03660000,57,9266.00000000,1604.57340000,0
1641060780000,0.17300000,0.17310000,0.17280000,0.17290000,605513.00000000,1641060839999,104711.51860000,94,96934.00000000,16760.43630000,0
1641060840000,0.17290000,0.17290000,0.17280000,0.17290000,271139.00000000,1641060899999,46875.41450000,70,225953.00000000,39067.27370000,0
1641060900000,0.17280000,0.17300000,0.17280000,0.17290000,591468.00000000,1641060959999,102274.17890000,108,313193.00000000,54166.13420000,0
1641060960000,0.17290000,0.17290000,0.17280000,0.17280000,83673.00000000,1641061019999,14466.26240000,51,75680.00000000,13085.07200000,0
1641061020000,0.17290000,0.17290000,0.17270000,0.17280000,116873.00000000,1641061079999,20194.35090000,72,37275.00000000,6443.94080000,0
1641061080000,0.17280000,0.17280000,0.17270000,0.17280000,130437.00000000,1641061139999,22533.14300000,52,66731.00000000,11531.11680000,0
1641061140000,0.17270000,0.17280000,0.17240000,0.17260000,4626325.00000000,1641061199999,798220.24110000,324,3433478.00000000,592368.14390000,0
1641061200000,0.17260000,0.17280000,0.17250000,0.17250000,527888.00000000,1641061259999,91165.43240000,78,439758.00000000,75958.33360000,0
1641061260000,0.17260000,0.17270000,0.17260000,0.17260000,77173.00000000,1641061319999,13321.73140000,32,19790.00000000,3417.42560000,0
1641061320000,0.17270000,0.17280000,0.17260000,0.17270000,64204.00000000,1641061379999,11087.99060000,45,49648.00000000,8574.36270000,0
1641061380000,0.17270000,0.17280000,0.17260000,0.17280000,55996.00000000,1641061439999,9670.36130000,45,53316.00000000,9207.71460000,0
1641061440000,0.17280000,0.17280000,0.17270000,0.17280000,135429.00000000,1641061499999,23391.76310000,42,31748.00000000,5486.05440000,0
1641061500000,0.17280000,0.17280000,0.17270000,0.17280000,41180.00000000,1641061559999,7113.49350000,43,17075.00000000,2950.56000000,0
1641061560000,0.17280000,0.17280000,0.17250000,0.17270000,225102.00000000,1641061619999,38860.57820000,84,69598.00000000,12013.12640000,0
1641061620000,0.17260000,0.17270000,0.17250000,0.17250000,179839.00000000,1641061679999,31040.69400000,52,7594.00000000,1311.48380000,0
1641061680000,0.17260000,0.17280000,0.17250000,0.17280000,244842.00000000,1641061739999,42278.24840000,60,156314.00000000,26991.46820000,0
1641061740000,0.17270000,0.17280000,0.17260000,0.17270000,75930.00000000,1641061799999,13108.62010000,38,22134.00000000,3822.56570000,0
1641061800000,0.17270000,0.17290000,0.17270000,0.17290000,284289.00000000,1641061859999,49114.81200000,103,274327.00000000,47394.09990000,0
1641061860000,0.17280000,0.17300000,0.17270000,0.17280000,419024.00000000,1641061919999,72434.67710000,89,100954.00000000,17448.29330000,0
1641061920000,0.17280000,0.17280000,0.17250000,0.17250000,534561.00000000,1641061979999,92269.36360000,167,89493.00000000,15445.15140000,0
1641061980000,0.17260000,0.17260000,0.17240000,0.17250000,279847.00000000,1641062039999,48275.37500000,70,63828.00000000,11012.44470000,0
1641062040000,0.17240000,0.17250000,0.17230000,0.17240000,269758.00000000,1641062099999,46510.66410000,99,198481.00000000,34222.67500000,0
1641062100000,0.17250000,0.17260000,0.17240000,0.17250000,325833.00000000,1641062159999,56202.80270000,103,140242.00000000,24190.65320000,0
1641062160000,0.17240000,0.17260000,0.17240000,0.17240000,96368.00000000,1641062219999,16622.63720000,54,55114.00000000,9507.53790000,0
1641062220000,0.17250000,0.17270000,0.17240000,0.17260000,298552.00000000,1641062279999,51515.61230000,71,231974.00000000,40031.00720000,0
1641062280000,0.17250000,0.17260000,0.17240000,0.17250000,210037.00000000,1641062339999,36230.73860000,52,95100.00000000,16404.84080000,0
1641062340000,0.17250000,0.17260000,0.17240000,0.17240000,90674.00000000,1641062399999,15641.62250000,52,11849.00000000,2044.87800000,0
1641062400000,0.17250000,0.17260000,0.17240000,0.17260000,610900.00000000,1641062459999,105415.43760000,140,482544.00000000,83274.35810000,0
1641062460000,0.17260000,0.17270000,0.17250000,0.17270000,171868.00000000,1641062519999,29678.89560000,69,168294.00000000,29062.04310000,0
1641062520000,0.17270000,0.17270000,0.17260000,0.17260000,147434.00000000,1641062579999,25451.66750000,44,45591.00000000,7873.56570000,0
1641062580000,0.17260000,0.17260000,0.17250000,0.17250000,73165.00000000,1641062639999,12627.57270000,27,66102.00000000,11409.20520000,0
1641062640000,0.17250000,0.17250000,0.17240000,0.17240000,58361.00000000,1641062699999,10066.95910000,25,10204.00000000,1760.19000000,0
1641062700000,0.17250000,0.17260000,0.17240000,0.17250000,302041.00000000,1641062759999,52082.32260000,61,104164.00000000,17968.30000000,0
1641062760000,0.17250000,0.17270000,0.17250000,0.17260000,93483.00000000,1641062819999,16133.00250000,52,53981.00000000,9317.40640000,0
1641062820000,0.17270000,0.17280000,0.17260000,0.17270000,193926.00000000,1641062879999,33493.46440000,53,174651.00000000,30164.67880000,0
1641062880000,0.17270000,0.17280000,0.17260000,0.17270000,95993.00000000,1641062939999,16577.91860000,38,18656.00000000,3221.99160000,0
1641062940000,0.17260000,0.17280000,0.17260000,0.17280000,107143.00000000,1641062999999,18508.07500000,44,93863.00000000,16215.82500000,0
1641063000000,0.17280000,0.17280000,0.17270000,0.17280000,109383.00000000,1641063059999,18892.62780000,33,21837.00000000,3773.43360000,0
1641063060000,0.17270000,0.17280000,0.17270000,0.17280000,55259.00000000,1641063119999,9548.63110000,25,54018.00000000,9334.31040000,0
1641063120000,0.17280000,0.17290000,0.17270000,0.17290000,46897.00000000,1641063179999,8104.73540000,38,37566.00000000,6492.41290000,0
1641063180000,0.17290000,0.17290000,0.17280000,0.17290000,54741.00000000,1641063239999,9464.40190000,27,51571.00000000,8916.62590000,0
1641063240000,0.17290000,0.17290000,0.17270000,0.17280000,124480.00000000,1641063299999,21518.52040000,44,96323.00000000,16653.55360000,0
1641063300000,0.17280000,0.17300000,0.17270000,0.17300000,70892.00000000,1641063359999,12254.45540000,44,50906.00000000,8799.11700000,0
1641063360000,0.17300000,0.17310000,0.17290000,0.17310000,218218.00000000,1641063419999,37759.79130000,65,200525.00000000,34698.98720000,0
1641063420000,0.17300000,0.17320000,0.17300000,0.17310000,280680.00000000,1641063479999,48595.06710000,93,244618.00000000,42354.52860000,0
1641063480000,0.17310000,0.17310000,0.17290000,0.17290000,25899.00000000,1641063539999,4481.31720000,36,8076.00000000,1397.94670000,0
1641063540000,0.17290000,0.17310000,0.17280000,0.17310000,886137.00000000,1641063599999,153275.93730000,133,404107.00000000,69916.54460000,0
1641063600000,0.17310000,0.17320000,0.17300000,0.17320000,87783.00000000,1641063659999,15200.11660000,46,56538.00000000,9791.67990000,0
1641063660000,0.17320000,0.17320000,0.17310000,0.17320000,100310.00000000,1641063719999,17368.79030000,31,51293.00000000,8883.94760000,0
1641063720000,0.17320000,0.17320000,0.17290000,0.17310000,108543.00000000,1641063779999,18782.85450000,58,56643.00000000,9801.84210000,0
1641063780000,0.17310000,0.17320000,0.17300000,0.17320000,49856.00000000,1641063839999,8627.36810000,33,13323.00000000,2306.28880000,0
1641063840000,0.17310000,0.17310000,0.17300000,0.17300000,26645.00000000,1641063899999,4611.66880000,17,18453.00000000,3194.21430000,0
1641063900000,0.17310000,0.17310000,0.17300000,0.17310000,191080.00000000,1641063959999,33075.54520000,47,66402.00000000,11494.18620000,0
1641063960000,0.17300000,0.17310000,0.17300000,0.17300000,17672.00000000,1641064019999,3058.69930000,19,14433.00000000,2498.35230000,0
1641064020000,0.17310000,0.17310000,0.17300000,0.17310000,56043.00000000,1641064079999,9697.89450000,33,24555.00000000,4250.47050000,0
1641064080000,0.17300000,0.17310000,0.17280000,0.17280000,164035.00000000,1641064139999,28377.31270000,74,49761.00000000,8611.23270000,0
1641064140000,0.17280000,0.17290000,0.17270000,0.17280000,53195.00000000,1641064199999,9192.65180000,35,11933.00000000,2062.64720000,0
1641064200000,0.17280000,0.17290000,0.17270000,0.17280000,240452.00000000,1641064259999,41570.02730000,47,238163.00000000,41174.50480000,0
1641064260000,0.17280000,0.17290000,0.17270000,0.17280000,281992.00000000,1641064319999,48739.25320000,50,140857.00000000,24351.27150000,0
1641064320000,0.17270000,0.17290000,0.17270000,0.17280000,61644.00000000,1641064379999,10651.71450000,30,46672.00000000,8064.99230000,0
1641064380000,0.17280000,0.17280000,0.17270000,0.17280000,124443.00000000,1641064439999,21498.04610000,29,2101.00000000,363.05280000,0
1641064440000,0.17280000,0.17280000,0.17260000,0.17270000,68653.00000000,1641064499999,11855.54880000,48,23690.00000000,4091.68430000,0
1641064500000,0.17280000,0.17280000,0.17260000,0.17260000,77609.00000000,1641064559999,13402.45110000,46,10378.00000000,1792.41140000,0
1641064560000,0.17270000,0.17270000,0.17260000,0.17260000,84865.00000000,1641064619999,14648.77790000,43,10789.00000000,1863.26030000,0
1641064620000,0.17270000,0.17280000,0.17260000,0.17280000,100249.00000000,1641064679999,17312.77030000,47,95040.00000000,16413.48790000,0
1641064680000,0.17280000,0.17280000,0.17260000,0.17270000,63044.00000000,1641064739999,10886.62730000,18,13113.00000000,2265.79500000,0
1641064740000,0.17270000,0.17270000,0.17260000,0.17270000,22313.00000000,1641064799999,3852.22470000,24,10009.00000000,1728.55430000,0
1641064800000,0.17260000,0.17270000,0.17260000,0.17270000,72035.00000000,1641064859999,12439.40840000,41,61266.00000000,10580.63820000,0
1641064860000,0.17280000,0.17280000,0.17260000,0.17260000,107390.00000000,1641064919999,18545.41690000,33,5202.00000000,898.73400000,0
1641064920000,0.17270000,0.17280000,0.17270000,0.17270000,56924.00000000,1641064979999,9831.53790000,28,53498.00000000,9239.86770000,0
1641064980000,0.17280000,0.17280000,0.17260000,0.17270000,178509.00000000,1641065039999,30827.21750000,58,81589.00000000,14094.65250000,0
1641065040000,0.17270000,0.17270000,0.17230000,0.17240000,215097.00000000,1641065099999,37107.33700000,89,102090.00000000,17616.33500000,0
1641065100000,0.17240000,0.17250000,0.17230000,0.17240000,105930.00000000,1641065159999,18264.10710000,50,34417.00000000,5935.56800000,0
1641065160000,0.17240000,0.17260000,0.17240000,0.17250000,163350.00000000,1641065219999,28178.74100000,57,107766.00000000,18590.84040000,0
1641065220000,0.17260000,0.17260000,0.17250000,0.17250000,31098.00000000,1641065279999,5366.49200000,27,20870.00000000,3602.16200000,0
1641065280000,0.17250000,0.17260000,0.17250000,0.17250000,175137.00000000,1641065339999,30211.72760000,40,121189.00000000,20905.69760000,0
1641065340000,0.17250000,0.17260000,0.17240000,0.17250000,111813.00000000,1641065399999,19290.31620000,63,81531.00000000,14066.76960000,0
1641065400000,0.17260000,0.17270000,0.17250000,0.17260000,59280.00000000,1641065459999,10233.13070000,39,50769.00000000,8764.22520000,0
1641065460000,0.17260000,0.17270000,0.17260000,0.17270000,27013.00000000,1641065519999,4664.09690000,24,16531.00000000,2854.90370000,0
1641065520000,0.17260000,0.17270000,0.17250000,0.17260000,92211.00000000,1641065579999,15918.12860000,62,57295.00000000,9892.63570000,0
1641065580000,0.17260000,0.17260000,0.17250000,0.17260000,4868.00000000,1641065639999,839.79050000,13,605.00000000,104.42300000,0
1641065640000,0.17250000,0.17260000,0.17250000,0.17250000,73874.00000000,1641065699999,12744.37850000,34,60216.00000000,10388.37350000,0
1641065700000,0.17260000,0.17260000,0.17240000,0.17260000,262017.00000000,1641065759999,45204.92450000,64,189893.00000000,32763.58910000,0
1641065760000,0.17260000,0.17260000,0.17250000,0.17260000,39222.00000000,1641065819999,6767.97600000,33,21810.00000000,3764.40600000,0
1641065820000,0.17260000,0.17260000,0.17250000,0.17260000,44764.00000000,1641065879999,7722.82850000,32,10385.00000000,1792.45100000,0
1641065880000,0.17250000,0.17260000,0.17240000,0.17240000,261244.00000000,1641065939999,45068.32380000,70,99973.00000000,17251.29170000,0
1641065940000,0.17250000,0.17260000,0.17240000,0.17250000,96898.00000000,1641065999999,16711.64510000,36,62545.00000000,10789.12550000,0
1641066000000,0.17250000,0.17260000,0.17240000,0.17240000,206170.00000000,1641066059999,35563.39760000,49,136455.00000000,23538.52180000,0
1641066060000,0.17240000,0.17250000,0.17230000,0.17240000,294086.00000000,1641066119999,50700.21580000,68,85868.00000000,14803.68670000,0
1641066120000,0.17230000,0.17250000,0.17230000,0.17250000,458866.00000000,1641066179999,79142.61330000,81,344205.00000000,59368.77910000,0
1641066180000,0.17250000,0.17260000,0.17240000,0.17240000,353718.00000000,1641066239999,61022.40070000,60,165662.00000000,28584.59950000,0
1641066240000,0.17240000,0.17250000,0.17230000,0.17240000,221753.00000000,1641066299999,38230.42600000,63,78137.00000000,13471.06790000,0
1641066300000,0.17250000,0.17250000,0.17240000,0.17240000,39706.00000000,1641066359999,6846.42650000,22,11121.00000000,1918.37250000,0
1641066360000,0.17240000,0.17250000,0.17240000,0.17250000,46450.00000000,1641066419999,8008.81820000,23,8382.00000000,1445.89500000,0
1641066420000,0.17250000,0.17250000,0.17240000,0.17250000,21714.00000000,1641066479999,3744.01700000,20,5234.00000000,902.86500000,0
1641066480000,0.17240000,0.17250000,0.17240000,0.17250000,60475.00000000,1641066539999,10429.11330000,32,32233.00000000,5560.19250000,0
1641066540000,0.17250000,0.17260000,0.17240000,0.17250000,114203.00000000,1641066599999,19699.58360000,54,52753.00000000,9099.96250000,0
1641066600000,0.17250000,0.17260000,0.17240000,0.17260000,36790.00000000,1641066659999,6346.93680000,23,34300.00000000,5917.41790000,0
1641066660000,0.17260000,0.17260000,0.17240000,0.17260000,567091.00000000,1641066719999,97858.28650000,80,428396.00000000,73933.42220000,0
1641066720000,0.17250000,0.17260000,0.17240000,0.17240000,147018.00000000,1641066779999,25361.31650000,37,21321.00000000,3678.60380000,0
1641066780000,0.17250000,0.17260000,0.17240000,0.17240000,206583.00000000,1641066839999,35637.62200000,55,40572.00000000,7001.08320000,0
1641066840000,0.17240000,0.17250000,0.17240000,0.17250000,50712.00000000,1641066899999,8746.16160000,22,34128.00000000,5887.08000000,0
1641066900000,0.17240000,0.17260000,0.17240000,0.17260000,248493.00000000,1641066959999,42863.07380000,59,215438.00000000,37163.06580000,0
1641066960000,0.17250000,0.17260000,0.17240000,0.17240000,92754.00000000,1641067019999,15999.63270000,32,11892.00000000,2051.45220000,0
1641067020000,0.17250000,0.17260000,0.17240000,0.17250000,63451.00000000,1641067079999,10945.18080000,34,41516.00000000,7161.56500000,0
1641067080000,0.17250000,0.17260000,0.17240000,0.17250000,73070.00000000,1641067139999,12604.70370000,36,11756.00000000,2028.48060000,0
1641067140000,0.17250000,0.17250000,0.17240000,0.17250000,18789.00000000,1641067199999,3240.51830000,27,12947.00000000,2233.35750000,0
1641067200000,0.17250000,0.17270000,0.17240000,0.17270000,266384.00000000,1641067259999,45970.65940000,88,253412.00000000,43733.49280000,0
1641067260000,0.17260000,0.17270000,0.17250000,0.17250000,129020.00000000,1641067319999,22270.10140000,39,20248.00000000,3496.29110000,0
1641067320000,0.17260000,0.17270000,0.17250000,0.17270000,143287.00000000,1641067379999,24738.44290000,42,128850.00000000,22246.74530000,0
1641067380000,0.17260000,0.17270000,0.17260000,0.17260000,60007.00000000,1641067439999,10357.28580000,30,776.00000000,134.01520000,0
1641067440000,0.17260000,0.17270000,0.17260000,0.17270000,21565.00000000,1641067499999,3722.26490000,21,1459.00000000,251.96930000,0
1641067500000,0.17270000,0.17310000,0.17260000,0.17290000,2313407.00000000,1641067559999,400019.01680000,362,1804190.00000000,311972.54110000,0
1641067560000,0.17290000,0.17300000,0.17290000,0.17300000,47463.00000000,1641067619999,8210.29850000,31,39458.00000000,6826.23400000,0
1641067620000,0.17290000,0.17300000,0.17290000,0.17300000,53282.00000000,1641067679999,9215.19760000,30,27398.00000000,4739.85400000,0
1641067680000,0.17300000,0.17300000,0.17280000,0.17280000,181293.00000000,1641067739999,31345.22080000,63,26060.00000000,4505.81790000,0
1641067740000,0.17290000,0.17290000,0.17280000,0.17290000,46750.00000000,1641067799999,8082.38210000,26,39821.00000000,6885.05090000,0
1641067800000,0.17280000,0.17290000,0.17270000,0.17280000,123429.00000000,1641067859999,21330.37340000,46,73055.00000000,12626.06950000,0
1641067860000,0.17290000,0.17290000,0.17280000,0.17280000,72771.00000000,1641067919999,12575.31400000,42,11401.00000000,1970.57800000,0
1641067920000,0.17270000,0.17290000,0.17260000,0.17270000,1091681.00000000,1641067979999,188548.79320000,119,123346.00000000,21315.96860000,0
1641067980000,0.17270000,0.17280000,0.17260000,0.17270000,368952.00000000,1641068039999,63705.30390000,53,64695.00000000,11175.59450000,0
1641068040000,0.17280000,0.17280000,0.17270000,0.17270000,206078.00000000,1641068099999,35600.37370000,50,78152.00000000,13504.66560000,0
1641068100000,0.17270000,0.17280000,0.17250000,0.17280000,957250.00000000,1641068159999,165375.08030000,119,824575.00000000,142458.96710000,0
1641068160000,0.17280000,0.17280000,0.17270000,0.17270000,12390.00000000,1641068219999,2139.97690000,13,2239.00000000,386.89920000,0
1641068220000,0.17280000,0.17280000,0.17270000,0.17270000,19443.00000000,1641068279999,3358.03790000,21,2318.00000000,400.55040000,0
1641068280000,0.17280000,0.17290000,0.17280000,0.17280000,45118.00000000,1641068339999,7796.87870000,41,42177.00000000,7288.67390000,0
1641068340000,0.17280000,0.17310000,0.17280000,0.17300000,298341.00000000,1641068399999,51605.06290000,85,290561.00000000,50260.13650000,0
1641068400000,0.17290000,0.17290000,0.17280000,0.17290000,37509.00000000,1641068459999,6484.19210000,36,8003.00000000,1383.71870000,0
1641068460000,0.17290000,0.17290000,0.17270000,0.17280000,704991.00000000,1641068519999,121835.31100000,99,634566.00000000,109665.92940000,0
1641068520000,0.17280000,0.17280000,0.17270000,0.17270000,110484.00000000,1641068579999,19091.29610000,34,34528.00000000,5966.43840000,0
1641068580000,0.17270000,0.17280000,0.17270000,0.17280000,55617.00000000,1641068639999,9610.29530000,24,52394.00000000,9053.68320000,0
1641068640000,0.17280000,0.17280000,0.17270000,0.17280000,200047.00000000,1641068699999,34568.03830000,37,77432.00000000,13380.24960000,0
1641068700000,0.17280000,0.17280000,0.17260000,0.17260000,632202.00000000,1641068759999,109233.78460000,92,424012.00000000,73268.80640000,0
1641068760000,0.17260000,0.17270000,0.17260000,0.17260000,13172.00000000,1641068819999,2273.98800000,21,5008.00000000,864.88160000,0
1641068820000,0.17270000,0.17270000,0.17260000,0.17270000,26600.00000000,1641068879999,4593.38100000,24,22210.00000000,3835.66700000,0
1641068880000,0.17270000,0.17280000,0.17260000,0.17270000,186819.00000000,1641068939999,32262.88790000,44,159944.00000000,27622.89900000,0
1641068940000,0.17270000,0.17280000,0.17270000,0.17270000,29532.00000000,1641068999999,5102.94740000,14,27710.00000000,4788.28800000,0
1641069000000,0.17270000,0.17310000,0.17260000,0.17300000,601701.00000000,1641069059999,103982.76040000,118,340440.00000000,58841.35200000,0
1641069060000,0.17300000,0.17300000,0.17290000,0.17300000,146506.00000000,1641069119999,25340.64040000,43,78674.00000000,13610.60200000,0
1641069120000,0.17300000,0.17320000,0.17290000,0.17300000,584258.00000000,1641069179999,101108.50360000,114,205064.00000000,35496.03440000,0
1641069180000,0.17300000,0.17310000,0.17290000,0.17310000,82874.00000000,1641069239999,14337.09250000,26,31637.00000000,5473.32940000,0
1641069240000,0.17300000,0.17300000,0.17290000,0.17300000,83511.00000000,1641069299999,14441.78560000,39,8337.00000000,1442.30100000,0
1641069300000,0.17290000,0.17300000,0.17290000,0.17300000,73587.00000000,1641069359999,12724.56370000,42,13714.00000000,2372.52200000,0
1641069360000,0.17290000,0.17320000,0.17290000,0.17290000,518501.00000000,1641069419999,89703.89670000,100,132962.00000000,23014.33860000,0
1641069420000,0.17290000,0.17300000,0.17280000,0.17290000,97201.00000000,1641069479999,16806.36970000,40,10853.00000000,1877.32330000,0
1641069480000,0.17290000,0.17290000,0.17270000,0.17280000,110007.00000000,1641069539999,19005.70760000,45,23386.00000000,4041.25140000,0
1641069540000,0.17280000,0.17290000,0.17280000,0.17280000,54333.00000000,1641069599999,9389.75120000,37,10088.00000000,1744.21520000,0
1641069600000,0.17280000,0.17280000,0.17270000,0.17280000,95121.00000000,1641069659999,16431.33170000,56,27389.00000000,4732.81920000,0
1641069660000,0.17270000,0.17270000,0.17260000,0.17260000,101335.00000000,1641069719999,17496.57260000,44,13624.00000000,2352.86480000,0
1641069720000,0.17260000,0.17270000,0.17250000,0.17260000,99515.00000000,1641069779999,17173.58240000,47,15159.00000000,2616.48150000,0
1641069780000,0.17250000,0.17260000,0.17250000,0.17250000,480004.00000000,1641069839999,82833.26440000,88,253276.00000000,43715.43760000,0
1641069840000,0.17250000,0.17260000,0.17250000,0.17260000,175949.00000000,1641069899999,30358.53830000,41,73358.00000000,12661.59080000,0
1641069900000,0.17250000,0.17270000,0.17250000,0.17260000,161773.00000000,1641069959999,27916.99980000,30,68080.00000000,11751.86130000,0
1641069960000,0.17260000,0.17270000,0.17260000,0.17270000,169487.00000000,1641070019999,29262.21260000,70,87564.00000000,15122.30280000,0
1641070020000,0.17270000,0.17280000,0.17260000,0.17280000,617908.00000000,1641070079999,106713.93890000,86,79165.00000000,13673.28510000,0
1641070080000,0.17280000,0.17280000,0.17250000,0.17250000,2310373.00000000,1641070139999,398584.13820000,109,145696.00000000,25147.22280000,0
1641070140000,0.17260000,0.17260000,0.17250000,0.17260000,129024.00000000,1641070199999,22263.17830000,34,65383.00000000,11285.10580000,0
1641070200000,0.17250000,0.17260000,0.17250000,0.17250000,620291.00000000,1641070259999,107000.82650000,41,6290.00000000,1085.65400000,0
1641070260000,0.17260000,0.17260000,0.17250000,0.17260000,35077.00000000,1641070319999,6051.34620000,26,5637.00000000,972.94620000,0
1641070320000,0.17250000,0.17260000,0.17250000,0.17250000,135740.00000000,1641070379999,23423.17620000,34,80262.00000000,13853.22120000,0
1641070380000,0.17250000,0.17260000,0.17250000,0.17250000,177761.00000000,1641070439999,30675.21300000,51,78697.00000000,13583.10220000,0
1641070440000,0.17260000,0.17260000,0.17250000,0.17250000,97056.00000000,1641070499999,16745.30950000,25,31495.00000000,5436.03700000,0
1641070500000,0.17250000,0.17270000,0.17250000,0.17260000,136886.00000000,1641070559999,23618.84780000,39,58708.00000000,10133.10680000,0
1641070560000,0.17260000,0.17260000,0.17250000,0.17250000,132952.00000000,1641070619999,22941.67560000,35,55854.00000000,9640.40040000,0
1641070620000,0.17250000,0.17260000,0.17250000,0.17260000,330363.00000000,1641070679999,56991.95450000,42,43370.00000000,7485.66200000,0
1641070680000,0.17250000,0.17270000,0.17250000,0.17260000,163528.00000000,1641070739999,28220.08120000,41,92663.00000000,15993.65910000,0
1641070740000,0.17270000,0.17270000,0.17250000,0.17250000,370048.00000000,1641070799999,63852.15150000,40,9803.00000000,1692.14130000,0
1641070800000,0.17250000,0.17270000,0.17250000,0.17270000,163230.00000000,1641070859999,28173.99020000,34,96213.00000000,16607.10940000,0
1641070860000,0.17270000,0.17270000,0.17260000,0.17270000,69135.00000000,1641070919999,11939.04830000,33,63473.00000000,10961.78710000,0
1641070920000,0.17260000,0.17260000,0.17250000,0.17250000,742886.00000000,1641070979999,128220.87370000,57,98032.00000000,16920.32320000,0
1641070980000,0.17250000,0.17260000,0.17250000,0.17260000,174685.00000000,1641071039999,30148.90970000,48,157472.00000000,27179.66720000,0
1641071040000,0.17260000,0.17270000,0.17250000,0.17260000,222822.00000000,1641071099999,38458.59430000,40,211471.00000000,36500.31050000,0
1641071100000,0.17260000,0.17270000,0.17260000,0.17260000,60580.00000000,1641071159999,10458.00560000,42,18976.00000000,3277.15520000,0
1641071160000,0.17260000,0.17280000,0.17260000,0.17270000,63799.00000000,1641071219999,11017.78700000,34,47111.00000000,8136.08880000,0
1641071220000,0.17270000,0.17270000,0.17260000,0.17260000,60457.00000000,1641071279999,10437.21160000,35,23334.00000000,4029.78180000,0
1641071280000,0.17260000,0.17270000,0.17260000,0.17260000,94002.00000000,1641071339999,16230.98290000,24,62377.00000000,10772.50790000,0
1641071340000,0.17260000,0.17270000,0.17260000,0.17270000,81714.00000000,1641071399999,14110.19260000,24,63562.00000000,10977.15740000,0
1641071400000,0.17260000,0.17270000,0.17260000,0.17270000,16438.00000000,1641071459999,2838.05180000,26,8530.00000000,1473.13100000,0
1641071460000,0.17270000,0.17280000,0.17270000,0.17280000,72109.00000000,1641071519999,12456.97550000,21,69119.00000000,11940.60250000,0
1641071520000,0.17280000,0.17290000,0.17270000,0.17290000,104260.00000000,1641071579999,18016.71230000,47,96233.00000000,16630.07480000,0
1641071580000,0.17290000,0.17290000,0.17280000,0.17280000,23889.00000000,1641071639999,4128.81210000,29,7929.00000000,1370.92410000,0
1641071640000,0.17290000,0.17300000,0.17280000,0.17290000,469578.00000000,1641071699999,81205.10420000,124,368539.00000000,63726.38320000,0
1641071700000,0.17300000,0.17300000,0.17290000,0.17300000,25863.00000000,1641071759999,4472.42600000,19,7133.00000000,1234.00900000,0
1641071760000,0.17290000,0.17310000,0.17290000,0.17300000,95857.00000000,1641071819999,16582.69390000,43,50929.00000000,8810.93430000,0
1641071820000,0.17310000,0.17310000,0.17300000,0.17300000,486421.00000000,1641071879999,84155.10020000,42,42672.00000000,7386.52320000,0
1641071880000,0.17300000,0.17310000,0.17300000,0.17300000,147121.00000000,1641071939999,25452.50690000,44,5739.00000000,993.42090000,0
1641071940000,0.17310000,0.17310000,0.17280000,0.17290000,128890.00000000,1641071999999,22293.18040000,82,9696.00000000,1677.91120000,0
1641072000000,0.17290000,0.17290000,0.17270000,0.17270000,108349.00000000,1641072059999,18720.70720000,51,12767.00000000,2206.22360000,0
1641072060000,0.17280000,0.17290000,0.17270000,0.17290000,107490.00000000,1641072119999,18578.03650000,36,106008.00000000,18322.04400000,0
1641072120000,0.17280000,0.17290000,0.17280000,0.17280000,1993.00000000,1641072179999,344.49220000,14,1018.00000000,176.01220000,0
1641072180000,0.17280000,0.17290000,0.17280000,0.17280000,19180.00000000,1641072239999,3315.88640000,26,15824.00000000,2735.96960000,0
1641072240000,0.17280000,0.17290000,0.17280000,0.17280000,25239.00000000,1641072299999,4363.11430000,26,18151.00000000,3138.30790000,0
1641072300000,0.17280000,0.17290000,0.17280000,0.17280000,35307.00000000,1641072359999,6103.92150000,18,28719.00000000,4965.51510000,0
1641072360000,0.17280000,0.17290000,0.17280000,0.17280000,95574.00000000,1641072419999,16515.42620000,28,2390.00000000,413.23100000,0
1641072420000,0.17280000,0.17290000,0.17260000,0.17270000,697290.00000000,1641072479999,120489.79540000,91,132725.00000000,22947.97770000,0
1641072480000,0.17270000,0.17270000,0.17260000,0.17270000,30461.00000000,1641072539999,5258.39940000,30,8308.00000000,1434.79160000,0
1641072540000,0.17270000,0.17280000,0.17260000,0.17270000,132946.00000000,1641072599999,22959.06790000,53,122481.00000000,21152.63710000,0
1641072600000,0.17280000,0.17280000,0.17270000,0.17270000,84647.00000000,1641072659999,14621.64180000,26,31049.00000000,5365.26720000,0
1641072660000,0.17270000,0.17280000,0.17260000,0.17270000,188853.00000000,1641072719999,32618.87690000,57,118265.00000000,20429.75210000,0
1641072720000,0.17270000,0.17290000,0.17260000,0.17280000,1114903.00000000,1641072779999,192668.26970000,143,890271.00000000,153843.53290000,0
1641072780000,0.17290000,0.17290000,0.17280000,0.17280000,90660.00000000,1641072839999,15666.63010000,35,5821.00000000,1006.45090000,0
1641072840000,0.17290000,0.17290000,0.17270000,0.17280000,98241.00000000,1641072899999,16971.88710000,54,9856.00000000,1703.16580000,0
1641072900000,0.17280000,0.17310000,0.17270000,0.17300000,941833.00000000,1641072959999,162809.07340000,144,828135.00000000,143171.51900000,0
1641072960000,0.17300000,0.17300000,0.17290000,0.17290000,132639.00000000,1641073019999,22939.88180000,40,37969.00000000,6568.63700000,0
1641073020000,0.17290000,0.17300000,0.17280000,0.17290000,142988.00000000,1641073079999,24721.55530000,50,29919.00000000,5174.91850000,0
1641073080000,0.17280000,0.17290000,0.17270000,0.17280000,175370.00000000,1641073139999,30297.03980000,47,9863.00000000,1704.77980000,0
1641073140000,0.17270000,0.17280000,0.17270000,0.17270000,106182.00000000,1641073199999,18338.10790000,37,4765.00000000,823.39200000,0
1641073200000,0.17280000,0.17280000,0.17270000,0.17270000,42606.00000000,1641073259999,7358.43190000,29,3757.00000000,649.20960000,0
1641073260000,0.17270000,0.17280000,0.17270000,0.17270000,28935.00000000,1641073319999,4997.41240000,20,3379.00000000,583.89120000,0
1641073320000,0.17280000,0.17280000,0.17260000,0.17280000,324459.00000000,1641073379999,56031.67600000,79,95582.00000000,16507.62770000,0
1641073380000,0.17270000,0.17280000,0.17270000,0.17280000,48042.00000000,1641073439999,8296.96850000,18,1151.00000000,198.89280000,0
1641073440000,0.17270000,0.17280000,0.17270000,0.17280000,130492.00000000,1641073499999,22536.56320000,39,23030.00000000,3977.87580000,0
1641073500000,0.17270000,0.17280000,0.17260000,0.17260000,115577.00000000,1641073559999,19959.93730000,35,31337.00000000,5415.02380000,0
1641073560000,0.17260000,0.17270000,0.17260000,0.17260000,90722.00000000,1641073619999,15659.23490000,34,6177.00000000,1066.76790000,0
1641073620000,0.17260000,0.17270000,0.17250000,0.17260000,147090.00000000,1641073679999,25383.03080000,42,13280.00000000,2292.17820000,0
1641073680000,0.17250000,0.17260000,0.17230000,0.17230000,669570.00000000,1641073739999,115495.00760000,101,12411.00000000,2140.90900000,0
1641073740000,0.17230000,0.17240000,0.17230000,0.17230000,143532.00000000,1641073799999,24730.93110000,69,3675.00000000,633.57000000,0
1641073800000,0.17230000,0.17240000,0.17210000,0.17220000,207983.00000000,1641073859999,35819.09960000,100,111738.00000000,19248.48690000,0
1641073860000,0.17220000,0.17220000,0.17210000,0.17210000,132525.00000000,1641073919999,22809.31120000,51,32267.00000000,5554.90940000,0
1641073920000,0.17220000,0.17220000,0.17210000,0.17210000,237201.00000000,1641073979999,40822.76390000,45,145237.00000000,24995.75950000,0
1641073980000,0.17210000,0.17220000,0.17200000,0.17210000,186323.00000000,1641074039999,32065.35920000,63,69736.00000000,12002.29580000,0
1641074040000,0.17220000,0.17220000,0.17200000,0.17210000,453550.00000000,1641074099999,78055.83150000,89,284031.00000000,48884.08780000,0
1641074100000,0.17210000,0.17220000,0.17200000,0.17210000,193115.00000000,1641074159999,33228.53500000,65,65626.00000000,11294.24210000,0
1641074160000,0.17210000,0.17230000,0.17200000,0.17220000,172162.00000000,1641074219999,29638.87740000,56,127724.00000000,21989.71270000,0
1641074220000,0.17220000,0.17230000,0.17210000,0.17210000,204725.00000000,1641074279999,35256.29870000,64,78908.00000000,13595.81170000,0
1641074280000,0.17210000,0.17220000,0.17210000,0.17210000,61544.00000000,1641074339999,10592.45090000,18,7285.00000000,1254.47700000,0
1641074340000,0.17210000,0.17230000,0.17200000,0.17210000,327548.00000000,1641074399999,56370.23060000,84,68795.00000000,11840.80360000,0
1641074400000,0.17220000,0.17230000,0.17220000,0.17230000,53273.00000000,1641074459999,9174.34770000,25,31265.00000000,5384.57010000,0
1641074460000,0.17230000,0.17230000,0.17210000,0.17210000,148554.00000000,1641074519999,25572.67120000,58,5633.00000000,969.88930000,0
1641074520000,0.17220000,0.17230000,0.17210000,0.17220000,123645.00000000,1641074579999,21291.74170000,30,106728.00000000,18378.68890000,0
1641074580000,0.17230000,0.17230000,0.17220000,0.17220000,103612.00000000,1641074639999,17844.80560000,36,28192.00000000,4857.48160000,0
1641074640000,0.17230000,0.17230000,0.17210000,0.17220000,123344.00000000,1641074699999,21239.56640000,37,41679.00000000,7177.62790000,0
1641074700000,0.17210000,0.17230000,0.17210000,0.17220000,73475.00000000,1641074759999,12648.68800000,49,34687.00000000,5973.12350000,0
1641074760000,0.17220000,0.17230000,0.17220000,0.17220000,61294.00000000,1641074819999,10554.90300000,19,762.00000000,131.29260000,0
1641074820000,0.17230000,0.17230000,0.17210000,0.17210000,86847.00000000,1641074879999,14954.45340000,50,11287.00000000,1944.04100000,0
1641074880000,0.17220000,0.17220000,0.17200000,0.17200000,95850.00000000,1641074939999,16492.99760000,54,51276.00000000,8824.74930000,0
1641074940000,0.17210000,0.17220000,0.17200000,0.17210000,315400.00000000,1641074999999,54280.37520000,103,266189.00000000,45811.17590000,0
1641075000000,0.17220000,0.17220000,0.17210000,0.17220000,15945.00000000,1641075059999,2744.52980000,34,3953.00000000,680.70660000,0
1641075060000,0.17210000,0.17220000,0.17210000,0.17210000,12665.00000000,1641075119999,2179.86180000,41,2153.00000000,370.74660000,0
1641075120000,0.17210000,0.17220000,0.17190000,0.17210000,403457.00000000,1641075179999,69409.70480000,191,215998.00000000,37154.51620000,0
1641075180000,0.17200000,0.17210000,0.17200000,0.17200000,27683.00000000,1641075239999,4762.41130000,27,9353.00000000,1609.65130000,0
1641075240000,0.17200000,0.17220000,0.17200000,0.17200000,230169.00000000,1641075299999,39612.57250000,64,137798.00000000,23716.19770000,0
1641075300000,0.17210000,0.17210000,0.17200000,0.17210000,37331.00000000,1641075359999,6421.82840000,34,8964.00000000,1542.70440000,0
1641075360000,0.17210000,0.17210000,0.17200000,0.17210000,58803.00000000,1641075419999,10119.14050000,42,50245.00000000,8647.16450000,0
1641075420000,0.17200000,0.17210000,0.17200000,0.17200000,24491.00000000,1641075479999,4213.41780000,33,9658.00000000,1662.14180000,0
1641075480000,0.17210000,0.17210000,0.17190000,0.17200000,287771.00000000,1641075539999,49493.15780000,77,22196.00000000,3817.95760000,0
1641075540000,0.17200000,0.17220000,0.17200000,0.17220000,98209.00000000,1641075599999,16900.05520000,38,80831.00000000,13911.03920000,0
1641075600000,0.17220000,0.17220000,0.17200000,0.17220000,348923.00000000,1641075659999,60060.13340000,68,192344.00000000,33114.97500000,0
1641075660000,0.17210000,0.17220000,0.17200000,0.17220000,118088.00000000,1641075719999,20323.90060000,59,62659.00000000,10786.90140000,0
1641075720000,0.17210000,0.17220000,0.17210000,0.17220000,42843.00000000,1641075779999,7377.00240000,19,37221.00000000,6409.45620000,0
1641075780000,0.17210000,0.17220000,0.17210000,0.17220000,52256.00000000,1641075839999,8997.33310000,40,40755.00000000,7018.01100000,0
1641075840000,0.17210000,0.17230000,0.17210000,0.17230000,79743.00000000,1641075899999,13730.83770000,50,21137.00000000,3639.90350000,0
1641075900000,0.17230000,0.17230000,0.17210000,0.17230000,73807.00000000,1641075959999,12711.84360000,38,66295.00000000,11418.32090000,0
1641075960000,0.17220000,0.17240000,0.17220000,0.17230000,174908.00000000,1641076019999,30123.13980000,74,31475.00000000,5423.42480000,0
1641076020000,0.17230000,0.17250000,0.17230000,0.17250000,71514.00000000,1641076079999,12328.41040000,68,58689.00000000,10118.06260000,0
1641076080000,0.17250000,0.17260000,0.17230000,0.17260000,1010952.00000000,1641076139999,174433.79810000,129,855507.00000000,147633.76290000,0
1641076140000,0.17260000,0.17260000,0.17250000,0.17250000,32827.00000000,1641076199999,5664.26210000,33,16046.00000000,2769.53960000,0
1641076200000,0.17260000,0.17260000,0.17250000,0.17250000,42689.00000000,1641076259999,7367.68740000,38,38349.00000000,6619.03740000,0
1641076260000,0.17260000,0.17260000,0.17250000,0.17260000,78523.00000000,1641076319999,13550.01460000,55,47971.00000000,8279.79460000,0
1641076320000,0.17250000,0.17270000,0.17250000,0.17270000,104388.00000000,1641076379999,18017.77640000,51,77420.00000000,13363.24580000,0
1641076380000,0.17260000,0.17270000,0.17260000,0.17270000,13765.00000000,1641076439999,2376.16510000,23,3261.00000000,563.17470000,0
1641076440000,0.17270000,0.17270000,0.17260000,0.17260000,28468.00000000,1641076499999,4915.38650000,18,18097.00000000,3125.35190000,0
1641076500000,0.17260000,0.17270000,0.17260000,0.17260000,83165.00000000,1641076559999,14361.74930000,59,74703.00000000,12901.20810000,0
1641076560000,0.17270000,0.17280000,0.17260000,0.17270000,90651.00000000,1641076619999,15656.72980000,52,70740.00000000,12218.23140000,0
1641076620000,0.17270000,0.17280000,0.17270000,0.17280000,10045.00000000,1641076679999,1734.88720000,15,1157.00000000,199.92960000,0
1641076680000,0.17280000,0.17280000,0.17270000,0.17280000,70139.00000000,1641076739999,12116.57890000,49,35736.00000000,6175.18080000,0
1641076740000,0.17280000,0.17280000,0.17270000,0.17270000,24263.00000000,1641076799999,4190.51140000,30,2913.00000000,503.36640000,0
1641076800000,0.17280000,0.17280000,0.17270000,0.17270000,18825.00000000,1641076859999,3251.63580000,23,5583.00000000,964.74240000,0
1641076860000,0.17280000,0.17280000,0.17270000,0.17270000,13383.00000000,1641076919999,2312.27320000,22,10291.00000000,1778.28480000,0
1641076920000,0.17280000,0.17280000,0.17270000,0.17280000,119029.00000000,1641076979999,20556.65370000,36,3454.00000000,596.85120000,0
1641076980000,0.17280000,0.17280000,0.17270000,0.17270000,13483.00000000,1641077039999,2328.97380000,33,4597.00000000,794.36160000,0
1641077040000,0.17280000,0.17280000,0.17270000,0.17280000,36601.00000000,1641077099999,6324.39410000,38,34014.00000000,5877.61920000,0
1641077100000,0.17280000,0.17280000,0.17270000,0.17280000,7015.00000000,1641077159999,1211.78660000,23,2961.00000000,511.66080000,0
1641077160000,0.17270000,0.17280000,0.17270000,0.17280000,118466.00000000,1641077219999,20470.03480000,45,109566.00000000,18933.00480000,0
1641077220000,0.17280000,0.17280000,0.17270000,0.17270000,52622.00000000,1641077279999,9092.66710000,41,48477.00000000,8376.82560000,0
1641077280000,0.17280000,0.17280000,0.17260000,0.17270000,280684.00000000,1641077339999,48485.11940000,65,159452.00000000,27548.45810000,0
1641077340000,0.17270000,0.17280000,0.17270000,0.17280000,13480.00000000,1641077399999,2328.23670000,16,2407.00000000,415.92960000,0
1641077400000,0.17280000,0.17280000,0.17270000,0.17270000,297053.00000000,1641077459999,51301.46770000,55,4146.00000000,716.42880000,0
1641077460000,0.17270000,0.17280000,0.17270000,0.17280000,218920.00000000,1641077519999,37808.40550000,38,214178.00000000,36989.46210000,0
1641077520000,0.17270000,0.17280000,0.17260000,0.17260000,56032.00000000,1641077579999,9675.14380000,36,7758.00000000,1340.56080000,0
1641077580000,0.17250000,0.17260000,0.17250000,0.17250000,19274.00000000,1641077639999,3325.53270000,27,7677.00000000,1325.05020000,0
1641077640000,0.17250000,0.17280000,0.17250000,0.17280000,274889.00000000,1641077699999,47455.34210000,59,207442.00000000,35812.51370000,0
1641077700000,0.17280000,0.17280000,0.17260000,0.17260000,24930.00000000,1641077759999,4304.73190000,28,8855.00000000,1529.28120000,0
1641077760000,0.17260000,0.17280000,0.17260000,0.17270000,61868.00000000,1641077819999,10685.82890000,40,52606.00000000,9087.17670000,0
1641077820000,0.17280000,0.17280000,0.17270000,0.17280000,16541.00000000,1641077879999,2857.47930000,30,8486.00000000,1466.38080000,0
1641077880000,0.17270000,0.17280000,0.17270000,0.17280000,42060.00000000,1641077939999,7265.16250000,28,14005.00000000,2420.06400000,0
1641077940000,0.17280000,0.17280000,0.17270000,0.17280000,51577.00000000,1641077999999,8908.42740000,31,42451.00000000,7332.36720000,0
1641078000000,0.17270000,0.17290000,0.17270000,0.17290000,275313.00000000,1641078059999,47575.07880000,58,224750.00000000,38837.82760000,0
1641078060000,0.17280000,0.17280000,0.17250000,0.17260000,234552.00000000,1641078119999,40507.01890000,58,12205.00000000,2107.37590000,0
1641078120000,0.17250000,0.17260000,0.17250000,0.17250000,33093.00000000,1641078179999,5708.98650000,38,4440.00000000,766.34400000,0
1641078180000,0.17250000,0.17260000,0.17240000,0.17250000,53096.00000000,1641078239999,9158.39420000,41,25995.00000000,4484.22360000,0
1641078240000,0.17260000,0.17260000,0.17230000,0.17250000,340543.00000000,1641078299999,58721.49010000,78,25838.00000000,4456.13970000,0
1641078300000,0.17260000,0.17260000,0.17240000,0.17260000,102068.00000000,1641078359999,17607.10080000,37,70812.00000000,12215.50720000,0
1641078360000,0.17250000,0.17270000,0.17250000,0.17270000,87374.00000000,1641078419999,15077.64500000,27,20494.00000000,3537.42220000,0
1641078420000,0.17260000,0.17270000,0.17250000,0.17270000,71402.00000000,1641078479999,12324.25120000,30,66990.00000000,11562.80460000,0
1641078480000,0.17260000,0.17270000,0.17250000,0.17270000,152776.00000000,1641078539999,26368.67790000,38,89656.00000000,15474.84650000,0
1641078540000,0.17260000,0.17270000,0.17250000,0.17260000,53970.00000000,1641078599999,9315.09450000,25,11068.00000000,1910.34490000,0
1641078600000,0.17260000,0.17270000,0.17250000,0.17260000,729027.00000000,1641078659999,125829.73010000,58,685226.00000000,118270.30310000,0
1641078660000,0.17260000,0.17260000,0.17240000,0.17240000,62062.00000000,1641078719999,10703.84750000,50,5453.00000000,940.74560000,0
1641078720000,0.17250000,0.17260000,0.17240000,0.17260000,163224.00000000,1641078779999,28156.70590000,48,59051.00000000,10186.87700000,0
1641078780000,0.17250000,0.17250000,0.17230000,0.17240000,103575.00000000,1641078839999,17857.91730000,51,36812.00000000,6346.39550000,0
1641078840000,0.17240000,0.17250000,0.17230000,0.17240000,163209.00000000,1641078899999,28136.88820000,34,122496.00000000,21118.81020000,0
1641078900000,0.17240000,0.17250000,0.17230000,0.17230000,163796.00000000,1641078959999,28238.12240000,43,126619.00000000,21829.16660000,0
1641078960000,0.17240000,0.17250000,0.17240000,0.17240000,54331.00000000,1641079019999,9367.86380000,34,26936.00000000,4644.96580000,0
1641079020000,0.17250000,0.17260000,0.17240000,0.17260000,101685.00000000,1641079079999,17540.49860000,39,88653.00000000,15292.69210000,0
1641079080000,0.17260000,0.17260000,0.17250000,0.17260000,39881.00000000,1641079139999,6882.78930000,36,32976.00000000,5691.65760000,0
1641079140000,0.17260000,0.17270000,0.17260000,0.17270000,9839.00000000,1641079199999,1698.52310000,23,3117.00000000,538.30590000,0
1641079200000,0.17260000,0.17260000,0.17250000,0.17260000,31525.00000000,1641079259999,5440.40990000,32,1202.00000000,207.46520000,0
1641079260000,0.17250000,0.17260000,0.17230000,0.17250000,125135.00000000,1641079319999,21576.95580000,70,81020.00000000,13968.47710000,0
1641079320000,0.17240000,0.17250000,0.17230000,0.17240000,73893.00000000,1641079379999,12738.86270000,28,24496.00000000,4223.14380000,0
1641079380000,0.17240000,0.17250000,0.17230000,0.17240000,64796.00000000,1641079439999,11171.34950000,26,37539.00000000,6472.32650000,0
1641079440000,0.17240000,0.17250000,0.17240000,0.17250000,68519.00000000,1641079499999,11816.98740000,40,66282.00000000,11431.32860000,0
1641079500000,0.17250000,0.17270000,0.17250000,0.17270000,89672.00000000,1641079559999,15475.73080000,35,66549.00000000,11486.87270000,0
1641079560000,0.17260000,0.17260000,0.17250000,0.17260000,126486.00000000,1641079619999,21820.61250000,36,7333.00000000,1265.67580000,0
1641079620000,0.17260000,0.17270000,0.17250000,0.17260000,101984.00000000,1641079679999,17602.36760000,48,37917.00000000,6544.48560000,0
1641079680000,0.17260000,0.17260000,0.17250000,0.17260000,72255.00000000,1641079739999,12471.03790000,17,70504.00000000,12168.99040000,0
1641079740000,0.17260000,0.17260000,0.17250000,0.17250000,15039.00000000,1641079799999,2594.88300000,35,6555.00000000,1131.39300000,0
1641079800000,0.17260000,0.17260000,0.17240000,0.17250000,114970.00000000,1641079859999,19832.50270000,38,36644.00000000,6321.38700000,0
1641079860000,0.17250000,0.17250000,0.17230000,0.17240000,165632.00000000,1641079919999,28558.47160000,51,39912.00000000,6884.43400000,0
1641079920000,0.17240000,0.17250000,0.17240000,0.17240000,37032.00000000,1641079979999,6384.46420000,15,36816.00000000,6347.22580000,0
1641079980000,0.17250000,0.17260000,0.17250000,0.17250000,63961.00000000,1641080039999,11035.76780000,32,61985.00000000,10694.90780000,0
1641080040000,0.17250000,0.17260000,0.17250000,0.17260000,94836.00000000,1641080099999,16368.26610000,32,84819.00000000,14639.75940000,0
1641080100000,0.17250000,0.17270000,0.17250000,0.17260000,235278.00000000,1641080159999,40611.03850000,49,95203.00000000,16435.02230000,0
1641080160000,0.17260000,0.17280000,0.17260000,0.17270000,131863.00000000,1641080219999,22766.47710000,41,99820.00000000,17232.68990000,0
1641080220000,0.17270000,0.17280000,0.17270000,0.17280000,10371.00000000,1641080279999,1791.32320000,16,2515.00000000,434.59200000,0
1641080280000,0.17280000,0.17280000,0.17270000,0.17270000,26959.00000000,1641080339999,4657.64500000,20,18257.00000000,3154.80960000,0
1641080340000,0.17270000,0.17280000,0.17260000,0.17270000,94566.00000000,1641080399999,16331.02700000,34,6145.00000000,1061.55520000,0
1641080400000,0.17270000,0.17270000,0.17250000,0.17250000,95231.00000000,1641080459999,16433.67470000,43,6333.00000000,1093.25880000,0
1641080460000,0.17250000,0.17270000,0.17250000,0.17270000,81738.00000000,1641080519999,14107.65160000,27,78166.00000000,13491.48160000,0
1641080520000,0.17260000,0.17270000,0.17260000,0.17270000,23132.00000000,1641080579999,3992.61140000,12,282.00000000,48.70140000,0
1641080580000,0.17270000,0.17280000,0.17260000,0.17270000,171793.00000000,1641080639999,29668.34550000,56,107601.00000000,18583.10980000,0
1641080640000,0.17270000,0.17270000,0.17260000,0.17260000,192167.00000000,1641080699999,33169.11590000,46,107953.00000000,18633.77950000,0
1641080700000,0.17260000,0.17280000,0.17260000,0.17270000,152024.00000000,1641080759999,26255.19590000,33,137857.00000000,23809.10830000,0
1641080760000,0.17270000,0.17280000,0.17260000,0.17280000,221174.00000000,1641080819999,38196.35850000,51,104882.00000000,18114.13480000,0
1641080820000,0.17280000,0.17290000,0.17270000,0.17280000,107539.00000000,1641080879999,18584.26750000,45,29938.00000000,5174.86960000,0
1641080880000,0.17280000,0.17290000,0.17280000,0.17290000,17573.00000000,1641080939999,3036.84590000,15,2315.00000000,400.26350000,0
1641080940000,0.17290000,0.17290000,0.17270000,0.17280000,119339.00000000,1641080999999,20618.52740000,32,12710.00000000,2196.37590000,0
1641081000000,0.17280000,0.17280000,0.17270000,0.17280000,47455.00000000,1641081059999,8195.77330000,25,2948.00000000,509.41440000,0
1641081060000,0.17270000,0.17280000,0.17270000,0.17270000,42596.00000000,1641081119999,7356.88430000,25,5551.00000000,959.21280000,0
1641081120000,0.17280000,0.17280000,0.17260000,0.17270000,107404.00000000,1641081179999,18548.37530000,36,4129.00000000,713.19240000,0
1641081180000,0.17270000,0.17280000,0.17260000,0.17270000,72220.00000000,1641081239999,12474.71710000,36,69251.00000000,11962.15570000,0
1641081240000,0.17280000,0.17330000,0.17270000,0.17300000,1691133.00000000,1641081299999,292533.35790000,326,985088.00000000,170481.30830000,0
1641081300000,0.17300000,0.17310000,0.17280000,0.17300000,556803.00000000,1641081359999,96262.55250000,103,333819.00000000,57723.97610000,0
1641081360000,0.17300000,0.17310000,0.17300000,0.17300000,39734.00000000,1641081419999,6875.11600000,24,35801.00000000,6194.70700000,0
1641081420000,0.17300000,0.17320000,0.17300000,0.17320000,104722.00000000,1641081479999,18122.67630000,56,31713.00000000,5489.78940000,0
1641081480000,0.17320000,0.17320000,0.17300000,0.17310000,23058.00000000,1641081539999,3991.71120000,22,5123.00000000,887.29150000,0
1641081540000,0.17310000,0.17320000,0.17300000,0.17320000,169734.00000000,1641081599999,29382.68920000,43,113885.00000000,19717.30350000,0
