1633046400000,387.50000000,388.70000000,387.40000000,388.70000000,7059.28400000,1633046579999,2739194.59670000,1843,2803.18200000,1087706.40330000,0
1633046580000,388.60000000,389.50000000,388.20000000,389.40000000,4276.75400000,1633046759999,1663721.42020000,2232,2676.20900000,1041218.09650000,0
1633046760000,389.40000000,389.60000000,387.10000000,387.40000000,4528.48000000,1633046939999,1760184.41900000,1767,1216.60900000,472920.73880000,0
1633046940000,387.40000000,388.10000000,386.50000000,386.90000000,2689.11700000,1633047119999,1040894.51700000,1045,750.73900000,290711.27370000,0
1633047120000,386.80000000,388.60000000,386.80000000,387.80000000,2904.15400000,1633047299999,1126102.84250000,1058,1869.52200000,724682.25200000,0
1633047300000,387.90000000,388.30000000,387.40000000,388.20000000,2037.17000000,1633047479999,789812.57100000,759,1117.93300000,433505.81890000,0
1633047480000,388.30000000,388.80000000,388.10000000,388.70000000,2661.07400000,1633047659999,1033760.79140000,732,2128.69900000,826984.04230000,0
1633047660000,388.70000000,388.90000000,388.00000000,388.80000000,1016.76100000,1633047839999,394953.01360000,641,524.57100000,203797.21240000,0
1633047840000,388.80000000,390.00000000,388.60000000,389.40000000,2180.36500000,1633048019999,849029.51200000,1667,1302.89200000,507329.31020000,0
1633048020000,389.40000000,390.60000000,389.00000000,390.40000000,4961.09400000,1633048199999,1934752.80740000,2790,3121.12100000,1217023.51990000,0
1633048200000,390.40000000,391.00000000,390.30000000,390.60000000,5177.18900000,1633048379999,2022814.36120000,2023,2585.48100000,1010174.95810000,0
1633048380000,390.60000000,391.60000000,390.50000000,390.90000000,5188.78200000,1633048559999,2029515.69120000,2248,2377.33400000,929959.47010000,0
1633048560000,391.00000000,391.70000000,390.70000000,391.00000000,4417.54100000,1633048739999,1728090.37700000,1329,2643.55600000,1034220.84000000,0
1633048740000,391.10000000,391.40000000,391.00000000,391.40000000,1716.31800000,1633048919999,671482.40680000,732,556.22000000,217621.13300000,0
1633048920000,391.40000000,391.50000000,390.70000000,390.90000000,3353.07600000,1633049099999,1311391.80650000,957,2005.37200000,784356.07260000,0
1633049100000,390.90000000,391.00000000,389.60000000,390.00000000,2187.57800000,1633049279999,853773.40730000,2542,910.36900000,355315.22420000,0
1633049280000,390.00000000,390.00000000,389.10000000,389.20000000,1843.70100000,1633049459999,717966.73620000,977,633.56700000,246726.00900000,0
1633049460000,389.10000000,390.20000000,389.00000000,389.00000000,2456.84200000,1633049639999,956932.97350000,881,1475.60000000,574882.17090000,0
1633049640000,389.10000000,389.10000000,388.10000000,388.80000000,3055.36900000,1633049819999,1187571.23740000,1015,927.44600000,360349.12060000,0
1633049820000,388.80000000,389.00000000,388.30000000,388.40000000,1050.17700000,1633049999999,408236.98290000,682,563.31800000,219002.62070000,0
1633050000000,388.30000000,388.40000000,386.90000000,387.60000000,4190.50300000,1633050179999,1623959.53770000,1587,2097.02200000,812673.47750000,0
1633050180000,387.60000000,387.70000000,386.90000000,387.40000000,2676.58800000,1633050359999,1036756.11240000,908,1384.49700000,536258.98110000,0
1633050360000,387.40000000,387.80000000,386.30000000,386.60000000,1789.28200000,1633050539999,692285.03120000,1047,786.45300000,304386.97740000,0
1633050540000,386.60000000,386.80000000,385.90000000,386.20000000,3381.01900000,1633050719999,1306460.48550000,1025,1698.96400000,656461.36480000,0
1633050720000,386.20000000,386.50000000,386.00000000,386.20000000,1076.05700000,1633050899999,415631.52820000,765,393.82800000,152139.20590000,0
1633050900000,386.20000000,387.10000000,386.20000000,387.10000000,2645.30500000,1633051079999,1023019.26980000,894,1869.26000000,722967.03000000,0
1633051080000,387.00000000,387.40000000,386.70000000,387.20000000,851.72700000,1633051259999,329653.53600000,611,409.65200000,158570.59370000,0
1633051260000,387.10000000,387.80000000,387.00000000,387.20000000,1524.52900000,1633051439999,590682.79780000,699,1059.55600000,410531.08210000,0
1633051440000,387.30000000,387.90000000,386.50000000,386.50000000,3018.38700000,1633051619999,1168774.26890000,878,1595.61900000,618010.65240000,0
1633051620000,386.50000000,386.80000000,386.30000000,386.70000000,1215.28200000,1633051799999,469750.68300000,709,558.25400000,215807.09950000,0
1633051800000,386.80000000,387.50000000,386.50000000,387.40000000,1266.63100000,1633051979999,490184.48670000,592,791.26300000,306233.48350000,0
1633051980000,387.40000000,388.20000000,387.40000000,387.90000000,1572.84000000,1633052159999,609958.21230000,798,695.58100000,269769.63160000,0
1633052160000,388.00000000,388.10000000,387.80000000,387.80000000,901.35900000,1633052339999,349701.49920000,574,459.20000000,178178.08610000,0
1633052340000,387.80000000,388.20000000,387.80000000,388.10000000,788.23700000,1633052519999,305835.33830000,575,423.54800000,164345.34000000,0
1633052520000,388.00000000,388.80000000,388.00000000,388.70000000,1667.51100000,1633052699999,647574.23030000,746,850.32300000,330253.65210000,0
1633052700000,388.70000000,388.90000000,387.90000000,388.00000000,977.44400000,1633052879999,379450.50190000,699,406.78600000,157945.77810000,0
1633052880000,387.90000000,388.30000000,387.50000000,387.50000000,1180.31900000,1633053059999,457869.16680000,630,585.37600000,227086.30020000,0
1633053060000,387.60000000,388.40000000,387.10000000,388.20000000,824.10900000,1633053239999,319607.10350000,697,503.86800000,195430.26990000,0
1633053240000,388.10000000,388.50000000,387.70000000,388.30000000,781.47400000,1633053419999,303295.55850000,564,517.34400000,200810.72440000,0
1633053420000,388.40000000,389.10000000,388.20000000,388.90000000,1939.75800000,1633053599999,754067.61680000,836,1130.32600000,439446.71250000,0
1633053600000,388.90000000,389.30000000,388.90000000,389.10000000,1232.49500000,1633053779999,479553.85660000,729,448.61100000,174563.94220000,0
1633053780000,389.10000000,389.50000000,388.30000000,388.30000000,864.67400000,1633053959999,336216.86490000,672,422.31000000,164234.47150000,0
1633053960000,388.40000000,388.50000000,387.80000000,388.50000000,962.78400000,1633054139999,373704.46190000,605,440.88600000,171131.41700000,0
1633054140000,388.40000000,388.50000000,387.60000000,387.70000000,876.27600000,1633054319999,340061.32250000,647,399.98900000,155233.27510000,0
1633054320000,387.70000000,387.70000000,386.90000000,387.20000000,908.10200000,1633054499999,351564.15320000,776,343.47400000,132989.06160000,0
1633054500000,387.10000000,387.20000000,385.90000000,386.30000000,1793.31400000,1633054679999,692993.39820000,956,906.99400000,350490.25810000,0
1633054680000,386.20000000,386.50000000,385.60000000,385.80000000,1990.84400000,1633054859999,768411.44950000,820,652.04300000,251694.85210000,0
1633054860000,385.80000000,385.90000000,384.80000000,385.10000000,2501.24300000,1633055039999,963707.53540000,1334,1100.01400000,423919.75150000,0
1633055040000,385.10000000,385.30000000,384.70000000,384.90000000,1733.29700000,1633055219999,667308.63150000,831,836.38800000,322017.97090000,0
1633055220000,385.00000000,385.00000000,384.60000000,384.70000000,780.58600000,1633055399999,300312.70760000,603,390.51500000,150252.61810000,0
1633055400000,384.60000000,385.10000000,384.20000000,385.10000000,1187.87900000,1633055579999,456875.62990000,983,737.44200000,283663.96650000,0
1633055580000,385.00000000,385.40000000,384.50000000,384.50000000,985.18300000,1633055759999,379361.55690000,764,513.94700000,197938.03220000,0
1633055760000,384.50000000,385.00000000,384.00000000,384.10000000,1433.93900000,1633055939999,551111.66820000,878,550.49300000,211628.16170000,0
1633055940000,384.20000000,384.30000000,382.10000000,382.70000000,6184.83500000,1633056119999,2370462.39170000,2614,1790.26700000,685989.64170000,0
1633056120000,382.70000000,383.00000000,382.10000000,383.00000000,2758.64900000,1633056299999,1055589.38770000,1541,1248.69500000,478001.18310000,0
1633056300000,383.00000000,383.00000000,381.50000000,382.10000000,3362.23700000,1633056479999,1285435.78610000,2218,1332.53600000,509482.73390000,0
1633056480000,382.20000000,383.10000000,382.00000000,382.40000000,7169.96300000,1633056659999,2742899.93430000,1092,4631.48000000,1771535.65260000,0
1633056660000,382.40000000,383.60000000,382.40000000,383.30000000,1167.12200000,1633056839999,447087.12260000,1005,419.54300000,160682.78450000,0
1633056840000,383.30000000,384.20000000,383.20000000,383.80000000,1272.93000000,1633057019999,488527.08260000,894,588.66900000,225955.10810000,0
1633057020000,383.80000000,384.30000000,383.60000000,384.10000000,4408.98100000,1633057199999,1692779.86520000,884,2814.46800000,1080623.95510000,0
1633057200000,384.20000000,384.70000000,383.60000000,384.70000000,1133.65700000,1633057379999,435674.05180000,644,607.22900000,233415.42270000,0
1633057380000,384.70000000,384.90000000,383.80000000,383.80000000,1630.67700000,1633057559999,626941.23260000,740,789.56900000,303548.09610000,0
1633057560000,383.90000000,384.90000000,383.70000000,384.80000000,1749.51700000,1633057739999,672633.16980000,648,1439.54300000,553522.04970000,0
1633057740000,384.80000000,385.20000000,384.40000000,385.00000000,1411.17700000,1633057919999,543017.49230000,701,647.99200000,249349.50620000,0
1633057920000,385.00000000,385.00000000,383.80000000,384.00000000,860.84300000,1633058099999,330950.82860000,516,232.45400000,89359.84410000,0
1633058100000,384.00000000,384.90000000,383.60000000,384.70000000,1183.48100000,1633058279999,454858.94240000,644,513.33200000,197333.08020000,0
1633058280000,384.70000000,384.90000000,384.30000000,384.70000000,463.18700000,1633058459999,178140.68430000,417,251.16800000,96607.68430000,0
1633058460000,384.70000000,384.70000000,384.20000000,384.50000000,1107.09300000,1633058639999,425658.87060000,507,578.02600000,222250.02350000,0
1633058640000,384.40000000,384.80000000,384.00000000,384.10000000,913.80600000,1633058819999,351221.05900000,553,462.99800000,177981.99120000,0
1633058820000,384.00000000,384.20000000,383.60000000,383.80000000,852.64200000,1633058999999,327279.17020000,563,255.66500000,98139.26060000,0
1633059000000,383.80000000,384.20000000,383.70000000,384.20000000,505.34500000,1633059179999,194042.97810000,478,330.95600000,127089.38190000,0
1633059180000,384.20000000,384.60000000,383.90000000,384.50000000,675.76500000,1633059359999,259688.49030000,528,407.16600000,156473.84680000,0
1633059360000,384.50000000,384.80000000,384.10000000,384.70000000,529.06800000,1633059539999,203403.20720000,488,261.04000000,100371.26740000,0
1633059540000,384.80000000,386.30000000,384.70000000,385.70000000,3265.89900000,1633059719999,1259250.82210000,1236,2166.09900000,834933.14400000,0
1633059720000,385.70000000,386.20000000,385.40000000,385.40000000,1131.14100000,1633059899999,436429.81030000,596,456.57100000,176162.79510000,0
1633059900000,385.50000000,386.20000000,384.90000000,385.00000000,2061.17300000,1633060079999,795017.45000000,730,749.89400000,289249.93700000,0
1633060080000,385.00000000,385.80000000,383.60000000,385.60000000,4013.28700000,1633060259999,1543994.60710000,1329,1563.21800000,601203.98050000,0
1633060260000,385.70000000,386.00000000,384.60000000,385.30000000,952.72800000,1633060439999,367047.11460000,576,534.08300000,205712.03980000,0
1633060440000,385.30000000,385.70000000,385.10000000,385.50000000,708.73800000,1633060619999,273138.52700000,427,385.38800000,148543.72070000,0
1633060620000,385.60000000,385.60000000,385.10000000,385.50000000,755.37600000,1633060799999,291118.67320000,434,347.30700000,133849.06700000,0
1633060800000,385.50000000,386.20000000,385.20000000,385.30000000,1500.37600000,1633060979999,578820.97230000,762,615.77500000,237555.79740000,0
1633060980000,385.30000000,385.80000000,384.80000000,385.60000000,1240.60700000,1633061159999,478153.42010000,666,420.70300000,162115.97420000,0
1633061160000,385.70000000,386.50000000,385.50000000,386.40000000,727.68800000,1633061339999,280947.76630000,553,465.09300000,179560.33970000,0
1633061340000,386.40000000,386.90000000,386.30000000,386.90000000,1168.15900000,1633061519999,451475.60340000,680,601.37400000,232445.08730000,0
1633061520000,386.70000000,386.80000000,386.50000000,386.70000000,576.52800000,1633061699999,222905.59480000,475,292.48300000,113099.12510000,0
1633061700000,386.70000000,387.20000000,386.50000000,386.60000000,754.57700000,1633061879999,291929.10930000,628,419.16500000,162170.94100000,0
1633061880000,386.70000000,386.70000000,386.00000000,386.40000000,587.83400000,1633062059999,227143.26410000,537,405.87600000,156845.95170000,0
1633062060000,386.30000000,386.80000000,386.20000000,386.70000000,591.95600000,1633062239999,228786.48650000,481,350.94600000,135635.44290000,0
1633062240000,386.70000000,387.10000000,386.40000000,386.40000000,1035.70100000,1633062419999,400521.58240000,535,573.05700000,221612.02660000,0
1633062420000,386.50000000,386.50000000,386.00000000,386.00000000,701.04800000,1633062599999,270866.47040000,541,253.03800000,97778.92440000,0
1633062600000,386.10000000,386.30000000,385.60000000,385.80000000,889.83600000,1633062779999,343363.75520000,738,471.57500000,181983.95800000,0
1633062780000,385.80000000,385.80000000,384.90000000,385.00000000,1607.03500000,1633062959999,619051.16050000,1129,608.90400000,234587.57840000,0
1633062960000,385.00000000,385.20000000,384.50000000,384.50000000,1778.73500000,1633063139999,684514.43950000,970,965.49100000,371562.18180000,0
1633063140000,384.60000000,384.60000000,383.50000000,384.30000000,1809.72900000,1633063319999,695161.31820000,970,870.11100000,334284.52380000,0
1633063320000,384.30000000,385.10000000,384.30000000,385.00000000,3800.90500000,1633063499999,1462055.22360000,1090,2505.85900000,963943.13940000,0
1633063500000,385.00000000,385.10000000,384.70000000,384.90000000,917.36000000,1633063679999,353114.31120000,545,329.96600000,127036.59140000,0
1633063680000,384.90000000,385.20000000,384.60000000,385.20000000,1022.56700000,1633063859999,393610.03720000,577,582.22100000,224125.75270000,0
1633063860000,385.20000000,385.30000000,384.90000000,385.20000000,724.97800000,1633064039999,279200.54700000,500,444.10200000,171042.09990000,0
1633064040000,385.20000000,385.40000000,385.00000000,385.30000000,677.27300000,1633064219999,260911.76100000,543,477.39900000,183923.95800000,0
1633064220000,385.40000000,386.70000000,385.30000000,386.00000000,2509.49600000,1633064399999,969080.58460000,960,1578.02400000,609302.35740000,0
1633064400000,386.00000000,386.80000000,385.90000000,386.20000000,911.54300000,1633064579999,352247.98660000,637,507.14200000,196014.58610000,0
1633064580000,386.20000000,386.20000000,385.60000000,386.00000000,913.69200000,1633064759999,352586.34220000,679,486.40600000,187716.57580000,0
1633064760000,386.10000000,386.80000000,386.10000000,386.20000000,1086.03700000,1633064939999,419665.28180000,801,540.17200000,208733.40010000,0
1633064940000,386.20000000,386.30000000,385.70000000,386.30000000,1008.68700000,1633065119999,389330.06710000,620,537.50300000,207496.39620000,0
1633065120000,386.30000000,387.10000000,386.20000000,386.70000000,2284.35500000,1633065299999,883525.09130000,796,1127.19800000,435960.81960000,0
1633065300000,386.70000000,388.30000000,386.50000000,388.20000000,3023.61600000,1633065479999,1171852.12020000,1292,1662.89400000,644392.75980000,0
1633065480000,388.20000000,388.80000000,387.90000000,388.00000000,2194.79100000,1633065659999,852359.61670000,1249,1240.80700000,481856.52790000,0
1633065660000,388.10000000,388.60000000,387.70000000,387.70000000,1705.98100000,1633065839999,662097.23150000,757,951.75900000,369380.59970000,0
1633065840000,387.80000000,388.80000000,387.70000000,388.70000000,1566.48000000,1633066019999,608273.29650000,743,862.42700000,334802.38710000,0
1633066020000,388.70000000,388.80000000,388.00000000,388.10000000,1816.77300000,1633066199999,705600.86390000,815,758.86500000,294734.98150000,0
1633066200000,388.20000000,388.70000000,388.10000000,388.30000000,1509.81000000,1633066379999,586393.93540000,617,1141.79200000,443466.43820000,0
1633066380000,388.30000000,388.80000000,387.90000000,388.60000000,1227.79000000,1633066559999,476874.18270000,659,506.48500000,196705.77190000,0
1633066560000,388.50000000,388.80000000,388.00000000,388.00000000,1199.03700000,1633066739999,465623.90850000,732,622.69700000,241857.97350000,0
1633066740000,388.10000000,388.60000000,387.80000000,388.30000000,1332.45600000,1633066919999,517189.95350000,695,748.80000000,290679.72350000,0
1633066920000,388.20000000,388.80000000,388.10000000,388.40000000,1682.95800000,1633067099999,653822.91820000,698,818.13800000,317815.47340000,0
1633067100000,388.40000000,388.60000000,388.30000000,388.50000000,599.75900000,1633067279999,232961.58960000,506,394.72900000,153334.14360000,0
1633067280000,388.50000000,389.30000000,388.40000000,389.20000000,1537.81500000,1633067459999,597993.43870000,841,1078.07200000,419199.21520000,0
1633067460000,389.10000000,389.40000000,388.90000000,389.00000000,1757.14800000,1633067639999,683758.65440000,776,474.83900000,184783.90240000,0
1633067640000,389.00000000,389.30000000,388.80000000,389.30000000,1291.32900000,1633067819999,502336.13360000,647,702.23700000,273216.59110000,0
1633067820000,389.30000000,389.30000000,389.00000000,389.10000000,1316.78800000,1633067999999,512518.07180000,571,887.45700000,345447.85050000,0
1633068000000,389.20000000,389.80000000,389.10000000,389.70000000,1389.75000000,1633068179999,541213.93690000,981,772.06600000,300649.94430000,0
1633068180000,389.80000000,390.00000000,389.60000000,389.60000000,873.63000000,1633068359999,340507.54980000,738,490.46700000,191170.72660000,0
1633068360000,389.70000000,389.90000000,389.50000000,389.50000000,942.42600000,1633068539999,367254.90990000,664,367.48900000,143237.06410000,0
1633068540000,389.50000000,389.60000000,389.00000000,389.10000000,2217.98500000,1633068719999,863288.02170000,832,1331.39800000,518226.01000000,0
1633068720000,389.10000000,389.20000000,388.00000000,388.10000000,2546.50900000,1633068899999,989711.46410000,998,642.44900000,249590.26530000,0
1633068900000,388.10000000,389.30000000,387.90000000,388.90000000,1874.36200000,1633069079999,728504.60300000,868,1036.59600000,402888.23670000,0
1633069080000,389.00000000,389.60000000,388.50000000,388.90000000,5022.97700000,1633069259999,1953448.13490000,1205,3055.85500000,1188549.66220000,0
1633069260000,389.00000000,389.20000000,388.60000000,388.90000000,1915.04800000,1633069439999,744769.35890000,779,792.29500000,308118.69870000,0
1633069440000,388.90000000,390.00000000,387.90000000,389.50000000,7810.70800000,1633069619999,3040652.44240000,1550,3016.96800000,1174995.05830000,0
1633069620000,389.60000000,390.30000000,389.50000000,389.70000000,3973.81900000,1633069799999,1549467.18600000,1322,1407.40900000,548888.11760000,0
1633069800000,389.80000000,389.90000000,388.40000000,388.70000000,1695.17000000,1633069979999,659317.79010000,984,709.97400000,276225.68370000,0
1633069980000,388.70000000,389.80000000,388.60000000,389.80000000,2227.14300000,1633070159999,866426.04210000,897,1559.95500000,606835.14130000,0
1633070160000,389.80000000,390.10000000,389.30000000,389.90000000,1318.64600000,1633070339999,513982.77420000,878,941.72300000,367081.42760000,0
1633070340000,389.80000000,390.40000000,389.40000000,389.50000000,1513.29400000,1633070519999,590062.16820000,928,801.26500000,312409.00400000,0
1633070520000,389.50000000,390.10000000,389.30000000,389.40000000,1008.53900000,1633070699999,393096.18590000,656,499.25900000,194590.89600000,0
1633070700000,389.40000000,390.30000000,389.20000000,390.20000000,1821.93600000,1633070879999,710370.95000000,770,1417.91800000,552877.78340000,0
1633070880000,390.20000000,391.00000000,390.00000000,390.80000000,2245.59700000,1633071059999,877241.93210000,1359,1258.76700000,491825.22000000,0
1633071060000,390.80000000,393.20000000,390.80000000,392.20000000,11086.97800000,1633071239999,4349624.93100000,5643,6420.64000000,2518637.68920000,0
1633071240000,392.20000000,393.00000000,392.00000000,392.80000000,4977.44000000,1633071419999,1953935.82620000,2934,2375.57300000,932524.07750000,0
1633071420000,392.80000000,393.60000000,392.80000000,393.40000000,2773.65400000,1633071599999,1090745.20090000,2178,1420.97300000,558908.04230000,0
1633071600000,393.40000000,394.10000000,392.60000000,393.60000000,5485.17200000,1633071779999,2158993.16080000,2463,2296.73000000,903920.90960000,0
1633071780000,393.50000000,395.00000000,393.50000000,394.90000000,8858.37800000,1633071959999,3493164.68170000,3112,4941.90100000,1949343.69060000,0
1633071960000,394.90000000,395.40000000,393.80000000,395.40000000,5071.88000000,1633072139999,2002245.71590000,3138,3138.29900000,1238917.04780000,0
1633072140000,395.30000000,395.40000000,394.40000000,395.10000000,3379.01800000,1633072319999,1334444.29870000,1542,2030.96000000,802100.12160000,0
1633072320000,395.00000000,397.20000000,394.90000000,396.20000000,7029.08100000,1633072499999,2784356.78760000,3897,4120.51500000,1632237.97530000,0
1633072500000,396.30000000,397.80000000,396.00000000,397.40000000,8842.97400000,1633072679999,3511195.83530000,4234,4509.01700000,1790178.10060000,0
1633072680000,397.60000000,397.80000000,395.50000000,395.90000000,10652.38600000,1633072859999,4224871.27220000,4166,5650.73900000,2241105.53650000,0
1633072860000,396.00000000,398.00000000,395.90000000,397.20000000,9573.13500000,1633073039999,3803823.52440000,3203,5929.81000000,2356134.99250000,0
1633073040000,397.30000000,398.70000000,396.90000000,397.90000000,7155.82500000,1633073219999,2846694.89100000,3509,4484.52000000,1783833.47960000,0
1633073220000,397.80000000,398.40000000,396.30000000,396.80000000,8768.97000000,1633073399999,3485500.23760000,2400,2888.14300000,1148388.96320000,0
1633073400000,396.90000000,397.20000000,395.90000000,396.00000000,4513.00400000,1633073579999,1788962.71310000,2031,2630.22800000,1042722.21560000,0
1633073580000,396.00000000,396.80000000,395.60000000,396.60000000,4843.69100000,1633073759999,1919574.85920000,1750,2086.48300000,827079.43240000,0
1633073760000,396.50000000,396.90000000,396.20000000,396.70000000,2522.26900000,1633073939999,1000305.46710000,1220,1283.07900000,508840.99240000,0
1633073940000,396.60000000,397.60000000,396.50000000,397.20000000,3366.10100000,1633074119999,1337063.71350000,1476,1475.79600000,586165.56390000,0
1633074120000,397.20000000,398.30000000,397.10000000,398.20000000,2691.77100000,1633074299999,1070656.56310000,1261,1721.32000000,684608.48410000,0
1633074300000,398.30000000,398.50000000,397.90000000,398.00000000,4996.20000000,1633074479999,1989144.59660000,1413,1721.90500000,685720.10230000,0
1633074480000,398.00000000,399.40000000,398.00000000,399.00000000,5800.53800000,1633074659999,2313927.89050000,2775,3436.03400000,1370652.72030000,0
1633074660000,398.90000000,399.20000000,398.70000000,398.80000000,2437.96600000,1633074839999,972766.76380000,1098,1253.66900000,500257.55070000,0
1633074840000,398.70000000,399.00000000,397.80000000,398.70000000,4441.08000000,1633075019999,1769723.25910000,1724,2700.62700000,1076105.03890000,0
1633075020000,398.80000000,399.30000000,398.70000000,398.80000000,4181.97500000,1633075199999,1668512.38040000,1375,1900.37100000,758288.95020000,0
1633075200000,398.90000000,399.30000000,397.90000000,398.90000000,6843.60600000,1633075379999,2728483.02970000,2019,4999.72200000,1993558.97760000,0
1633075380000,398.80000000,399.40000000,398.00000000,399.30000000,4927.89700000,1633075559999,1965318.76480000,1677,2252.70200000,898177.67050000,0
1633075560000,399.40000000,399.90000000,398.80000000,399.80000000,3867.02800000,1633075739999,1544614.92300000,2213,2202.50400000,879810.24370000,0
1633075740000,399.80000000,400.40000000,398.90000000,399.60000000,14484.94200000,1633075919999,5792777.11290000,5629,10127.83800000,4050585.06300000,0
1633075920000,399.70000000,401.00000000,398.70000000,399.30000000,11865.24800000,1633076099999,4740625.92250000,3542,7855.32400000,3138391.01220000,0
1633076100000,399.20000000,399.70000000,397.90000000,398.50000000,5612.95600000,1633076279999,2239290.19940000,2151,3236.64500000,1291293.48230000,0
1633076280000,398.50000000,399.90000000,398.50000000,399.70000000,3682.88900000,1633076459999,1469552.03390000,1383,2324.77100000,927712.55310000,0
1633076460000,399.70000000,400.00000000,399.00000000,399.90000000,2359.38300000,1633076639999,942672.71440000,1189,1554.38800000,621087.46400000,0
1633076640000,400.00000000,400.80000000,399.70000000,400.70000000,4179.11000000,1633076819999,1673047.83360000,1703,2109.99600000,844772.24900000,0
1633076820000,400.70000000,400.80000000,399.90000000,400.50000000,4041.14900000,1633076999999,1617355.23880000,1414,1414.60100000,566267.58760000,0
1633077000000,400.50000000,402.90000000,400.40000000,402.40000000,7195.86800000,1633077179999,2891084.70850000,4363,4285.88100000,1721792.63330000,0
1633077180000,402.40000000,404.00000000,401.70000000,403.90000000,7474.33500000,1633077359999,3012739.03870000,3885,3548.03500000,1430395.41290000,0
1633077360000,403.80000000,404.00000000,403.00000000,403.10000000,3266.14300000,1633077539999,1317784.09930000,1729,1746.34100000,704686.65370000,0
1633077540000,403.10000000,403.50000000,402.90000000,403.20000000,2953.22800000,1633077719999,1190827.13790000,1409,1438.72500000,580197.36570000,0
1633077720000,403.30000000,403.50000000,402.80000000,403.10000000,2867.91400000,1633077899999,1156262.21480000,1276,1810.36500000,729974.40910000,0
1633077900000,403.00000000,403.10000000,402.40000000,402.60000000,2385.05200000,1633078079999,960292.76240000,3417,1156.58100000,465707.86750000,0
1633078080000,402.60000000,403.20000000,402.10000000,403.10000000,2097.83400000,1633078259999,844461.41330000,1231,1356.01400000,545898.55030000,0
1633078260000,403.20000000,404.20000000,402.90000000,403.80000000,2957.33300000,1633078439999,1193064.93060000,1289,1545.76700000,623565.79890000,0
1633078440000,403.80000000,404.80000000,403.70000000,404.00000000,3829.98100000,1633078619999,1548292.75440000,2327,1470.78600000,594491.94380000,0
1633078620000,404.00000000,404.10000000,403.40000000,403.80000000,2104.50700000,1633078799999,849529.17110000,1477,1304.72500000,526713.95320000,0
1633078800000,403.90000000,404.40000000,402.20000000,402.30000000,10338.57800000,1633078979999,4166803.39690000,2537,3941.71700000,1588586.65940000,0
1633078980000,402.40000000,402.50000000,401.50000000,401.90000000,2468.07800000,1633079159999,992284.28350000,1568,1494.54500000,600918.99040000,0
1633079160000,402.00000000,402.00000000,400.90000000,401.70000000,4433.19300000,1633079339999,1779160.60420000,1610,2227.18400000,893857.09420000,0
1633079340000,401.60000000,401.90000000,401.30000000,401.30000000,1923.76900000,1633079519999,772466.82820000,1044,544.40600000,218643.19810000,0
1633079520000,401.40000000,401.90000000,401.20000000,401.30000000,2354.39300000,1633079699999,945287.61030000,1103,1565.28700000,628488.00230000,0
1633079700000,401.30000000,402.50000000,401.30000000,402.50000000,1886.86500000,1633079879999,758441.46030000,1146,937.15800000,376734.54460000,0
1633079880000,402.40000000,402.90000000,402.40000000,402.60000000,2282.68600000,1633080059999,919053.16040000,1161,1425.22700000,573875.40420000,0
1633080060000,402.50000000,402.90000000,402.50000000,402.70000000,1645.92800000,1633080239999,662853.00410000,813,1097.06300000,441839.53790000,0
1633080240000,402.70000000,403.00000000,402.20000000,402.40000000,3012.90300000,1633080419999,1212543.43840000,1162,938.88500000,377809.09160000,0
1633080420000,402.40000000,402.40000000,401.80000000,402.00000000,1872.30400000,1633080599999,752816.76680000,999,995.53900000,400323.65250000,0
1633080600000,402.00000000,402.40000000,401.90000000,402.10000000,1770.59000000,1633080779999,711978.24070000,968,753.27400000,302922.84490000,0
1633080780000,402.20000000,402.60000000,402.10000000,402.30000000,2205.53100000,1633080959999,887504.95800000,833,1686.54100000,678662.42880000,0
1633080960000,402.30000000,403.20000000,402.30000000,402.90000000,2281.24000000,1633081139999,918764.29980000,1071,1301.18100000,524055.97260000,0
1633081140000,402.90000000,403.30000000,402.60000000,402.80000000,1765.87400000,1633081319999,711531.32240000,1098,919.87600000,370718.28530000,0
1633081320000,402.70000000,402.80000000,401.90000000,401.90000000,2036.81900000,1633081499999,819459.68110000,993,1166.01900000,469166.07450000,0
1633081500000,401.90000000,402.30000000,401.10000000,401.10000000,2325.00100000,1633081679999,933812.25620000,1228,675.81800000,271497.26430000,0
1633081680000,401.10000000,401.20000000,399.40000000,399.90000000,6924.25700000,1633081859999,2770972.61860000,2553,2449.81000000,980118.45560000,0
1633081860000,399.80000000,400.30000000,399.50000000,399.80000000,3374.67400000,1633082039999,1349256.99850000,1692,1368.10800000,547083.48600000,0
1633082040000,399.70000000,400.50000000,399.70000000,400.40000000,2818.54800000,1633082219999,1127547.14290000,1716,1792.15100000,716982.08130000,0
1633082220000,400.40000000,400.80000000,400.00000000,400.30000000,1769.38200000,1633082399999,708341.24630000,1249,985.59100000,394638.71280000,0
1633082400000,400.30000000,401.10000000,400.10000000,400.30000000,1770.23200000,1633082579999,709439.30860000,1224,904.97000000,362704.50530000,0
1633082580000,400.40000000,400.40000000,399.60000000,399.70000000,2410.63400000,1633082759999,963928.60340000,1506,1269.88400000,507796.51030000,0
1633082760000,399.60000000,400.00000000,399.60000000,399.70000000,1666.33400000,1633082939999,666320.50760000,882,1040.83600000,416243.05310000,0
1633082940000,399.80000000,400.10000000,399.60000000,399.70000000,2145.53800000,1633083119999,857897.50990000,952,996.53100000,398549.69420000,0
1633083120000,399.60000000,399.80000000,398.50000000,398.50000000,3629.35800000,1633083299999,1448199.29560000,1612,1040.36400000,415174.94820000,0
1633083300000,398.60000000,400.00000000,398.50000000,399.60000000,1376.61800000,1633083479999,549935.72640000,1133,862.24500000,344445.82160000,0
1633083480000,399.60000000,399.90000000,399.40000000,399.50000000,1720.22200000,1633083659999,687488.94500000,931,589.05000000,235459.37260000,0
1633083660000,399.50000000,399.90000000,399.20000000,399.40000000,2324.01800000,1633083839999,928694.47270000,1077,1602.82200000,640536.59930000,0
1633083840000,399.50000000,400.30000000,399.40000000,400.20000000,1640.90100000,1633084019999,656192.28850000,1053,1094.19500000,437608.58210000,0
1633084020000,400.30000000,407.00000000,400.20000000,404.60000000,35506.55400000,1633084199999,14316896.10970000,11999,20226.79800000,8158768.84800000,0
1633084200000,404.70000000,409.20000000,403.70000000,407.80000000,26372.79300000,1633084379999,10721025.84580000,11550,13487.22200000,5486613.80710000,0
1633084380000,407.80000000,408.10000000,405.60000000,407.60000000,13086.10800000,1633084559999,5327558.66950000,6810,7480.39200000,3045729.75320000,0
1633084560000,407.60000000,409.10000000,406.70000000,409.00000000,8869.58800000,1633084739999,3620169.74330000,4255,4461.48100000,1820964.73520000,0
1633084740000,409.10000000,414.00000000,409.00000000,410.70000000,18637.52700000,1633084919999,7659339.28010000,9626,10293.02100000,4230591.70100000,0
1633084920000,410.70000000,414.80000000,410.00000000,411.30000000,32227.09700000,1633085099999,13293788.28330000,12361,14642.79000000,6041302.86190000,0
1633085100000,411.40000000,412.30000000,408.00000000,409.00000000,16669.07300000,1633085279999,6832857.14470000,7326,7723.85600000,3167256.31330000,0
1633085280000,409.00000000,410.40000000,408.10000000,409.70000000,7653.43500000,1633085459999,3135255.96410000,4616,4545.56000000,1862235.44130000,0
1633085460000,409.70000000,410.00000000,408.10000000,409.80000000,6221.25300000,1633085639999,2545217.17750000,2778,2566.96800000,1050386.49530000,0
1633085640000,409.80000000,411.00000000,409.50000000,410.40000000,6422.11400000,1633085819999,2634524.12580000,2590,3974.88400000,1630634.92770000,0
1633085820000,410.40000000,410.90000000,409.80000000,409.90000000,5590.69900000,1633085999999,2294168.99570000,2107,3113.08100000,1277565.05800000,0
1633086000000,410.00000000,410.50000000,409.10000000,409.30000000,5007.71400000,1633086179999,2051740.39730000,2112,2448.14300000,1003017.04570000,0
1633086180000,409.30000000,409.50000000,407.60000000,408.80000000,8626.17100000,1633086359999,3524034.15720000,3120,4113.80500000,1680347.83890000,0
1633086360000,408.70000000,410.10000000,408.70000000,409.40000000,3881.31600000,1633086539999,1589321.00100000,2216,2335.51500000,956403.24480000,0
1633086540000,409.40000000,410.10000000,408.80000000,409.10000000,3678.18400000,1633086719999,1505983.57900000,2024,2202.66900000,901891.92560000,0
1633086720000,409.10000000,409.80000000,408.80000000,409.70000000,2772.36100000,1633086899999,1134831.19300000,1587,1471.02100000,602141.83190000,0
1633086900000,409.60000000,410.70000000,409.30000000,410.60000000,4347.30000000,1633087079999,1782485.26810000,2038,2630.41400000,1078693.09080000,0
1633087080000,410.60000000,411.10000000,410.00000000,410.30000000,4382.48400000,1633087259999,1799241.02420000,2112,2060.59400000,846018.12800000,0
1633087260000,410.20000000,411.30000000,409.90000000,411.10000000,2572.08500000,1633087439999,1056272.01090000,1745,1802.22800000,740207.24050000,0
1633087440000,411.20000000,412.30000000,411.00000000,411.70000000,5074.20000000,1633087619999,2088676.13100000,2415,2714.16000000,1117508.17820000,0
1633087620000,411.70000000,415.60000000,411.40000000,415.30000000,13928.42900000,1633087799999,5767930.88750000,7347,8888.32100000,3680868.85780000,0
1633087800000,415.30000000,415.50000000,413.70000000,413.80000000,5066.92000000,1633087979999,2099797.00540000,5674,2499.79300000,1036208.83600000,0
1633087980000,413.80000000,414.70000000,413.50000000,413.80000000,3147.65700000,1633088159999,1303501.17950000,2162,1539.85700000,637740.78580000,0
1633088160000,413.80000000,415.40000000,413.50000000,415.40000000,3626.27200000,1633088339999,1502967.79830000,2586,2296.08900000,951726.88870000,0
1633088340000,415.30000000,416.00000000,415.10000000,415.40000000,5113.90900000,1633088519999,2125228.56370000,3393,2745.84100000,1141228.59120000,0
1633088520000,415.40000000,415.70000000,414.30000000,415.20000000,5784.19300000,1633088699999,2400013.57050000,3081,3313.07900000,1374716.48730000,0
1633088700000,415.20000000,415.90000000,414.30000000,414.50000000,4540.87400000,1633088879999,1885157.22130000,2431,2135.65400000,886834.29400000,0
1633088880000,414.40000000,414.50000000,413.20000000,413.40000000,6378.93500000,1633089059999,2640520.39650000,2525,4122.36200000,1706328.20960000,0
1633089060000,413.40000000,413.50000000,412.70000000,413.40000000,3214.09500000,1633089239999,1327606.00870000,2233,1776.73100000,733914.16250000,0
1633089240000,413.50000000,414.10000000,413.10000000,413.80000000,1900.59700000,1633089419999,786069.52470000,1561,1127.27300000,466283.09360000,0
1633089420000,413.80000000,415.60000000,413.10000000,415.40000000,5957.42300000,1633089599999,2467511.62570000,2476,2758.77900000,1143181.24350000,0
1633089600000,415.40000000,416.70000000,414.70000000,416.60000000,7819.21300000,1633089779999,3248193.15100000,3023,3800.20800000,1578746.53010000,0
1633089780000,416.70000000,417.30000000,415.60000000,416.00000000,6551.21500000,1633089959999,2729430.73690000,4970,3612.19800000,1505368.38960000,0
1633089960000,415.90000000,416.70000000,415.10000000,415.10000000,4345.96100000,1633090139999,1806839.48040000,2144,1932.69900000,803412.26580000,0
1633090140000,415.10000000,415.60000000,414.60000000,415.00000000,4924.61800000,1633090319999,2044107.46490000,1967,2917.85600000,1211104.00100000,0
1633090320000,415.00000000,415.20000000,414.70000000,415.10000000,3407.44200000,1633090499999,1414036.80240000,1337,1461.79400000,606678.26180000,0
1633090500000,415.10000000,415.70000000,414.40000000,415.30000000,6535.01900000,1633090679999,2711631.25920000,1779,1914.00700000,794278.55320000,0
1633090680000,415.30000000,415.90000000,414.70000000,414.80000000,2517.95800000,1633090859999,1046200.66210000,1462,898.48300000,373328.18500000,0
1633090860000,414.70000000,415.60000000,414.50000000,415.60000000,3464.66500000,1633091039999,1438292.82660000,1350,1296.25300000,537932.56940000,0
1633091040000,415.60000000,416.90000000,415.40000000,416.40000000,4114.14600000,1633091219999,1712208.65920000,1698,1924.95700000,801169.94010000,0
1633091220000,416.40000000,417.00000000,415.10000000,415.30000000,2588.01600000,1633091399999,1077418.10220000,1684,1212.66600000,504785.23170000,0
1633091400000,415.30000000,415.60000000,413.20000000,413.30000000,10293.50100000,1633091579999,4263192.88950000,2349,5254.81500000,2175497.24620000,0
1633091580000,413.30000000,413.90000000,412.40000000,412.80000000,6800.92900000,1633091759999,2808746.58200000,2355,3069.20200000,1267583.09550000,0
1633091760000,412.70000000,413.10000000,411.20000000,412.10000000,7847.43700000,1633091939999,3233353.55520000,3067,3283.41700000,1353087.82910000,0
1633091940000,412.20000000,413.30000000,411.90000000,412.30000000,4211.80300000,1633092119999,1737936.44880000,2332,2208.28200000,911345.25430000,0
1633092120000,412.30000000,412.50000000,410.70000000,411.50000000,7249.89800000,1633092299999,2982857.09480000,2895,3351.65700000,1379161.06330000,0
1633092300000,411.50000000,411.90000000,410.40000000,411.00000000,4993.36000000,1633092479999,2052928.02980000,2829,2432.33400000,1000193.13610000,0
1633092480000,411.10000000,412.60000000,410.80000000,412.10000000,3548.22000000,1633092659999,1460718.69220000,2242,1903.90600000,783915.69250000,0
1633092660000,412.20000000,412.60000000,411.30000000,411.50000000,2253.55400000,1633092839999,928535.42920000,1422,1338.54500000,551586.38380000,0
1633092840000,411.40000000,411.90000000,411.00000000,411.40000000,1594.17600000,1633093019999,655840.35340000,1165,630.80600000,259552.18510000,0
1633093020000,411.50000000,411.80000000,411.10000000,411.40000000,1016.79500000,1633093199999,418363.60250000,1053,594.02300000,244443.93920000,0
1633093200000,411.40000000,413.10000000,411.30000000,412.20000000,2381.62000000,1633093379999,982372.00650000,1593,1447.64900000,597200.69260000,0
1633093380000,412.20000000,413.10000000,412.10000000,413.00000000,3190.76900000,1633093559999,1317451.50160000,1172,1368.42800000,564926.71110000,0
1633093560000,412.90000000,413.90000000,412.60000000,413.80000000,2331.67400000,1633093739999,963825.25230000,1329,1268.05000000,524179.23370000,0
1633093740000,413.80000000,413.80000000,412.90000000,413.20000000,1617.75300000,1633093919999,668775.93340000,1047,749.85600000,309981.09100000,0
1633093920000,413.10000000,413.70000000,413.00000000,413.00000000,2118.82800000,1633094099999,875701.99980000,970,555.33100000,229523.02170000,0
1633094100000,413.10000000,413.90000000,412.80000000,413.70000000,1485.95900000,1633094279999,614086.52180000,924,785.79400000,324783.21030000,0
1633094280000,413.70000000,414.00000000,412.30000000,412.60000000,1997.03600000,1633094459999,824595.13230000,1122,1093.60200000,451618.39070000,0
1633094460000,412.60000000,414.50000000,412.50000000,414.50000000,2789.75700000,1633094639999,1154453.94880000,1199,2082.76900000,861877.29180000,0
1633094640000,414.40000000,415.40000000,414.30000000,414.60000000,2647.99700000,1633094819999,1098409.84110000,1627,1283.33400000,532380.88490000,0
1633094820000,414.70000000,415.90000000,414.20000000,414.80000000,3620.13300000,1633094999999,1502957.80130000,1629,2063.34200000,856643.89320000,0
1633095000000,414.80000000,415.50000000,413.90000000,414.10000000,3768.52700000,1633095179999,1562467.08850000,1572,1903.93600000,789468.48950000,0
1633095180000,414.10000000,414.10000000,413.10000000,413.90000000,2361.60200000,1633095359999,976512.39280000,1275,1249.14700000,516518.43720000,0
1633095360000,413.80000000,414.40000000,413.60000000,413.70000000,1386.48000000,1633095539999,574037.77180000,943,715.68600000,296335.15770000,0
1633095540000,413.70000000,413.80000000,412.00000000,412.10000000,3805.04900000,1633095719999,1570019.49360000,1650,1724.26500000,711339.66320000,0
1633095720000,412.10000000,412.20000000,410.80000000,410.90000000,5210.49900000,1633095899999,2143757.51810000,1886,1740.22000000,715714.33470000,0
1633095900000,410.90000000,411.90000000,410.90000000,411.30000000,4339.13800000,1633096079999,1784931.17440000,1574,2043.31800000,840590.17790000,0
1633096080000,411.30000000,412.20000000,411.00000000,411.80000000,2667.72300000,1633096259999,1098365.75860000,1196,1839.72400000,757567.85570000,0
1633096260000,411.80000000,412.10000000,411.10000000,411.70000000,1316.76000000,1633096439999,541965.20970000,966,967.67600000,398347.74480000,0
1633096440000,411.80000000,411.80000000,411.00000000,411.10000000,1301.03100000,1633096619999,535373.90690000,956,744.59900000,306430.03670000,0
1633096620000,411.10000000,411.60000000,409.60000000,409.70000000,5054.06100000,1633096799999,2074307.23250000,2240,1942.83300000,797477.81010000,0
1633096800000,409.70000000,412.00000000,409.10000000,411.70000000,7271.17900000,1633096979999,2983900.93910000,2945,3100.07300000,1272097.66340000,0
1633096980000,411.60000000,411.90000000,410.80000000,411.50000000,2125.08100000,1633097159999,874102.14570000,1297,921.28900000,379017.40700000,0
1633097160000,411.40000000,413.10000000,411.40000000,412.50000000,4551.64100000,1633097339999,1877618.95150000,1840,2909.80000000,1200326.90270000,0
1633097340000,412.40000000,412.60000000,412.00000000,412.50000000,1248.04400000,1633097519999,514647.42550000,1011,701.12500000,289133.83770000,0
1633097520000,412.50000000,413.10000000,412.20000000,413.10000000,1401.34200000,1633097699999,578147.42840000,903,1142.94100000,471517.62550000,0
1633097700000,413.00000000,413.10000000,411.60000000,411.70000000,2499.47300000,1633097879999,1030461.34390000,1222,1034.64700000,426523.55300000,0
1633097880000,411.70000000,412.30000000,411.00000000,411.50000000,1657.70900000,1633098059999,682197.00430000,1093,553.25000000,227700.23810000,0
1633098060000,411.40000000,411.70000000,410.60000000,410.90000000,1788.18100000,1633098239999,735056.82560000,1070,1005.24400000,413203.85660000,0
1633098240000,410.90000000,411.20000000,410.20000000,410.30000000,2688.15500000,1633098419999,1103912.70330000,1341,985.90700000,404866.52700000,0
1633098420000,410.30000000,411.40000000,410.30000000,410.80000000,2035.42800000,1633098599999,836556.60630000,1147,1307.75600000,537508.13680000,0
1633098600000,410.90000000,412.20000000,410.70000000,412.20000000,2374.40600000,1633098779999,977062.19590000,1538,1552.10000000,638671.22070000,0
1633098780000,412.10000000,412.80000000,411.80000000,412.30000000,4879.91800000,1633098959999,2012359.94900000,1495,2016.31200000,831386.77970000,0
1633098960000,412.20000000,412.30000000,410.70000000,410.80000000,1177.87600000,1633099139999,484715.28860000,935,548.40700000,225632.05800000,0
1633099140000,410.80000000,412.10000000,409.30000000,409.40000000,9628.21800000,1633099319999,3952753.16620000,2605,4268.41900000,1752715.53940000,0
1633099320000,409.50000000,410.10000000,407.20000000,407.20000000,10002.71300000,1633099499999,4086952.58850000,3884,5080.39800000,2076569.09420000,0
1633099500000,407.30000000,408.50000000,407.20000000,408.00000000,4448.28700000,1633099679999,1813972.24670000,2309,2144.58200000,874549.40080000,0
1633099680000,408.10000000,409.10000000,408.00000000,409.00000000,5799.69400000,1633099859999,2369822.63120000,2209,3736.01700000,1526525.52270000,0
1633099860000,409.00000000,409.50000000,408.70000000,409.00000000,2399.99600000,1633100039999,981858.73980000,1831,1245.49300000,509562.43200000,0
1633100040000,409.10000000,410.70000000,409.00000000,410.50000000,6571.61000000,1633100219999,2693430.07920000,1804,3654.51600000,1497814.70620000,0
1633100220000,410.50000000,410.90000000,409.70000000,410.00000000,2389.71300000,1633100399999,980425.83780000,1152,1302.21300000,534171.92750000,0
1633100400000,410.00000000,410.70000000,410.00000000,410.40000000,3092.82300000,1633100579999,1269462.01260000,1308,1881.54900000,772290.04180000,0
1633100580000,410.50000000,410.90000000,410.40000000,410.90000000,1894.51800000,1633100759999,777965.86900000,1096,1015.50000000,417067.26140000,0
1633100760000,410.80000000,411.10000000,410.40000000,410.50000000,1781.94800000,1633100939999,731946.44790000,1227,588.87300000,241892.97310000,0
1633100940000,410.60000000,410.60000000,409.90000000,410.50000000,4457.01400000,1633101119999,1828909.93550000,1176,755.19000000,309845.78550000,0
1633101120000,410.50000000,413.00000000,410.50000000,412.40000000,6138.06900000,1633101299999,2528583.40910000,2434,3482.79100000,1434479.37240000,0
1633101300000,412.40000000,412.60000000,411.50000000,412.40000000,4177.72800000,1633101479999,1721538.11070000,1501,1959.37700000,807373.54660000,0
1633101480000,412.40000000,414.30000000,412.10000000,413.30000000,7212.79800000,1633101659999,2979882.63690000,2320,4174.96300000,1725076.21840000,0
1633101660000,413.30000000,413.40000000,412.70000000,413.20000000,4603.04700000,1633101839999,1901777.91480000,1335,1285.08400000,530921.70710000,0
1633101840000,413.10000000,413.10000000,412.70000000,412.90000000,1900.55800000,1633102019999,784780.67820000,1143,826.94700000,341480.92200000,0
1633102020000,413.00000000,413.20000000,412.40000000,412.50000000,1839.96500000,1633102199999,759657.81960000,1016,1140.30800000,470858.87300000,0
1633102200000,412.40000000,413.00000000,412.10000000,412.60000000,2680.08200000,1633102379999,1105651.70040000,1114,1009.21900000,416358.93990000,0
1633102380000,412.60000000,413.00000000,412.50000000,412.80000000,1614.41400000,1633102559999,666350.32740000,972,740.43800000,305650.32780000,0
1633102560000,412.70000000,413.10000000,412.20000000,413.10000000,1204.08300000,1633102739999,496857.87920000,882,919.60500000,379514.80740000,0
1633102740000,413.00000000,413.80000000,412.80000000,413.30000000,2029.83400000,1633102919999,839023.43920000,1201,907.73200000,375170.40630000,0
1633102920000,413.50000000,414.00000000,413.30000000,413.40000000,2050.04400000,1633103099999,847939.20370000,1111,1029.46900000,425862.20100000,0
1633103100000,413.50000000,413.70000000,411.60000000,412.20000000,3541.73200000,1633103279999,1460986.09380000,1689,1695.49200000,699403.51200000,0
1633103280000,412.30000000,413.40000000,412.20000000,413.00000000,1673.30900000,1633103459999,691093.08280000,1178,908.96300000,375432.48430000,0
1633103460000,413.10000000,413.80000000,412.50000000,413.70000000,1531.77800000,1633103639999,632881.80430000,1059,789.61300000,326312.20770000,0
1633103640000,413.80000000,413.90000000,412.50000000,412.70000000,1821.24700000,1633103819999,752503.87080000,997,558.83400000,230908.63490000,0
1633103820000,412.70000000,413.50000000,412.60000000,413.50000000,1281.16200000,1633103999999,529079.50240000,920,818.95100000,338230.19080000,0
1633104000000,413.40000000,413.80000000,412.60000000,412.90000000,2653.47100000,1633104179999,1096346.34930000,1227,1492.82700000,616913.26560000,0
1633104180000,412.90000000,413.40000000,412.60000000,413.00000000,1492.86000000,1633104359999,616447.85470000,1087,906.46100000,374355.67010000,0
1633104360000,413.00000000,413.00000000,412.20000000,412.20000000,1383.69000000,1633104539999,570915.98230000,997,377.41800000,155743.60560000,0
1633104540000,412.30000000,412.70000000,412.20000000,412.70000000,1732.68600000,1633104719999,714554.70660000,953,1007.96200000,415709.78510000,0
1633104720000,412.60000000,413.00000000,412.50000000,412.80000000,1431.39600000,1633104899999,590896.38390000,898,959.31300000,396033.12530000,0
1633104900000,412.90000000,413.70000000,412.60000000,413.40000000,5562.54200000,1633105079999,2297590.93930000,1267,4197.36700000,1733769.81090000,0
1633105080000,413.40000000,413.60000000,412.70000000,413.00000000,1788.79400000,1633105259999,738900.89590000,1013,1003.24800000,414420.14500000,0
1633105260000,413.00000000,413.60000000,412.40000000,413.30000000,2226.31400000,1633105439999,919296.71250000,1005,1020.45500000,421472.30240000,0
1633105440000,413.40000000,416.20000000,413.20000000,415.60000000,7890.59500000,1633105619999,3274370.99530000,3566,5369.58000000,2228252.55770000,0
1633105620000,415.60000000,415.70000000,413.60000000,414.00000000,5059.22400000,1633105799999,2098726.23300000,2271,2867.83600000,1189796.66650000,0
1633105800000,413.90000000,414.00000000,413.00000000,413.80000000,1885.81300000,1633105979999,779454.57460000,1302,1135.07900000,469152.96290000,0
1633105980000,413.70000000,415.10000000,413.30000000,414.60000000,1802.72400000,1633106159999,746962.83440000,1154,985.46300000,408417.01350000,0
1633106160000,414.60000000,416.50000000,414.50000000,416.20000000,4036.91100000,1633106339999,1678299.70310000,1769,2435.10700000,1012230.80050000,0
1633106340000,416.10000000,417.90000000,415.50000000,417.00000000,5660.92000000,1633106519999,2359252.67950000,4022,2890.46700000,1204533.75190000,0
1633106520000,417.00000000,417.70000000,416.50000000,417.30000000,3508.74500000,1633106699999,1463896.71840000,1818,2003.22300000,835681.73450000,0
1633106700000,417.30000000,417.80000000,415.70000000,416.10000000,2191.15400000,1633106879999,912885.72520000,1577,903.70000000,376706.93270000,0
1633106880000,416.10000000,416.50000000,415.70000000,416.10000000,2031.77700000,1633107059999,845357.64450000,1065,1225.34600000,509825.92560000,0
1633107060000,416.00000000,416.70000000,415.90000000,416.50000000,1570.06300000,1633107239999,653548.63710000,944,877.75700000,365417.04740000,0
1633107240000,416.60000000,416.70000000,415.80000000,416.30000000,1326.76800000,1633107419999,552401.03500000,922,572.21100000,238229.31340000,0
1633107420000,416.30000000,417.50000000,416.10000000,417.30000000,2327.43300000,1633107599999,970059.36250000,1090,1132.53400000,472037.80330000,0
1633107600000,417.30000000,417.90000000,416.40000000,416.60000000,2900.84900000,1633107779999,1209679.16700000,1376,1709.62800000,713033.89600000,0
1633107780000,416.70000000,417.10000000,416.20000000,416.30000000,1318.29200000,1633107959999,549349.67100000,974,620.60800000,258669.96550000,0
1633107960000,416.20000000,416.80000000,416.00000000,416.60000000,1272.23500000,1633108139999,529798.30280000,927,599.06100000,249472.11940000,0
1633108140000,416.50000000,417.20000000,416.40000000,416.70000000,2086.86900000,1633108319999,869979.76650000,1006,1071.38500000,446665.92490000,0
1633108320000,416.70000000,417.00000000,416.00000000,416.20000000,1136.60100000,1633108499999,473413.46880000,877,646.63900000,269348.80130000,0
1633108500000,416.20000000,416.80000000,416.10000000,416.50000000,1081.04700000,1633108679999,450129.58600000,837,670.75600000,279313.77520000,0
1633108680000,416.50000000,417.30000000,416.40000000,417.30000000,1381.59300000,1633108859999,575972.22920000,869,664.36400000,277008.01860000,0
1633108860000,417.30000000,417.30000000,416.90000000,417.20000000,1268.42200000,1633109039999,529076.54100000,942,433.68800000,180920.38210000,0
1633109040000,417.20000000,417.30000000,416.40000000,416.70000000,1789.05900000,1633109219999,745683.53780000,1055,1073.07800000,447216.76820000,0
1633109220000,416.80000000,417.50000000,416.70000000,417.20000000,1472.65200000,1633109399999,614231.17830000,1043,802.69600000,334806.62150000,0
1633109400000,417.20000000,418.10000000,417.00000000,418.00000000,2481.85100000,1633109579999,1036689.22430000,1614,1436.79100000,600272.79910000,0
1633109580000,418.00000000,419.00000000,417.90000000,418.20000000,3130.24900000,1633109759999,1310287.55540000,3090,1919.17200000,803444.49040000,0
1633109760000,418.30000000,419.00000000,418.10000000,418.80000000,1935.82700000,1633109939999,810405.46170000,1269,892.45300000,373660.31450000,0
1633109940000,418.80000000,419.00000000,418.00000000,418.20000000,2346.40100000,1633110119999,982138.81480000,1298,1246.37200000,521809.82850000,0
1633110120000,418.10000000,418.30000000,417.20000000,418.30000000,1912.16400000,1633110299999,798857.25140000,1772,611.93600000,255675.77830000,0
1633110300000,418.30000000,419.40000000,418.20000000,419.10000000,1514.34600000,1633110479999,634301.83410000,1460,534.32800000,223780.53840000,0
1633110480000,419.20000000,419.50000000,418.10000000,418.20000000,2032.08300000,1633110659999,851266.97440000,1809,855.74200000,358515.64300000,0
1633110660000,418.20000000,419.00000000,417.80000000,418.70000000,2041.84300000,1633110839999,853931.35340000,1157,1095.45900000,458200.28650000,0
1633110840000,418.80000000,419.20000000,418.00000000,418.50000000,1228.82500000,1633111019999,514288.53360000,926,512.36100000,214468.22550000,0
1633111020000,418.40000000,418.60000000,418.00000000,418.10000000,1059.60500000,1633111199999,443205.14780000,841,594.80000000,248814.10540000,0
1633111200000,418.10000000,418.40000000,417.10000000,417.90000000,2315.17900000,1633111379999,966955.56380000,1565,1266.79000000,529062.61090000,0
1633111380000,417.90000000,418.40000000,417.30000000,417.70000000,1151.34300000,1633111559999,481024.33560000,1025,556.31900000,232449.88820000,0
1633111560000,417.80000000,418.00000000,417.50000000,417.90000000,1169.41600000,1633111739999,488562.16140000,984,627.78800000,262301.34050000,0
1633111740000,417.80000000,418.20000000,417.50000000,417.60000000,1290.27200000,1633111919999,539349.09830000,994,705.95500000,295129.45170000,0
1633111920000,417.70000000,417.90000000,417.00000000,417.20000000,1543.50200000,1633112099999,644218.25730000,1028,624.34300000,260600.19180000,0
1633112100000,417.30000000,417.60000000,416.60000000,416.80000000,1994.53400000,1633112279999,832199.62290000,1139,1264.52000000,527671.83030000,0
1633112280000,416.90000000,418.00000000,416.70000000,417.80000000,1838.57100000,1633112459999,767743.75540000,1082,1304.54400000,544792.87430000,0
1633112460000,417.90000000,418.00000000,417.60000000,418.00000000,1252.96300000,1633112639999,523539.81500000,786,454.44500000,189905.66950000,0
1633112640000,418.00000000,418.90000000,417.80000000,418.70000000,1662.01800000,1633112819999,695122.97210000,1012,1029.46700000,430504.05270000,0
1633112820000,418.60000000,419.40000000,418.20000000,418.60000000,2688.92700000,1633112999999,1126026.00740000,1314,1239.28400000,519016.01350000,0
1633113000000,418.60000000,419.20000000,418.00000000,419.20000000,1553.37100000,1633113179999,650147.87530000,1082,1063.50400000,445116.97640000,0
1633113180000,419.10000000,419.50000000,418.90000000,419.20000000,1520.89200000,1633113359999,637544.48330000,1084,668.55600000,280288.28420000,0
1633113360000,419.20000000,419.30000000,418.50000000,418.70000000,1399.49200000,1633113539999,586255.98580000,887,738.94000000,309542.57300000,0
1633113540000,418.70000000,418.80000000,417.80000000,418.80000000,1820.83200000,1633113719999,761569.48030000,1034,778.33800000,325557.10050000,0
1633113720000,418.70000000,419.30000000,418.70000000,418.90000000,1778.65000000,1633113899999,745403.03490000,1015,1102.00600000,461864.75060000,0
1633113900000,418.90000000,420.00000000,418.70000000,418.90000000,4060.39000000,1633114079999,1703040.59440000,3303,2332.40400000,978192.59130000,0
1633114080000,418.80000000,419.30000000,418.60000000,418.70000000,1614.04000000,1633114259999,676100.98630000,1033,733.08500000,307123.41810000,0
1633114260000,418.70000000,419.50000000,418.30000000,419.40000000,1888.23400000,1633114439999,790608.24690000,1138,954.68500000,399760.94030000,0
1633114440000,419.50000000,419.60000000,418.80000000,419.00000000,1465.87200000,1633114619999,614588.76300000,936,803.54400000,336883.18200000,0
1633114620000,419.10000000,419.50000000,419.10000000,419.50000000,1110.01800000,1633114799999,465427.93650000,757,659.83200000,276667.21860000,0
1633114800000,419.40000000,419.70000000,419.10000000,419.70000000,1129.09900000,1633114979999,473515.08130000,798,598.07500000,250832.91980000,0
1633114980000,419.70000000,420.00000000,419.60000000,419.80000000,1724.48700000,1633115159999,723978.17710000,963,1144.77800000,480621.82680000,0
1633115160000,419.80000000,420.90000000,419.70000000,419.90000000,9120.12900000,1633115339999,3831197.81020000,4115,6994.81400000,2938240.03050000,0
1633115340000,419.90000000,420.00000000,418.00000000,418.90000000,3290.74500000,1633115519999,1378299.09890000,2441,1535.52200000,643093.68890000,0
1633115520000,418.90000000,419.80000000,418.90000000,419.40000000,2692.31400000,1633115699999,1129159.97490000,1172,1446.50600000,606673.22340000,0
1633115700000,419.40000000,420.20000000,419.20000000,419.40000000,1817.05700000,1633115879999,762685.52510000,1079,877.14300000,368147.73210000,0
1633115880000,419.30000000,420.00000000,419.20000000,419.70000000,1121.70200000,1633116059999,470782.07180000,864,606.35900000,254511.08060000,0
1633116060000,419.70000000,419.90000000,419.30000000,419.30000000,603.44900000,1633116239999,253249.03530000,715,298.73300000,125378.67980000,0
1633116240000,419.40000000,419.70000000,418.80000000,419.40000000,990.09700000,1633116419999,415147.81150000,831,537.91900000,225588.82580000,0
1633116420000,419.30000000,420.30000000,419.20000000,420.20000000,749.61900000,1633116599999,314720.72550000,763,408.57900000,171531.38670000,0
1633116600000,420.10000000,420.40000000,419.10000000,419.50000000,1017.25800000,1633116779999,427030.92640000,868,550.03000000,230877.02740000,0
1633116780000,419.50000000,419.70000000,418.70000000,419.20000000,1620.21200000,1633116959999,679030.78270000,966,1080.63400000,452897.11880000,0
1633116960000,419.20000000,419.70000000,418.70000000,419.20000000,916.43100000,1633117139999,384189.57130000,869,485.46700000,203530.26280000,0
1633117140000,419.20000000,419.80000000,419.10000000,419.50000000,785.65800000,1633117319999,329632.85500000,655,373.68200000,156791.85470000,0
1633117320000,419.50000000,419.70000000,418.90000000,419.10000000,1159.90000000,1633117499999,486229.56510000,777,722.39900000,302815.48450000,0
1633117500000,419.10000000,419.80000000,419.00000000,419.50000000,741.37500000,1633117679999,310943.05180000,626,539.58700000,226325.90840000,0
1633117680000,419.50000000,419.90000000,419.40000000,419.50000000,746.99900000,1633117859999,313422.33490000,650,384.28400000,161244.34710000,0
1633117860000,419.60000000,420.10000000,419.30000000,420.00000000,1058.00900000,1633118039999,444024.78780000,728,501.74600000,210623.37660000,0
1633118040000,420.10000000,420.30000000,419.70000000,420.00000000,1028.66100000,1633118219999,432077.65840000,749,499.59300000,209852.56210000,0
1633118220000,419.90000000,420.60000000,419.90000000,420.60000000,1147.52400000,1633118399999,482235.51100000,873,638.40500000,268290.02590000,0
1633118400000,420.50000000,420.60000000,419.20000000,419.90000000,2035.97500000,1633118579999,854619.68530000,1281,1321.93700000,554869.32150000,0
1633118580000,419.90000000,419.90000000,419.10000000,419.40000000,1000.97700000,1633118759999,419908.86420000,1044,490.02400000,205572.52030000,0
1633118760000,419.40000000,420.50000000,419.40000000,420.00000000,1944.50700000,1633118939999,816717.40380000,1179,976.48500000,410102.99690000,0
1633118940000,420.00000000,420.50000000,419.50000000,420.10000000,2271.22600000,1633119119999,953472.40180000,1180,1694.81000000,711436.72300000,0
1633119120000,420.00000000,420.10000000,419.30000000,419.40000000,638.92800000,1633119299999,268091.08740000,983,190.65700000,80013.77770000,0
1633119300000,419.40000000,420.50000000,419.10000000,420.10000000,2374.63700000,1633119479999,996379.60570000,1647,1432.75100000,601229.84310000,0
1633119480000,420.20000000,420.70000000,420.00000000,420.70000000,1863.49600000,1633119659999,783213.10830000,1397,1080.00000000,453947.94830000,0
1633119660000,420.60000000,420.70000000,419.10000000,419.20000000,3084.04600000,1633119839999,1295206.63400000,1508,659.80800000,277116.72440000,0
1633119840000,419.10000000,419.60000000,419.00000000,419.00000000,1365.54000000,1633120019999,572497.97210000,1232,635.97700000,266683.82610000,0
1633120020000,419.10000000,419.20000000,417.70000000,418.50000000,2493.74400000,1633120199999,1043269.84600000,1837,995.09900000,416299.81170000,0
1633120200000,418.50000000,418.90000000,418.40000000,418.90000000,695.21900000,1633120379999,291043.67350000,1051,410.83400000,172008.71910000,0
1633120380000,418.80000000,419.50000000,418.70000000,419.40000000,1867.38200000,1633120559999,782601.55600000,1313,1252.01100000,524715.36650000,0
1633120560000,419.50000000,420.50000000,419.30000000,420.50000000,4048.48300000,1633120739999,1700589.79390000,1717,2014.69500000,846466.45040000,0
1633120740000,420.40000000,420.90000000,420.20000000,420.50000000,3038.75400000,1633120919999,1277792.79460000,1566,1297.70900000,545727.46820000,0
1633120920000,420.60000000,420.60000000,419.00000000,419.00000000,1718.78400000,1633121099999,721456.29530000,1376,662.52400000,278005.47720000,0
1633121100000,419.10000000,419.30000000,418.40000000,418.70000000,1894.20100000,1633121279999,793299.36080000,1321,917.48300000,384263.49020000,0
1633121280000,418.70000000,419.30000000,418.50000000,419.30000000,963.03300000,1633121459999,403393.52580000,1052,637.37700000,267006.93700000,0
1633121460000,419.30000000,420.20000000,419.10000000,420.00000000,1414.04400000,1633121639999,593317.38580000,1169,665.12300000,279090.75180000,0
1633121640000,420.00000000,420.50000000,419.90000000,420.20000000,1126.56900000,1633121819999,473398.42970000,1134,652.01700000,274002.63980000,0
1633121820000,420.20000000,421.30000000,420.00000000,420.30000000,2209.34500000,1633121999999,929222.65830000,2076,1268.75500000,533720.86920000,0
1633122000000,420.40000000,421.30000000,420.20000000,420.90000000,1504.31300000,1633122179999,632799.98160000,1040,739.30300000,310974.42210000,0
1633122180000,421.00000000,421.20000000,419.50000000,420.80000000,2775.87700000,1633122359999,1167047.61230000,1412,1497.68300000,629989.72070000,0
1633122360000,420.90000000,421.60000000,420.60000000,421.20000000,2457.53900000,1633122539999,1034959.82890000,1615,1406.17700000,592241.72520000,0
1633122540000,421.10000000,421.70000000,421.10000000,421.50000000,1103.09500000,1633122719999,464795.46400000,1012,588.00300000,247768.68890000,0
1633122720000,421.40000000,421.90000000,421.40000000,421.70000000,928.34800000,1633122899999,391409.34490000,1095,388.93500000,163990.02890000,0
1633122900000,421.70000000,422.40000000,421.70000000,422.00000000,2845.39300000,1633123079999,1201059.63830000,2324,1410.34800000,595312.93640000,0
1633123080000,422.00000000,423.30000000,421.90000000,423.30000000,2788.71300000,1633123259999,1178973.96990000,2319,1631.54800000,689604.75910000,0
1633123260000,423.20000000,423.40000000,422.50000000,423.00000000,2019.41700000,1633123439999,854318.67530000,1970,1111.89300000,470442.98230000,0
1633123440000,423.10000000,423.40000000,422.90000000,423.10000000,1251.90200000,1633123619999,529716.93400000,1302,536.94900000,227228.11110000,0
1633123620000,423.20000000,423.20000000,422.90000000,423.10000000,1131.80200000,1633123799999,478818.25530000,1119,592.45200000,250672.01670000,0
1633123800000,423.10000000,423.10000000,421.50000000,421.70000000,3294.73900000,1633123979999,1390986.11910000,3321,1860.66100000,785430.30200000,0
1633123980000,421.70000000,421.70000000,421.00000000,421.00000000,1224.33200000,1633124159999,515928.77650000,1331,595.11000000,250807.18450000,0
1633124160000,421.00000000,421.30000000,420.70000000,421.00000000,1396.28100000,1633124339999,587877.03830000,1186,597.15600000,251464.63890000,0
1633124340000,421.20000000,421.40000000,420.90000000,421.30000000,1159.60100000,1633124519999,488395.72730000,1042,501.49100000,211255.16300000,0
1633124520000,421.20000000,421.50000000,421.20000000,421.20000000,1256.05800000,1633124699999,529144.44530000,927,454.61900000,191555.15060000,0
1633124700000,421.30000000,422.00000000,421.20000000,421.60000000,1735.90000000,1633124879999,731708.21440000,1460,1018.27300000,429264.56520000,0
1633124880000,421.50000000,421.60000000,421.00000000,421.10000000,1392.46800000,1633125059999,586577.97030000,975,374.98600000,157992.21730000,0
1633125060000,421.10000000,421.30000000,420.90000000,421.20000000,1351.18900000,1633125239999,568926.87080000,1067,690.95900000,290952.25790000,0
1633125240000,421.10000000,421.70000000,420.70000000,421.00000000,2072.08100000,1633125419999,872670.97170000,1119,1150.88200000,484754.43100000,0
1633125420000,420.90000000,421.60000000,420.90000000,421.50000000,1353.00000000,1633125599999,569995.59150000,953,890.16900000,375027.98430000,0
1633125600000,421.50000000,421.70000000,420.50000000,420.70000000,1352.59500000,1633125779999,569575.61040000,1114,581.36100000,244797.02110000,0
1633125780000,420.70000000,421.40000000,420.40000000,421.40000000,1273.63900000,1633125959999,536200.44320000,1216,774.24100000,325964.74240000,0
1633125960000,421.40000000,422.50000000,421.20000000,422.30000000,2345.72300000,1633126139999,989826.50500000,1500,1339.61100000,565254.52720000,0
1633126140000,422.40000000,422.50000000,421.70000000,421.90000000,1168.53700000,1633126319999,493173.78300000,972,490.27900000,206947.24930000,0
1633126320000,422.00000000,422.40000000,421.20000000,421.70000000,1038.62800000,1633126499999,438154.19950000,881,505.67300000,213301.72810000,0
1633126500000,421.70000000,422.60000000,421.70000000,422.30000000,1398.34200000,1633126679999,590529.42120000,991,751.24900000,317255.34490000,0
1633126680000,422.20000000,422.40000000,421.70000000,421.80000000,790.68100000,1633126859999,333728.35090000,849,321.60400000,135766.00890000,0
1633126860000,421.80000000,422.10000000,421.50000000,422.00000000,811.01200000,1633127039999,342048.14480000,763,432.34800000,182356.66020000,0
1633127040000,422.00000000,422.10000000,420.00000000,420.10000000,1601.52400000,1633127219999,674433.49440000,1250,651.97600000,274719.66400000,0
1633127220000,420.10000000,420.10000000,419.10000000,419.20000000,1993.93900000,1633127399999,836406.29580000,1606,997.23100000,418372.23120000,0
1633127400000,419.30000000,419.60000000,418.20000000,418.30000000,1886.51600000,1633127579999,790331.94650000,1665,806.18100000,337772.26560000,0
1633127580000,418.40000000,418.50000000,416.80000000,417.20000000,4444.42000000,1633127759999,1855447.77790000,2705,1684.80700000,703336.16340000,0
1633127760000,417.10000000,417.30000000,415.60000000,415.90000000,4368.65400000,1633127939999,1818720.87120000,2292,1909.02700000,794974.52350000,0
1633127940000,415.90000000,416.00000000,414.60000000,414.90000000,5312.49200000,1633128119999,2206072.13400000,2957,2117.56700000,879281.54650000,0
1633128120000,414.90000000,415.40000000,413.80000000,415.10000000,3627.13700000,1633128299999,1503565.36930000,2361,1837.31400000,761761.43210000,0
1633128300000,415.10000000,416.60000000,415.00000000,416.30000000,2326.81900000,1633128479999,967940.65380000,1768,1128.32800000,469425.16310000,0
1633128480000,416.20000000,416.90000000,415.40000000,416.50000000,2252.64700000,1633128659999,937394.30720000,1190,1194.59200000,496989.55640000,0
1633128660000,416.50000000,417.40000000,416.40000000,417.00000000,1736.65600000,1633128839999,724293.90900000,900,844.90500000,352337.42510000,0
1633128840000,417.00000000,417.50000000,416.40000000,416.90000000,2153.59100000,1633129019999,898123.78210000,943,699.35400000,291498.89330000,0
1633129020000,416.90000000,417.10000000,415.70000000,416.00000000,971.66100000,1633129199999,404590.47460000,794,619.90000000,258164.56200000,0
1633129200000,416.10000000,416.90000000,415.60000000,415.80000000,912.72700000,1633129379999,380110.48180000,843,513.45100000,213839.11450000,0
1633129380000,415.80000000,418.00000000,415.70000000,417.20000000,1944.05900000,1633129559999,811078.36270000,1274,1019.77000000,425501.48820000,0
1633129560000,417.30000000,418.30000000,416.80000000,417.90000000,1784.76200000,1633129739999,745415.42030000,1089,808.67100000,337718.88190000,0
1633129740000,417.90000000,418.60000000,417.80000000,418.40000000,1274.75400000,1633129919999,533070.83870000,987,606.04100000,253420.89550000,0
1633129920000,418.40000000,418.90000000,417.70000000,417.70000000,1776.77300000,1633130099999,743146.46320000,994,698.83400000,292320.82510000,0
1633130100000,417.80000000,418.50000000,417.70000000,418.20000000,937.33300000,1633130279999,391909.82110000,853,474.16200000,198263.42770000,0
1633130280000,418.10000000,418.90000000,418.00000000,418.50000000,1316.75200000,1633130459999,550872.61180000,970,441.75900000,184843.69550000,0
1633130460000,418.60000000,419.60000000,418.40000000,419.00000000,1705.55000000,1633130639999,714800.00660000,1282,1035.60200000,434066.33910000,0
1633130640000,418.90000000,419.80000000,418.90000000,419.20000000,1370.76500000,1633130819999,574928.15720000,959,763.35200000,320200.47380000,0
1633130820000,419.20000000,419.60000000,419.10000000,419.40000000,714.26700000,1633130999999,299486.53090000,794,312.51400000,131049.71400000,0
1633131000000,419.40000000,419.80000000,419.00000000,419.10000000,1315.76000000,1633131179999,551631.16010000,868,909.29500000,381228.59220000,0
1633131180000,419.00000000,420.00000000,418.80000000,419.80000000,1797.64300000,1633131359999,753863.08650000,1081,942.43200000,395215.96800000,0
1633131360000,419.90000000,420.20000000,419.70000000,419.90000000,1280.47300000,1633131539999,537782.69710000,970,438.56800000,184220.77080000,0
1633131540000,419.90000000,420.20000000,419.60000000,419.90000000,1484.29300000,1633131719999,623203.46820000,928,698.62300000,293317.98660000,0
1633131720000,419.80000000,420.70000000,419.80000000,420.00000000,1680.63200000,1633131899999,706418.74370000,1126,723.40800000,304059.89590000,0
1633131900000,420.10000000,420.80000000,419.90000000,420.60000000,731.24600000,1633132079999,307381.09560000,820,354.85100000,149174.56390000,0
1633132080000,420.70000000,421.10000000,420.30000000,420.90000000,1181.43600000,1633132259999,497165.56270000,960,673.25600000,283317.36540000,0
1633132260000,421.00000000,421.40000000,420.70000000,421.30000000,1112.16800000,1633132439999,468253.16570000,958,584.99300000,246299.70050000,0
1633132440000,421.30000000,421.80000000,420.90000000,421.60000000,1861.49900000,1633132619999,784276.06550000,1127,536.77100000,226213.36250000,0
1633132620000,421.70000000,422.00000000,421.30000000,421.50000000,1364.31600000,1633132799999,575292.55200000,1100,920.11500000,387987.87560000,0
