1623888000000,39.73000000,39.81100000,39.56600000,39.65900000,18067.34000000,1623888179999,717443.61961800,908,8373.65800000,332673.08383800,0
1623888180000,39.67200000,39.68400000,39.44400000,39.62900000,6765.01600000,1623888359999,267622.49756800,661,3141.03200000,124320.61609400,0
1623888360000,39.62300000,39.91800000,39.54600000,39.87500000,7299.09800000,1623888539999,290357.32283200,930,4252.35300000,169209.11637900,0
1623888540000,39.87400000,40.15800000,39.83100000,40.11600000,17450.26300000,1623888719999,697552.53707200,1951,11499.96400000,459714.36528600,0
1623888720000,40.10200000,40.19700000,40.00000000,40.18600000,12515.88100000,1623888899999,502268.09428900,1148,9367.56200000,375923.79300300,0
1623888900000,40.19600000,40.30000000,39.92000000,40.01400000,25950.18800000,1623889079999,1041052.95926400,2150,9764.34300000,392665.83965600,0
1623889080000,40.03300000,40.03300000,39.66100000,39.69200000,6245.77000000,1623889259999,248855.93080000,988,2868.06000000,114333.56230500,0
1623889260000,39.68700000,39.79300000,39.63900000,39.65000000,3752.60700000,1623889439999,149033.52654200,336,2628.76700000,104413.25215200,0
1623889440000,39.63800000,39.81300000,39.59900000,39.64600000,7372.38400000,1623889619999,292641.75513200,461,3346.84300000,132883.59626400,0
1623889620000,39.65200000,39.77600000,39.65200000,39.77000000,3493.19200000,1623889799999,138777.81163500,312,2127.52600000,84524.41662500,0
1623889800000,39.77700000,40.02900000,39.77700000,39.98200000,11154.19200000,1623889979999,445241.29347000,800,5517.91200000,220319.72775300,0
1623889980000,39.98200000,40.09000000,39.91400000,40.07200000,3312.16400000,1623890159999,132522.20335700,339,2222.45800000,88919.74952300,0
1623890160000,40.04600000,40.15300000,40.00700000,40.06500000,6702.96400000,1623890339999,268709.69733200,400,2846.69100000,114117.79962100,0
1623890340000,40.09500000,40.19900000,40.07300000,40.15200000,3665.25100000,1623890519999,147105.37379200,326,2190.75400000,87946.13291800,0
1623890520000,40.15300000,40.24300000,40.09800000,40.11400000,5662.94500000,1623890699999,227430.56551300,365,2599.36500000,104437.30157300,0
1623890700000,40.11800000,40.14600000,39.90400000,39.91500000,3520.58200000,1623890879999,140887.72863900,335,1858.40700000,74366.95478800,0
1623890880000,39.92300000,40.04600000,39.91500000,39.97700000,1335.51900000,1623891059999,53379.34053800,128,658.78800000,26330.60198300,0
1623891060000,39.98700000,40.09200000,39.96500000,40.00800000,2481.60900000,1623891239999,99272.35717900,186,778.42800000,31154.00207500,0
1623891240000,39.98000000,40.07000000,39.95400000,40.07000000,2141.60200000,1623891419999,85667.11946700,137,1011.28200000,40452.36795500,0
1623891420000,40.07000000,40.09800000,40.00200000,40.05500000,1826.47300000,1623891599999,73171.00018100,133,741.47100000,29708.49270400,0
1623891600000,40.07800000,40.27500000,40.02100000,40.25200000,22146.25700000,1623891779999,890121.69840700,803,10764.29600000,432534.26797700,0
1623891780000,40.25200000,40.32600000,40.20000000,40.32300000,4116.81900000,1623891959999,165727.71763400,389,2610.23700000,105107.36797700,0
1623891960000,40.32300000,40.44400000,40.24800000,40.42500000,25373.24800000,1623892139999,1024844.28363600,1131,10933.42300000,441302.47108800,0
1623892140000,40.42700000,40.48900000,40.35000000,40.41400000,10571.33300000,1623892319999,427407.67377000,631,4791.88000000,193774.28100700,0
1623892320000,40.41400000,40.44500000,40.30000000,40.33900000,7893.06700000,1623892499999,318776.64751400,549,1806.87400000,72932.24950800,0
1623892500000,40.33900000,40.45900000,40.31000000,40.45200000,7601.76600000,1623892679999,307059.89892800,346,5957.46200000,240635.78622700,0
1623892680000,40.43300000,40.50000000,40.40000000,40.48000000,6990.11800000,1623892859999,282883.38308100,337,4432.09800000,179418.19043400,0
1623892860000,40.45900000,40.48000000,40.34300000,40.44800000,3904.18300000,1623893039999,157799.66964900,206,1597.10300000,64538.34526400,0
1623893040000,40.44800000,40.45800000,40.34300000,40.42500000,2368.84500000,1623893219999,95709.29467200,130,1253.05800000,50646.01850900,0
1623893220000,40.41600000,40.43600000,40.32500000,40.37000000,3049.96200000,1623893399999,123196.71335100,159,1112.84700000,44964.17807500,0
1623893400000,40.36900000,40.39700000,40.20700000,40.20700000,4212.95200000,1623893579999,169774.22411600,316,1309.80600000,52784.55247400,0
1623893580000,40.22600000,40.27000000,40.15100000,40.20800000,4276.71200000,1623893759999,171967.54765600,317,2437.62300000,98046.77023200,0
1623893760000,40.21100000,40.31300000,40.19300000,40.20100000,1393.99700000,1623893939999,56109.02183400,115,695.03700000,27980.89747800,0
1623893940000,40.20200000,40.27300000,40.11100000,40.15000000,2529.71600000,1623894119999,101653.31180100,176,627.35500000,25204.99217100,0
1623894120000,40.14900000,40.20000000,40.11200000,40.14700000,1667.47100000,1623894299999,66933.30002900,137,898.58900000,36067.90428100,0
1623894300000,40.15800000,40.32900000,40.15300000,40.19800000,4097.01000000,1623894479999,164959.76928800,220,1660.14000000,66844.73162800,0
1623894480000,40.19500000,40.26700000,40.17700000,40.20400000,2503.41000000,1623894659999,100654.80115500,131,865.43500000,34809.80523000,0
1623894660000,40.22100000,40.28600000,40.16900000,40.16900000,2629.66500000,1623894839999,105803.69095000,138,1436.45000000,57804.93343400,0
1623894840000,40.17200000,40.24000000,40.06900000,40.19700000,8540.30900000,1623895019999,342954.31648300,279,4399.73300000,176782.38861800,0
1623895020000,40.15500000,40.16700000,40.01500000,40.05200000,4457.74700000,1623895199999,178674.28744600,320,1011.76500000,40562.23324300,0
1623895200000,40.04100000,40.08000000,39.93300000,39.95700000,4779.94100000,1623895379999,191179.80886400,429,2011.10000000,80417.17542900,0
1623895380000,39.93900000,39.99900000,39.90400000,39.94800000,2752.23700000,1623895559999,109951.27065100,245,1151.84900000,46013.49165400,0
1623895560000,39.95400000,40.18400000,39.95400000,40.17400000,7072.26500000,1623895739999,283481.49073200,394,5744.23900000,230277.55449000,0
1623895740000,40.16700000,40.25000000,40.13500000,40.22200000,3826.30700000,1623895919999,153857.57864900,326,2702.99800000,108700.51511400,0
1623895920000,40.22200000,40.25000000,40.20000000,40.24700000,3205.84300000,1623896099999,129010.50622400,152,2385.78400000,96017.17330900,0
1623896100000,40.24200000,40.35000000,40.20500000,40.29500000,3119.33200000,1623896279999,125603.94347500,329,1802.88400000,72579.97348900,0
1623896280000,40.31600000,40.45000000,40.31600000,40.38600000,4107.75500000,1623896459999,165909.86903900,527,2589.38300000,104587.16654500,0
1623896460000,40.38400000,40.39500000,40.31000000,40.32100000,1719.39300000,1623896639999,69387.62554400,141,881.02100000,35560.55960400,0
1623896640000,40.32700000,40.39400000,40.31200000,40.33600000,2218.13300000,1623896819999,89484.56668000,154,1362.56400000,54961.60958100,0
1623896820000,40.34000000,40.46900000,40.34000000,40.42000000,4828.17500000,1623896999999,195023.98455200,293,3805.60900000,153698.88615400,0
1623897000000,40.41000000,40.55300000,40.37400000,40.52000000,8002.64000000,1623897179999,323955.19273600,733,5511.66900000,223144.44532900,0
1623897180000,40.51800000,40.56400000,40.36100000,40.38500000,19373.94600000,1623897359999,783833.49336900,1023,13102.55900000,530152.37547300,0
1623897360000,40.37800000,40.40000000,40.27700000,40.35500000,2371.06100000,1623897539999,95676.73502300,272,1077.09800000,43473.57636500,0
1623897540000,40.35300000,40.40000000,40.19500000,40.26700000,7019.66500000,1623897719999,282726.02330400,381,1517.02500000,61144.41643500,0
1623897720000,40.27000000,40.30000000,40.22800000,40.27700000,2058.41700000,1623897899999,82884.06618400,156,783.86000000,31566.97294900,0
1623897900000,40.27700000,40.34300000,40.22000000,40.24900000,2445.62200000,1623898079999,98545.93661700,218,1676.77600000,67573.12993900,0
1623898080000,40.23800000,40.32300000,40.18700000,40.29100000,3023.92200000,1623898259999,121705.17474400,267,1321.48400000,53200.54254300,0
1623898260000,40.28700000,40.35000000,40.25000000,40.35000000,2436.91400000,1623898439999,98218.85924000,171,1389.40000000,56003.07576100,0
1623898440000,40.33200000,40.34500000,40.21100000,40.25500000,1497.02300000,1623898619999,60319.39520600,174,653.32000000,26326.00010200,0
1623898620000,40.26800000,40.28800000,40.16300000,40.19400000,3254.39700000,1623898799999,130828.15076500,210,1087.83600000,43731.61347500,0
1623898800000,40.17800000,40.23300000,40.05300000,40.21400000,6117.46900000,1623898979999,245428.38811300,607,4215.91700000,169118.17962600,0
1623898980000,40.20900000,40.24800000,40.10400000,40.23100000,3044.42900000,1623899159999,122398.71499900,251,1947.10000000,78290.16931100,0
1623899160000,40.24000000,40.32200000,40.18700000,40.21000000,8527.43900000,1623899339999,343446.05304100,334,3770.15400000,151828.89600200,0
1623899340000,40.21000000,40.27900000,40.17500000,40.26700000,3534.94100000,1623899519999,142157.81360000,288,1807.81600000,72705.41062700,0
1623899520000,40.25900000,40.29200000,40.20000000,40.26300000,8518.94700000,1623899699999,342869.14752000,322,5909.88300000,237848.48014500,0
1623899700000,40.26300000,40.37500000,40.24000000,40.35600000,9842.64000000,1623899879999,396819.97109900,433,7522.54300000,303332.56636900,0
1623899880000,40.36200000,40.37500000,40.18300000,40.19000000,2291.68300000,1623900059999,92327.00824900,263,585.68300000,23602.56574400,0
1623900060000,40.19000000,40.20400000,40.08700000,40.14200000,3855.12800000,1623900239999,154782.06164700,496,2225.22900000,89370.11962000,0
1623900240000,40.14500000,40.37000000,40.14300000,40.35100000,5609.11800000,1623900419999,225781.84996300,375,4374.63600000,176091.39478000,0
1623900420000,40.33900000,40.42100000,40.31000000,40.36900000,2971.82900000,1623900599999,120018.11923300,268,1920.25600000,77561.05801500,0
1623900600000,40.37500000,40.40000000,40.34600000,40.36000000,5858.19400000,1623900779999,236535.19543900,258,3557.51400000,143677.75062900,0
1623900780000,40.36600000,40.36600000,40.20200000,40.31000000,4394.24400000,1623900959999,176949.63881300,268,1661.94100000,66904.67431200,0
1623900960000,40.27400000,40.34700000,40.21500000,40.33300000,3909.44900000,1623901139999,157362.05669100,301,2070.08000000,83321.36595000,0
1623901140000,40.34500000,40.38600000,40.33800000,40.38600000,2015.09200000,1623901319999,81325.02416200,161,1008.61600000,40704.86507500,0
1623901320000,40.38800000,40.40000000,40.32400000,40.36000000,3791.58300000,1623901499999,153045.50418800,219,2252.98400000,90939.30755500,0
1623901500000,40.36800000,40.36800000,40.21700000,40.32700000,3846.15900000,1623901679999,155058.67213200,186,1253.84600000,50523.53193400,0
1623901680000,40.31100000,40.35800000,40.28200000,40.31300000,2061.17700000,1623901859999,83103.71231600,147,404.40100000,16305.70288900,0
1623901860000,40.33400000,40.35800000,40.21400000,40.21600000,2952.21100000,1623902039999,118934.96020900,180,893.68100000,36006.89765600,0
1623902040000,40.22100000,40.30000000,40.21800000,40.28400000,1014.22500000,1623902219999,40829.21595400,114,699.51900000,28160.81629000,0
1623902220000,40.27800000,40.31400000,40.25100000,40.29100000,1230.51600000,1623902399999,49558.14310100,118,595.62900000,23987.67378800,0
1623902400000,40.29800000,40.38100000,40.29300000,40.32200000,4529.92000000,1623902579999,182704.57036600,283,2701.80600000,108992.70466200,0
1623902580000,40.32400000,40.38000000,40.28300000,40.37900000,1521.25300000,1623902759999,61352.25477200,159,896.97100000,36179.52654200,0
1623902760000,40.37500000,40.44700000,40.31700000,40.43000000,4318.71700000,1623902939999,174468.72118000,296,2623.62400000,105986.00932700,0
1623902940000,40.43400000,40.47100000,40.33300000,40.35600000,3607.74900000,1623903119999,145758.22005600,256,1978.84800000,79952.37469200,0
1623903120000,40.33600000,40.36500000,40.27500000,40.31300000,3308.96200000,1623903299999,133401.05548900,191,1443.61100000,58192.34304200,0
1623903300000,40.33000000,40.35200000,40.14400000,40.25200000,11105.90300000,1623903479999,446673.97843100,426,6518.58800000,262110.09039200,0
1623903480000,40.25900000,40.28700000,40.17300000,40.18800000,1945.94800000,1623903659999,78264.58802900,178,291.56800000,11730.41969600,0
1623903660000,40.18000000,40.23100000,40.14100000,40.19100000,2066.16000000,1623903839999,83047.33790000,168,935.45200000,37606.18169000,0
1623903840000,40.19600000,40.23000000,40.18500000,40.20800000,1525.94300000,1623904019999,61356.92844200,129,679.26200000,27314.32830800,0
1623904020000,40.21200000,40.21800000,40.17900000,40.17900000,1012.24700000,1623904199999,40694.32218700,109,282.93800000,11376.50426100,0
1623904200000,40.17900000,40.21600000,40.16300000,40.17300000,1167.46800000,1623904379999,46916.77081700,138,524.47300000,21075.92805400,0
1623904380000,40.17100000,40.20000000,40.10000000,40.17800000,3232.33600000,1623904559999,129789.77134000,311,1292.04900000,51893.18449100,0
1623904560000,40.18500000,40.26700000,40.13100000,40.18800000,3078.25400000,1623904739999,123776.11982700,215,1207.21400000,48538.66954300,0
1623904740000,40.19300000,40.23800000,39.93100000,39.98500000,12907.11700000,1623904919999,516776.15093700,1765,1899.49800000,76068.19259000,0
1623904920000,39.98800000,39.98900000,39.81000000,39.83800000,5724.77200000,1623905099999,228325.33696100,713,2188.78500000,87328.96008000,0
1623905100000,39.83500000,39.95400000,39.80300000,39.90200000,3263.67200000,1623905279999,130136.88808800,346,1953.29200000,77882.60258100,0
1623905280000,39.91800000,40.03300000,39.90900000,40.03100000,2819.19600000,1623905459999,112663.32705800,241,2158.12100000,86251.20368100,0
1623905460000,40.03100000,40.05000000,39.91700000,39.92000000,5204.27500000,1623905639999,208180.67785500,243,864.12800000,34576.89628900,0
1623905640000,39.92800000,40.00200000,39.91900000,39.93100000,3431.94100000,1623905819999,137165.33367700,246,937.42800000,37469.56431600,0
1623905820000,39.92200000,39.98300000,39.87300000,39.96700000,2953.28300000,1623905999999,117893.02653600,191,1345.10300000,53710.69679800,0
1623906000000,39.94700000,40.04300000,39.94700000,40.00000000,2244.91100000,1623906179999,89787.58007600,243,1260.17000000,50399.38226100,0
1623906180000,39.97700000,39.98800000,39.89400000,39.91200000,6129.98500000,1623906359999,244893.23475500,347,2313.57000000,92421.85689900,0
1623906360000,39.91300000,39.94600000,39.85500000,39.90900000,2819.85800000,1623906539999,112543.15241700,275,1221.22900000,48747.34491500,0
1623906540000,39.91700000,39.99100000,39.89100000,39.98900000,2376.44900000,1623906719999,94941.11853500,196,1560.01100000,62324.31645100,0
1623906720000,39.98100000,40.12400000,39.97100000,40.09700000,4796.70900000,1623906899999,192130.78061400,335,2992.79700000,119871.77167400,0
1623906900000,40.11700000,40.24100000,40.11300000,40.24100000,3070.77200000,1623907079999,123367.28738900,402,2197.52900000,88287.78408500,0
1623907080000,40.20800000,40.21100000,40.04700000,40.18500000,2887.17000000,1623907259999,115845.59927100,274,1208.68500000,48516.59209300,0
1623907260000,40.17700000,40.17900000,40.04400000,40.07000000,3660.26700000,1623907439999,146741.34951000,297,1286.95200000,51598.37575500,0
1623907440000,40.06800000,40.10900000,40.02200000,40.09400000,3169.51900000,1623907619999,127005.79317000,326,1615.77400000,64758.10551700,0
1623907620000,40.10000000,40.16700000,40.05800000,40.05800000,3813.40000000,1623907799999,152985.42501100,310,2240.22700000,89897.26638600,0
1623907800000,40.06800000,40.21700000,40.05800000,40.20500000,4126.32800000,1623907979999,165667.82141000,248,1946.85800000,78163.71687900,0
1623907980000,40.21400000,40.24000000,40.14800000,40.19300000,4322.43400000,1623908159999,173783.26241300,253,1552.04000000,62401.71694500,0
1623908160000,40.20000000,40.25000000,40.20000000,40.25000000,3644.38100000,1623908339999,146608.75162300,285,2099.51800000,84466.94854000,0
1623908340000,40.24500000,40.25000000,40.03100000,40.04300000,2447.29200000,1623908519999,98302.50815600,244,1019.11200000,40932.77917800,0
1623908520000,40.04000000,40.22200000,40.02800000,40.20400000,3594.55300000,1623908699999,144293.51368300,243,2289.87400000,91957.71563600,0
1623908700000,40.22000000,40.25000000,40.16700000,40.20300000,3897.66800000,1623908879999,156750.62427200,197,3291.27000000,132376.58014900,0
1623908880000,40.20000000,40.25400000,40.16300000,40.20400000,4841.61100000,1623909059999,194760.55370600,267,2504.71900000,100765.57518400,0
1623909060000,40.23000000,40.26500000,40.17100000,40.18400000,2038.65800000,1623909239999,82020.57285400,187,882.86700000,35524.64663000,0
1623909240000,40.22500000,40.24100000,40.13600000,40.19200000,2282.91000000,1623909419999,91765.05535900,203,1514.44900000,60876.83455600,0
1623909420000,40.19200000,40.21900000,40.03000000,40.04200000,3045.55100000,1623909599999,122289.28915600,306,1238.11900000,49747.59602200,0
1623909600000,40.06100000,40.17100000,40.05600000,40.09500000,3806.02700000,1623909779999,152694.28919900,363,2053.99400000,82389.71072600,0
1623909780000,40.09000000,40.17100000,40.04000000,40.15200000,2963.19200000,1623909959999,118782.56822900,292,1639.49400000,65732.10014900,0
1623909960000,40.15400000,40.23000000,40.08000000,40.20700000,5548.59000000,1623910139999,222846.39200400,364,4681.62800000,188032.97498000,0
1623910140000,40.20800000,40.27900000,40.17600000,40.23600000,5229.12900000,1623910319999,210418.17904600,371,3216.38100000,129424.94715700,0
1623910320000,40.24000000,40.31700000,40.20800000,40.25500000,4370.44100000,1623910499999,176008.96727900,366,2232.89600000,89935.96558000,0
1623910500000,40.24400000,40.35800000,40.23300000,40.33800000,3565.97000000,1623910679999,143702.30057100,445,1770.18300000,71332.42723200,0
1623910680000,40.34200000,40.43000000,40.31100000,40.36900000,8358.84100000,1623910859999,337518.47539800,701,2847.81900000,114983.57775600,0
1623910860000,40.37000000,40.60000000,40.36900000,40.55100000,17692.24000000,1623911039999,717294.15264000,1321,11844.94100000,480263.80552800,0
1623911040000,40.55400000,40.72700000,40.55000000,40.72000000,17486.83400000,1623911219999,710590.30981900,2354,9352.11800000,380107.25359200,0
1623911220000,40.70500000,40.75000000,40.62800000,40.74800000,16715.81700000,1623911399999,680786.05823600,801,12199.53700000,496902.35640600,0
1623911400000,40.74200000,40.75000000,40.54800000,40.59300000,12601.54100000,1623911579999,511803.89402200,1217,4044.48900000,164238.97080400,0
1623911580000,40.60500000,40.68300000,40.59600000,40.66000000,4749.47000000,1623911759999,193031.79438800,463,3006.50800000,122197.43996800,0
1623911760000,40.65800000,40.73700000,40.62100000,40.71600000,4635.40500000,1623911939999,188645.78030100,548,2396.95700000,97563.29125600,0
1623911940000,40.70900000,40.75000000,40.65300000,40.70100000,4836.87300000,1623912119999,196864.42072400,372,2831.76900000,115284.86400300,0
1623912120000,40.70800000,40.93800000,40.70200000,40.91500000,18240.60900000,1623912299999,744696.16013900,2328,12623.80100000,515306.53383000,0
1623912300000,40.91500000,40.95000000,40.73800000,40.76000000,9085.87300000,1623912479999,371246.60450300,911,3910.02000000,159793.03580600,0
1623912480000,40.75300000,40.80300000,40.74800000,40.79100000,3961.05700000,1623912659999,161541.70628100,344,2246.38000000,91614.38004100,0
1623912660000,40.79100000,40.82800000,40.75300000,40.76900000,6796.00900000,1623912839999,277228.74148900,393,2552.62800000,104141.99185600,0
1623912840000,40.76400000,40.82300000,40.71900000,40.73200000,4623.17300000,1623913019999,188490.45941300,418,1850.15600000,75449.06162600,0
1623913020000,40.74500000,40.77900000,40.64200000,40.67300000,5673.13000000,1623913199999,230915.12718000,520,2983.29600000,121448.64820300,0
1623913200000,40.67200000,40.80000000,40.66700000,40.79700000,6744.69200000,1623913379999,274754.09174400,568,4043.88400000,164739.05124100,0
1623913380000,40.79700000,40.80000000,40.69300000,40.79700000,4348.42700000,1623913559999,177170.81021300,351,2439.32600000,99383.01571100,0
1623913560000,40.79200000,40.89900000,40.67800000,40.80600000,5579.75100000,1623913739999,227666.35326300,490,3082.66300000,125781.52634200,0
1623913740000,40.82300000,40.98100000,40.82300000,40.96700000,17524.97000000,1623913919999,717052.06054100,849,10289.67000000,421027.41096800,0
1623913920000,40.96800000,41.01200000,40.95400000,41.00900000,15480.27600000,1623914099999,634527.54360900,1037,9527.19300000,390574.27701000,0
1623914100000,41.00800000,41.04200000,40.92800000,40.97300000,14849.50700000,1623914279999,608808.28603700,1010,3794.27500000,155524.87672900,0
1623914280000,40.97200000,41.00000000,40.92400000,40.95700000,6714.37700000,1623914459999,275057.11281900,400,3276.82900000,134271.17418400,0
1623914460000,40.94600000,40.96300000,40.92400000,40.94100000,3108.40600000,1623914639999,127268.62880600,264,1968.69000000,80611.70147600,0
1623914640000,40.94400000,40.97400000,40.90900000,40.96600000,3639.35000000,1623914819999,148999.93402000,449,1531.53400000,62711.42986400,0
1623914820000,40.95800000,40.97700000,40.73600000,40.86500000,19528.23100000,1623914999999,797903.07558100,931,7480.89100000,305753.72665600,0
1623915000000,40.86300000,40.93000000,40.83800000,40.92600000,5593.77200000,1623915179999,228585.05591900,358,3931.39000000,160663.20225600,0
1623915180000,40.92400000,41.00000000,40.90000000,40.97100000,5803.23600000,1623915359999,237701.38545100,405,2978.81300000,122012.47079400,0
1623915360000,40.98300000,41.02000000,40.97100000,40.98000000,6095.32100000,1623915539999,249901.64857100,405,2395.98000000,98234.30724100,0
1623915540000,40.98000000,41.04400000,40.95000000,40.95700000,9545.38800000,1623915719999,391429.61416800,592,4537.77900000,186124.78801700,0
1623915720000,40.95800000,40.98900000,40.90500000,40.95500000,3332.24100000,1623915899999,136423.19302000,340,1652.96200000,67677.64148100,0
1623915900000,40.94100000,40.98800000,40.84100000,40.97000000,10911.00400000,1623916079999,446636.43829900,697,6879.68500000,281661.48263900,0
1623916080000,40.96500000,41.01000000,40.90500000,40.96000000,7535.14300000,1623916259999,308736.12689200,522,5048.36500000,206858.93312400,0
1623916260000,40.98000000,41.02900000,40.96000000,40.98900000,5414.84900000,1623916439999,221974.86246300,443,3275.54300000,134290.33483200,0
1623916440000,40.99300000,41.03000000,40.98400000,41.03000000,3267.89300000,1623916619999,134012.02702700,301,1626.71500000,66713.38672300,0
1623916620000,41.02100000,41.04400000,40.98100000,41.00500000,6824.91900000,1623916799999,279910.96394000,407,4142.87700000,169936.98163800,0
1623916800000,41.00600000,41.06800000,40.98800000,40.99900000,6943.91300000,1623916979999,284894.65558700,545,2988.89300000,122659.65305500,0
1623916980000,41.01900000,41.03200000,40.69000000,40.69000000,7867.14800000,1623917159999,321480.97603000,916,3458.13800000,141351.56907400,0
1623917160000,40.71100000,40.79000000,40.59600000,40.70000000,7370.15100000,1623917339999,299860.59364800,707,2728.37900000,111054.37593000,0
1623917340000,40.70000000,40.74500000,40.61000000,40.65500000,4592.15900000,1623917519999,186796.63065700,397,2526.61000000,102763.13175500,0
1623917520000,40.65600000,40.79100000,40.64100000,40.72300000,4727.59800000,1623917699999,192553.16617100,346,2901.79700000,118189.37093100,0
1623917700000,40.72300000,40.78400000,40.66200000,40.77000000,5700.21700000,1623917879999,232025.30137500,281,3991.57600000,162471.03093100,0
1623917880000,40.77500000,40.82500000,40.73000000,40.74100000,3383.09700000,1623918059999,138021.46753600,314,1073.28700000,43791.77701600,0
1623918060000,40.73800000,40.81700000,40.68000000,40.81700000,5232.51700000,1623918239999,213067.50365500,240,1475.38800000,60101.44284800,0
1623918240000,40.80900000,40.91800000,40.78400000,40.83700000,6385.01300000,1623918419999,260866.12326200,410,3260.05900000,133155.57309200,0
1623918420000,40.83700000,40.92000000,40.78000000,40.90800000,7498.42900000,1623918599999,306378.65237300,364,4604.67000000,188217.61958600,0
1623918600000,40.90600000,41.00000000,40.89700000,40.90700000,5923.48600000,1623918779999,242629.15755400,385,2308.18000000,94556.45628200,0
1623918780000,40.92900000,40.92900000,40.70000000,40.72400000,6936.54100000,1623918959999,282977.35834700,472,2669.05700000,108941.65139600,0
1623918960000,40.73500000,40.88400000,40.72500000,40.78100000,7055.25500000,1623919139999,287703.15820600,292,5679.82800000,231534.38519200,0
1623919140000,40.78100000,40.84700000,40.69500000,40.69500000,5219.07300000,1623919319999,212697.87768300,289,2442.05100000,99549.75557700,0
1623919320000,40.71500000,40.78200000,40.69500000,40.72300000,3302.32900000,1623919499999,134540.96701700,245,1717.14800000,69965.28319700,0
1623919500000,40.73500000,40.74700000,40.54600000,40.57900000,8626.26900000,1623919679999,350660.14344500,596,2724.77900000,110791.22783400,0
1623919680000,40.58500000,40.60000000,40.41400000,40.49100000,18001.49300000,1623919859999,728941.13359500,907,8400.72900000,340187.62168100,0
1623919860000,40.49900000,40.64300000,40.49200000,40.61600000,3811.19100000,1623920039999,154580.45136200,313,2583.39800000,104798.10556200,0
1623920040000,40.62300000,40.72300000,40.53700000,40.72100000,4921.92100000,1623920219999,199967.68452300,386,1934.11100000,78600.51108500,0
1623920220000,40.72500000,40.73000000,40.62700000,40.65600000,3666.77900000,1623920399999,149113.61441100,264,2179.53000000,88630.74946900,0
1623920400000,40.67000000,40.87900000,40.67000000,40.80100000,8732.92900000,1623920579999,356405.20701600,617,3706.16700000,151271.57136500,0
1623920580000,40.79300000,40.85800000,40.71300000,40.78200000,3449.45900000,1623920759999,140654.70895500,261,1141.57700000,46549.06701600,0
1623920760000,40.76000000,40.83100000,40.73900000,40.76600000,7221.94100000,1623920939999,294588.67136000,327,4903.49100000,200019.53861000,0
1623920940000,40.76400000,40.82800000,40.68900000,40.69500000,2208.67200000,1623921119999,90046.43152100,243,758.55800000,30930.12336000,0
1623921120000,40.70100000,40.80800000,40.65600000,40.66300000,2491.08100000,1623921299999,101461.40175400,303,1198.30900000,48792.72162100,0
1623921300000,40.66300000,40.72300000,40.63200000,40.70800000,3361.14000000,1623921479999,136667.06993400,299,1044.65200000,42475.97730200,0
1623921480000,40.70900000,40.75100000,40.65000000,40.69300000,4115.09500000,1623921659999,167511.00672300,285,1478.49400000,60210.05878400,0
1623921660000,40.69000000,40.71500000,40.56000000,40.58500000,4423.39000000,1623921839999,179716.42055200,322,1806.81300000,73427.31173300,0
1623921840000,40.58500000,40.63800000,40.56100000,40.56300000,3853.16600000,1623922019999,156432.36203000,235,1842.86300000,74810.31266900,0
1623922020000,40.56400000,40.82900000,40.55500000,40.80600000,7244.07000000,1623922199999,294628.02400200,440,4585.34200000,186461.38806500,0
1623922200000,40.80500000,40.82200000,40.75700000,40.78400000,3150.75600000,1623922379999,128564.26942500,251,1775.03900000,72436.40943800,0
1623922380000,40.79300000,40.82200000,40.69800000,40.70200000,3031.81100000,1623922559999,123649.37294100,214,1785.48300000,72837.62201600,0
1623922560000,40.71200000,40.82100000,40.71200000,40.80800000,2919.96700000,1623922739999,119061.29647900,237,2142.80300000,87363.01610100,0
1623922740000,40.80700000,40.82900000,40.79600000,40.82800000,3057.44100000,1623922919999,124798.23692800,219,1862.65200000,76032.55727900,0
1623922920000,40.82500000,40.87500000,40.82000000,40.87200000,2774.96100000,1623923099999,113346.17597700,259,858.45300000,35064.22248300,0
1623923100000,40.87600000,40.88400000,40.79300000,40.80400000,8819.92400000,1623923279999,360294.82395100,352,2889.11300000,118049.78105800,0
1623923280000,40.81300000,40.90000000,40.80100000,40.86100000,4693.82600000,1623923459999,191741.45873100,428,2171.53900000,88732.71033100,0
1623923460000,40.85500000,40.91700000,40.81700000,40.91000000,3088.90000000,1623923639999,126223.60495500,204,1508.36900000,61653.52667200,0
1623923640000,40.91000000,41.07900000,40.91000000,41.04200000,15430.96700000,1623923819999,632651.61336800,1190,9552.56200000,391670.31690900,0
1623923820000,41.03400000,41.19200000,40.97100000,41.19100000,19315.56000000,1623923999999,793623.54169600,1418,8921.06700000,366650.00786900,0
1623924000000,41.19200000,41.20000000,41.05800000,41.11400000,18008.67700000,1623924179999,740926.39638600,1883,6365.67100000,261836.31010500,0
1623924180000,41.11400000,41.14200000,41.09000000,41.12000000,4192.40500000,1623924359999,172324.62033900,349,1467.15700000,60312.98225000,0
1623924360000,41.11800000,41.13300000,41.09000000,41.13300000,4140.54500000,1623924539999,170205.90026100,322,2069.37900000,85075.93509500,0
1623924540000,41.13200000,41.23100000,41.11300000,41.20600000,7929.25300000,1623924719999,326523.48867400,694,3684.80800000,151734.93376800,0
1623924720000,41.20700000,41.25300000,41.14400000,41.20900000,9294.64200000,1623924899999,382979.99929800,639,3723.83800000,153452.43415900,0
1623924900000,41.20900000,41.26400000,41.20200000,41.22700000,7438.70700000,1623925079999,306772.63496400,499,4036.72600000,166488.78849000,0
1623925080000,41.22700000,41.23000000,41.12900000,41.13200000,5046.05500000,1623925259999,207835.93580700,535,1498.00400000,61672.82022500,0
1623925260000,41.13300000,41.16200000,41.09000000,41.11800000,7089.31700000,1623925439999,291401.37974900,409,3223.82000000,132539.28058800,0
1623925440000,41.11100000,41.17900000,41.09000000,41.14400000,3960.61900000,1623925619999,162856.03895900,283,2307.90500000,94910.59409800,0
1623925620000,41.12900000,41.17000000,41.09100000,41.15000000,3009.73500000,1623925799999,123764.68933300,230,1473.16600000,60586.50772900,0
1623925800000,41.16400000,41.18000000,41.09000000,41.12300000,4162.84100000,1623925979999,171155.66414400,325,1599.01300000,65749.74233900,0
1623925980000,41.12500000,41.16600000,41.10600000,41.11800000,2700.38200000,1623926159999,111068.79918800,222,1501.38000000,61755.05328900,0
1623926160000,41.11700000,41.12000000,40.92900000,40.97000000,11212.96900000,1623926339999,460340.36953800,601,1948.89200000,79991.89091300,0
1623926340000,40.96900000,41.05000000,40.95100000,40.98100000,4807.40800000,1623926519999,197066.43681200,326,2031.75400000,83298.12581100,0
1623926520000,40.98100000,40.99800000,40.88500000,40.96600000,9646.61800000,1623926699999,394896.90968600,459,7018.74500000,287306.07412700,0
1623926700000,40.96200000,41.03200000,40.90700000,41.00300000,3684.16600000,1623926879999,151031.48142500,288,2352.48900000,96448.86008700,0
1623926880000,41.00100000,41.01900000,40.94700000,41.01300000,2899.50500000,1623927059999,118830.19875700,289,1924.46200000,78867.36142000,0
1623927060000,41.01400000,41.01900000,40.82300000,40.85000000,5846.40100000,1623927239999,239202.15000900,523,2820.21400000,115414.06529600,0
1623927240000,40.85000000,40.92600000,40.83700000,40.84900000,4795.05200000,1623927419999,196062.99928000,282,3371.22500000,137854.95963500,0
1623927420000,40.85900000,40.94700000,40.85100000,40.89600000,4192.00400000,1623927599999,171457.32293700,251,2265.29400000,92656.38591200,0
1623927600000,40.90000000,40.91500000,40.84600000,40.89500000,3685.76700000,1623927779999,150691.88557700,260,2301.86600000,94124.59086000,0
1623927780000,40.89600000,40.90000000,40.84000000,40.88800000,4489.01900000,1623927959999,183478.45676300,312,2989.96000000,122218.55086300,0
1623927960000,40.88900000,40.92400000,40.85000000,40.88600000,2469.87900000,1623928139999,100989.99275200,295,862.58300000,35267.92571400,0
1623928140000,40.89700000,40.90300000,40.85200000,40.90200000,2262.84300000,1623928319999,92491.95811100,272,1362.77900000,55708.59891900,0
1623928320000,40.89800000,41.09900000,40.87200000,41.03500000,4490.64200000,1623928499999,184097.59218200,510,2530.37400000,103752.79855900,0
1623928500000,41.02400000,41.03600000,40.68300000,40.70000000,13810.14700000,1623928679999,563940.38001000,1006,5549.61100000,226421.76515100,0
1623928680000,40.70000000,40.82500000,40.65200000,40.69600000,9137.34400000,1623928859999,372221.59603900,515,3167.07100000,129059.90770400,0
1623928860000,40.69600000,40.76300000,40.62000000,40.62800000,7811.27500000,1623929039999,317673.77227000,503,2906.35300000,118220.74830900,0
1623929040000,40.62800000,40.65900000,40.55100000,40.56700000,5089.74900000,1623929219999,206646.65080900,589,1910.35800000,77570.23194200,0
1623929220000,40.56500000,40.70000000,40.56500000,40.68400000,4586.76900000,1623929399999,186405.23400700,351,2083.39700000,84673.36316300,0
1623929400000,40.67200000,40.74700000,40.63200000,40.70600000,3624.16700000,1623929579999,147464.70127800,305,1048.17500000,42645.14291700,0
1623929580000,40.71800000,40.72000000,40.61600000,40.62400000,2576.63300000,1623929759999,104738.01224600,289,1133.23200000,46064.66922900,0
1623929760000,40.62100000,40.69400000,40.61600000,40.65900000,2952.42000000,1623929939999,120025.40071000,297,1579.05000000,64191.09670100,0
1623929940000,40.65900000,40.74700000,40.65900000,40.71700000,4433.81200000,1623930119999,180478.72221800,267,2318.66000000,94364.31770300,0
1623930120000,40.72900000,40.79700000,40.67500000,40.72800000,2526.46700000,1623930299999,102881.62539200,255,1379.07200000,56165.79795300,0
1623930300000,40.73000000,40.87000000,40.72600000,40.82700000,5652.78200000,1623930479999,230765.08483800,429,2524.23700000,103035.58628000,0
1623930480000,40.82800000,40.85900000,40.78000000,40.85500000,4537.85700000,1623930659999,185222.30129900,282,3037.42900000,123986.75378400,0
1623930660000,40.85900000,40.85900000,40.64900000,40.67200000,3046.30100000,1623930839999,124077.76396500,294,1087.75300000,44313.93780100,0
1623930840000,40.67300000,40.79200000,40.61400000,40.76100000,3310.89400000,1623931019999,134810.95366200,274,2235.65000000,91054.18660300,0
1623931020000,40.76100000,40.78500000,40.64600000,40.64600000,2076.00400000,1623931199999,84610.97880600,195,1071.98100000,43689.51685300,0
1623931200000,40.66600000,40.72200000,40.50000000,40.53300000,6954.73500000,1623931379999,282209.09145600,554,2511.48100000,101962.03768300,0
1623931380000,40.52200000,40.64400000,40.52200000,40.64200000,3809.85500000,1623931559999,154598.56188900,274,2145.36600000,87066.83730000,0
1623931560000,40.63900000,40.69100000,40.61100000,40.66300000,1803.25600000,1623931739999,73315.73116800,192,996.68700000,40530.38956700,0
1623931740000,40.67700000,40.68300000,40.56000000,40.60900000,3873.15600000,1623931919999,157337.09809900,279,1522.89000000,61876.38985400,0
1623931920000,40.59500000,40.62000000,40.08400000,40.13500000,26295.57500000,1623932099999,1060058.07313900,2654,8974.26300000,361785.21212800,0
1623932100000,40.15000000,40.22100000,39.85400000,40.02200000,35555.04200000,1623932279999,1422553.71120700,3037,13554.95800000,542658.22367800,0
1623932280000,40.02500000,40.04100000,39.87600000,40.00200000,10573.51800000,1623932459999,422379.51921600,706,3867.56200000,154529.35269200,0
1623932460000,40.00200000,40.10000000,39.97300000,40.04400000,7092.42000000,1623932639999,283960.70600100,527,2977.01600000,119186.75381300,0
1623932640000,40.05800000,40.08600000,39.66000000,39.67900000,16580.30600000,1623932819999,661223.62429700,1465,7784.08700000,310587.70481300,0
1623932820000,39.66400000,39.88100000,39.65900000,39.88100000,10080.54100000,1623932999999,400626.84012300,1025,3861.42500000,153515.29688400,0
1623933000000,39.88000000,39.88600000,39.67100000,39.76700000,7794.49700000,1623933179999,310043.35101800,619,3374.14100000,134244.46040200,0
1623933180000,39.77300000,39.82700000,39.70200000,39.79300000,7538.14700000,1623933359999,299796.08865500,461,3077.52800000,122398.35310200,0
1623933360000,39.79300000,39.95100000,39.73900000,39.95000000,5402.96900000,1623933539999,215198.70582900,415,2170.10000000,86463.64839500,0
1623933540000,39.94200000,40.01400000,39.73600000,39.85400000,19436.68600000,1623933719999,775614.27733100,887,7022.02000000,280360.69586800,0
1623933720000,39.88900000,39.91500000,39.78800000,39.86700000,5983.65900000,1623933899999,238395.27563400,382,3309.43200000,131874.10916200,0
1623933900000,39.86600000,39.86600000,39.61400000,39.65400000,8905.19500000,1623934079999,353915.46900100,859,3455.60400000,137350.60692400,0
1623934080000,39.65400000,39.86400000,39.63600000,39.85900000,10948.73600000,1623934259999,435003.80141200,610,6758.01300000,268377.92981600,0
1623934260000,39.85700000,39.96000000,39.84100000,39.92300000,4850.49000000,1623934439999,193566.51812000,445,3182.88300000,127020.95371000,0
1623934440000,39.93600000,39.95200000,39.82800000,39.84600000,4526.50000000,1623934619999,180512.92365400,283,1459.49900000,58206.39580900,0
1623934620000,39.84200000,39.85200000,39.75100000,39.82300000,3415.86300000,1623934799999,135906.28183200,245,1881.13800000,74833.61358100,0
1623934800000,39.82500000,39.94100000,39.70100000,39.70100000,4964.04100000,1623934979999,197761.27642600,415,2002.63400000,79784.19293100,0
1623934980000,39.74100000,39.88000000,39.74000000,39.80500000,4758.55500000,1623935159999,189423.04726700,311,2876.51500000,114493.45510500,0
1623935160000,39.80400000,39.80500000,39.70600000,39.70600000,4238.41000000,1623935339999,168593.05381600,269,993.17100000,39489.11507300,0
1623935340000,39.71800000,39.77800000,39.45600000,39.64500000,18292.76800000,1623935519999,724731.10994800,1487,8693.95900000,344801.12412600,0
1623935520000,39.63800000,39.72000000,39.60100000,39.66400000,3818.03200000,1623935699999,151475.29907400,397,2487.61100000,98699.00827700,0
1623935700000,39.64600000,39.67000000,39.42200000,39.45300000,5909.97600000,1623935879999,233517.66450600,689,1901.76900000,75119.50372200,0
1623935880000,39.45200000,39.59200000,39.45200000,39.55900000,3865.53300000,1623936059999,152841.88874200,305,2349.76000000,92899.09717700,0
1623936060000,39.55500000,39.72100000,39.51300000,39.72100000,4480.35400000,1623936239999,177340.21521900,471,2549.98200000,100964.58990600,0
1623936240000,39.71500000,39.76300000,39.64300000,39.65400000,3843.16900000,1623936419999,152575.47440800,262,1422.76700000,56506.52695800,0
1623936420000,39.66100000,39.73200000,39.63900000,39.70100000,2090.65000000,1623936599999,82940.38200600,181,880.03200000,34919.05761000,0
1623936600000,39.68200000,39.89200000,39.64900000,39.88200000,7389.16200000,1623936779999,293955.34740600,502,4139.73800000,164864.76394800,0
1623936780000,39.89200000,39.96400000,39.81500000,39.91000000,5231.94000000,1623936959999,208760.69614700,540,3517.39500000,140373.06321100,0
1623936960000,39.90000000,39.99100000,39.90000000,39.96300000,2400.68700000,1623937139999,95901.34814300,369,1590.62600000,63538.47273400,0
1623937140000,39.96600000,40.08000000,39.94000000,39.97500000,5845.09900000,1623937319999,233898.07496800,573,3795.05200000,151874.44709500,0
1623937320000,39.97800000,40.00000000,39.90000000,39.90900000,3786.04500000,1623937499999,151276.41434800,373,2038.58000000,81474.74436200,0
1623937500000,39.90500000,39.99900000,39.83800000,39.92700000,6998.53800000,1623937679999,279545.97644300,417,3066.20300000,122403.10885000,0
1623937680000,39.92700000,40.02800000,39.92700000,40.00300000,4252.89300000,1623937859999,170085.44124500,299,2623.00400000,104901.49884800,0
1623937860000,40.01200000,40.01200000,39.95600000,39.99000000,8286.71100000,1623938039999,331361.35312200,358,2408.20200000,96293.22512400,0
1623938040000,39.99000000,40.02300000,39.93800000,39.95200000,9519.44500000,1623938219999,380747.15007500,569,3711.07600000,148424.19143200,0
1623938220000,39.95300000,39.99300000,39.90900000,39.97100000,3436.29600000,1623938399999,137266.77128900,321,2315.15100000,92481.49521000,0
1623938400000,39.97100000,39.97100000,39.68300000,39.76000000,14220.01300000,1623938579999,566279.52723600,885,6664.83500000,265563.83319000,0
1623938580000,39.77600000,39.88300000,39.71600000,39.88100000,6814.58100000,1623938759999,271130.23192800,405,2637.71200000,104976.87907100,0
1623938760000,39.88300000,40.01200000,39.88300000,39.95500000,8747.34900000,1623938939999,349602.51718400,580,2543.71800000,101650.22194500,0
1623938940000,39.94900000,40.08800000,39.91200000,39.99900000,13206.64200000,1623939119999,528715.13769900,573,5505.74200000,220394.19133600,0
1623939120000,39.99000000,40.13200000,39.96700000,40.13200000,2839.78700000,1623939299999,113661.27755400,345,1594.81500000,63843.04383000,0
1623939300000,40.13200000,40.30100000,40.12100000,40.24700000,12581.68100000,1623939479999,506013.72294100,1039,6681.56700000,268770.27793100,0
1623939480000,40.24800000,40.39000000,40.23000000,40.37300000,5985.00300000,1623939659999,241338.59899300,689,3147.22500000,126890.32764500,0
1623939660000,40.37000000,40.45700000,40.30400000,40.44200000,11725.56100000,1623939839999,473591.14084200,754,4869.87600000,196743.85095500,0
1623939840000,40.44200000,40.75000000,40.40600000,40.67800000,19821.77100000,1623940019999,804472.13867300,1935,12175.60500000,494085.57743000,0
1623940020000,40.67900000,40.70900000,40.45000000,40.48000000,14938.82500000,1623940199999,606424.67560500,1036,4122.03000000,167333.82226500,0
1623940200000,40.50000000,40.60700000,40.48100000,40.54000000,9978.12400000,1623940379999,404411.70124800,495,5490.00700000,222480.67237900,0
1623940380000,40.53300000,40.58200000,40.33000000,40.44500000,9108.55800000,1623940559999,368501.15383300,632,4269.55800000,172678.90121900,0
1623940560000,40.44500000,40.47000000,40.36700000,40.37900000,4226.51800000,1623940739999,170901.06966900,253,1562.78700000,63195.46732200,0
1623940740000,40.37900000,40.43200000,40.32800000,40.33400000,3972.44700000,1623940919999,160464.24585400,207,1075.00900000,43429.06456800,0
1623940920000,40.33400000,40.38500000,40.25000000,40.27200000,7502.89800000,1623941099999,302586.98531500,543,2476.44800000,99836.12374600,0
1623941100000,40.27800000,40.36000000,40.27200000,40.34300000,5520.85800000,1623941279999,222557.28156600,278,2302.20900000,92784.88072800,0
1623941280000,40.32200000,40.39900000,40.32000000,40.39900000,4533.21800000,1623941459999,182878.08542600,282,1487.78800000,60029.55360700,0
1623941460000,40.39300000,40.52700000,40.39300000,40.52700000,6361.77700000,1623941639999,257443.99292500,404,5397.88000000,218440.38587600,0
1623941640000,40.52500000,40.65700000,40.52000000,40.64600000,5877.56500000,1623941819999,238443.01179500,522,3404.29100000,138117.88847700,0
1623941820000,40.64600000,40.64700000,40.55300000,40.55900000,6301.12600000,1623941999999,255815.67321200,358,883.75400000,35875.96656000,0
1623942000000,40.55900000,40.57700000,40.39300000,40.43100000,8330.76700000,1623942179999,337279.04012200,489,2293.02000000,92797.17458300,0
1623942180000,40.43100000,40.44200000,40.36900000,40.38700000,6239.73900000,1623942359999,252101.32754200,301,2207.55700000,89211.41275000,0
1623942360000,40.39000000,40.39000000,40.25800000,40.29600000,7308.50200000,1623942539999,294707.96345100,481,2347.17000000,94650.73376100,0
1623942540000,40.29600000,40.32900000,40.23000000,40.23500000,7710.88800000,1623942719999,310417.64479200,392,1344.02300000,54110.98821000,0
1623942720000,40.23000000,40.23100000,40.16000000,40.21100000,8694.34600000,1623942899999,349296.79574500,463,3189.69700000,128139.41666700,0
1623942900000,40.19000000,40.19000000,39.91600000,40.02200000,15244.33800000,1623943079999,610421.05200000,1125,5173.34300000,207034.62091500,0
1623943080000,40.02700000,40.12800000,39.97000000,40.05400000,11285.40400000,1623943259999,451941.13169300,612,5706.09700000,228508.66562000,0
1623943260000,40.05400000,40.25600000,40.05400000,40.12700000,9291.00400000,1623943439999,373358.78668400,641,3787.88600000,152228.81651800,0
1623943440000,40.13600000,40.17700000,40.05400000,40.12400000,5743.50000000,1623943619999,230436.56655500,361,1879.89300000,75428.32879100,0
1623943620000,40.12600000,40.13600000,39.94400000,40.02200000,10703.53800000,1623943799999,428454.06567900,479,2646.49300000,106011.87888500,0
1623943800000,40.02500000,40.15200000,40.00500000,40.10600000,3931.31400000,1623943979999,157594.26965200,318,2692.54900000,107944.52225000,0
1623943980000,40.11600000,40.21700000,40.10000000,40.21100000,4431.19100000,1623944159999,177962.85775600,369,2553.10300000,102521.97330500,0
1623944160000,40.21000000,40.25200000,40.16400000,40.20600000,6044.19700000,1623944339999,243086.89241500,318,3719.43900000,149607.28532100,0
1623944340000,40.20600000,40.28600000,40.18400000,40.27600000,3977.00300000,1623944519999,160054.48185700,288,2247.48000000,90444.87448300,0
1623944520000,40.28100000,40.29000000,40.24300000,40.27200000,3587.85500000,1623944699999,144479.11921800,269,2350.52800000,94667.29711100,0
1623944700000,40.27300000,40.40300000,40.27300000,40.40300000,4100.18800000,1623944879999,165305.23639300,444,3282.60000000,132341.07684300,0
1623944880000,40.40300000,40.52800000,40.37600000,40.40200000,7782.19900000,1623945059999,314817.48671400,668,3992.66000000,161522.87502500,0
1623945060000,40.41400000,40.45900000,40.33300000,40.40700000,5171.25900000,1623945239999,208842.83823900,402,3030.38600000,122361.44565900,0
1623945240000,40.40300000,40.51100000,40.40300000,40.44300000,2862.88300000,1623945419999,115844.78133400,270,1703.64600000,68919.73275300,0
1623945420000,40.43000000,40.44600000,40.23500000,40.27000000,7576.97400000,1623945599999,305833.33639100,498,3270.18200000,132080.46953000,0
1623945600000,40.27000000,40.38500000,40.00000000,40.11600000,18430.34700000,1623945779999,740378.30509400,1240,10320.40400000,414646.39894700,0
1623945780000,40.13400000,40.23200000,39.90300000,39.91500000,8727.04800000,1623945959999,349300.81434500,766,4039.94800000,161664.90360400,0
1623945960000,39.91500000,39.93500000,39.72100000,39.80100000,19835.08000000,1623946139999,790143.40052700,1267,8345.57600000,332796.08457400,0
1623946140000,39.81100000,39.84400000,39.73100000,39.84400000,14689.76200000,1623946319999,584591.17113100,681,9696.28400000,385888.37834500,0
1623946320000,39.84400000,40.01200000,39.84300000,39.96300000,9245.08000000,1623946499999,369278.50526400,554,5952.87400000,237717.47113000,0
1623946500000,39.95700000,39.95700000,39.69700000,39.71100000,7624.27200000,1623946679999,303266.07801300,561,2923.12800000,116271.19937400,0
1623946680000,39.70800000,39.77100000,39.60000000,39.64600000,8090.77200000,1623946859999,321046.24643400,743,3725.70300000,147814.45220100,0
1623946860000,39.66300000,39.79400000,39.60900000,39.78300000,7101.84000000,1623947039999,281969.03060600,419,3812.22400000,151382.73533400,0
1623947040000,39.78500000,39.86800000,39.72700000,39.78200000,5013.07000000,1623947219999,199509.72675500,353,3305.23600000,131567.52825900,0
1623947220000,39.77400000,39.80000000,39.67300000,39.76400000,5752.32800000,1623947399999,228549.67655500,346,2601.08800000,103355.38704200,0
1623947400000,39.72200000,39.73500000,39.55800000,39.68000000,6124.29900000,1623947579999,242750.59930300,588,2340.82200000,92757.62111000,0
1623947580000,39.68000000,39.79700000,39.60200000,39.78200000,7516.49100000,1623947759999,298316.52480700,446,4290.99500000,170337.95281000,0
1623947760000,39.78600000,39.92800000,39.72200000,39.87600000,10642.82700000,1623947939999,424132.41341400,713,5955.31500000,237289.68980000,0
1623947940000,39.86800000,39.89400000,39.76100000,39.79300000,3412.57700000,1623948119999,135927.74287200,472,1467.08600000,58442.96594000,0
1623948120000,39.79900000,39.85800000,39.73100000,39.85000000,2881.87100000,1623948299999,114687.37810100,292,1005.90200000,40041.34934100,0
1623948300000,39.82300000,39.82300000,39.59500000,39.60100000,9875.45500000,1623948479999,391745.31339900,657,4591.41100000,182075.60944600,0
1623948480000,39.60800000,39.68400000,39.57000000,39.61000000,6203.08300000,1623948659999,245732.24754400,379,4471.13600000,177138.42334000,0
1623948660000,39.60100000,39.62300000,39.53300000,39.59000000,4613.89000000,1623948839999,182574.16828900,360,2838.45400000,112310.82659000,0
1623948840000,39.56300000,39.64500000,39.51000000,39.52800000,7233.83500000,1623949019999,286194.07653500,485,3839.24200000,151914.90776100,0
1623949020000,39.55000000,39.65900000,39.53300000,39.64600000,3535.77400000,1623949199999,140035.84644200,285,1659.61500000,65749.09816700,0
1623949200000,39.64600000,39.75500000,39.34400000,39.35800000,14635.60700000,1623949379999,578633.87937200,1309,5252.64700000,208024.15188200,0
1623949380000,39.34300000,39.57000000,39.33600000,39.47300000,4842.30300000,1623949559999,191178.65125900,561,3050.92800000,120445.03630400,0
1623949560000,39.49700000,39.53100000,39.38200000,39.38200000,4225.13400000,1623949739999,166719.17807200,316,1378.54600000,54420.52054100,0
1623949740000,39.41200000,39.44100000,39.07400000,39.18500000,14334.52300000,1623949919999,562434.23945000,1905,5395.53200000,211850.63119600,0
1623949920000,39.17600000,39.24200000,39.05200000,39.07800000,12028.33100000,1623950099999,470479.74280700,834,6935.06800000,271279.25628300,0
1623950100000,39.07700000,39.14000000,38.98500000,39.06300000,27135.21400000,1623950279999,1059876.91752400,1329,11572.80000000,452155.66594400,0
1623950280000,39.07100000,39.09300000,38.70000000,38.85700000,35019.06300000,1623950459999,1360160.81305100,2399,10911.24200000,424177.36325200,0
1623950460000,38.85500000,38.90200000,38.50000000,38.61200000,59775.64800000,1623950639999,2307427.02080000,3126,32621.48100000,1259026.89000700,0
1623950640000,38.61300000,38.62800000,38.30000000,38.30900000,27440.21600000,1623950819999,1055400.39884300,2243,11752.05800000,451621.38759700,0
1623950820000,38.30900000,38.41900000,38.24100000,38.39300000,16590.93200000,1623950999999,635771.20958200,1387,8420.75500000,322773.29440700,0
1623951000000,38.39800000,38.47000000,38.21100000,38.45900000,18666.71200000,1623951179999,715294.04685600,1615,12344.80500000,473242.42256900,0
1623951180000,38.45900000,38.88800000,38.42500000,38.87900000,29314.04800000,1623951359999,1134637.29559500,2887,20651.67900000,799340.51357200,0
1623951360000,38.86700000,38.87200000,38.34800000,38.47700000,21253.72000000,1623951539999,819398.95062400,1901,8021.93700000,309321.56024800,0
1623951540000,38.48400000,38.61700000,38.37000000,38.50900000,10480.18700000,1623951719999,403268.99172700,812,5505.41500000,211926.80493700,0
1623951720000,38.51300000,38.53900000,38.40000000,38.53000000,5863.44300000,1623951899999,225516.65608300,446,2283.03400000,87808.10756500,0
1623951900000,38.52000000,38.63900000,38.46700000,38.61300000,8317.07100000,1623952079999,320453.16688500,549,4173.96800000,160863.68046400,0
1623952080000,38.62200000,38.70000000,38.52900000,38.67200000,10657.76100000,1623952259999,411675.03400500,643,6622.67000000,255891.58454800,0
1623952260000,38.67000000,38.67000000,38.37000000,38.49800000,16964.28400000,1623952439999,652714.56523300,918,9732.32700000,374485.03666600,0
1623952440000,38.48800000,38.50000000,38.35600000,38.42300000,5953.33800000,1623952619999,228765.02163700,445,1711.57700000,65786.03563400,0
1623952620000,38.42900000,38.43500000,38.26900000,38.40000000,8806.19100000,1623952799999,337699.44239600,638,4659.32700000,178668.90446800,0
1623952800000,38.41200000,38.56600000,38.33200000,38.37900000,9941.36100000,1623952979999,382273.97443000,732,4908.42100000,188754.87695200,0
1623952980000,38.38400000,38.66600000,38.37700000,38.59300000,17333.91500000,1623953159999,668562.47304500,879,9068.48800000,349704.29012000,0
1623953160000,38.57300000,38.62500000,38.38000000,38.48900000,13712.47100000,1623953339999,527818.91168400,589,3752.98500000,144295.23812300,0
1623953340000,38.48700000,38.54800000,38.34400000,38.54800000,8711.79800000,1623953519999,334686.96581100,608,3152.37100000,121189.59052500,0
1623953520000,38.53900000,38.63800000,38.46500000,38.61500000,9544.47900000,1623953699999,368039.15259300,585,5105.92300000,196949.53252300,0
1623953700000,38.61600000,38.78700000,38.52700000,38.54500000,10610.43000000,1623953879999,410352.25570600,710,4629.75600000,179124.92472300,0
1623953880000,38.54500000,38.68400000,38.51900000,38.59900000,6419.31000000,1623954059999,247669.88841600,342,3759.71200000,145066.68365600,0
1623954060000,38.59700000,38.65100000,38.50000000,38.50400000,5626.75400000,1623954239999,216974.70733500,367,3227.04700000,124485.11228100,0
1623954240000,38.51000000,38.60500000,38.50700000,38.58400000,5468.35100000,1623954419999,210812.20164700,317,2137.80900000,82405.59409700,0
1623954420000,38.58400000,38.60000000,38.46500000,38.58700000,6250.43400000,1623954599999,240819.16729500,341,2128.64200000,82062.70366200,0
1623954600000,38.58600000,38.58600000,38.40800000,38.43900000,3972.87400000,1623954779999,152965.58887300,391,1777.62100000,68455.15076900,0
1623954780000,38.43100000,38.86300000,38.39900000,38.85400000,8629.90900000,1623954959999,333649.41170200,733,6091.17800000,235523.33613500,0
1623954960000,38.85000000,38.88900000,38.70100000,38.73800000,5318.90100000,1623955139999,206384.55527700,469,2514.61300000,97585.61058500,0
1623955140000,38.74100000,38.88000000,38.70300000,38.86100000,5260.65100000,1623955319999,204108.38808300,359,2687.52100000,104254.99741100,0
1623955320000,38.86500000,38.98600000,38.78000000,38.93600000,11139.38400000,1623955499999,433108.68491100,725,6230.38600000,242271.55769200,0
1623955500000,38.94000000,39.16600000,38.90000000,39.11800000,26065.37500000,1623955679999,1018536.19073200,1547,10001.46600000,390663.22030900,0
1623955680000,39.11400000,39.15500000,39.00200000,39.08800000,5461.58600000,1623955859999,213490.13155300,782,2499.98700000,97737.45362900,0
1623955860000,39.08200000,39.08200000,38.90900000,38.95400000,7660.57800000,1623956039999,298629.86717900,725,4575.52700000,178366.81515800,0
1623956040000,38.95400000,39.02700000,38.90200000,39.00000000,7005.18500000,1623956219999,273038.17183200,857,2956.12300000,115202.66570200,0
1623956220000,39.00300000,39.05500000,38.94300000,38.94700000,6522.57400000,1623956399999,254381.87222400,551,2151.32500000,83920.64315800,0
1623956400000,38.95500000,38.96900000,38.83500000,38.93900000,7179.46700000,1623956579999,279271.90521000,671,3519.92700000,136934.65122400,0
1623956580000,38.94200000,38.95000000,38.85300000,38.93700000,3999.67000000,1623956759999,155588.98118800,273,2341.47600000,91084.54189500,0
1623956760000,38.94900000,38.99800000,38.86900000,38.87400000,2184.14300000,1623956939999,85065.83179900,236,1343.86900000,52338.15721300,0
1623956940000,38.87300000,39.03700000,38.85300000,39.03700000,2462.33900000,1623957119999,95911.47377700,225,1696.57800000,66095.30050200,0
1623957120000,39.03700000,39.13100000,38.98200000,39.06600000,4297.76800000,1623957299999,167966.69547800,347,3275.18000000,128027.83293500,0
1623957300000,39.06600000,39.06600000,38.97400000,39.01900000,3305.14300000,1623957479999,128958.34943400,276,1777.90900000,69364.69759400,0
1623957480000,39.01500000,39.05700000,38.92100000,39.00000000,2614.10000000,1623957659999,101903.20404900,211,851.92900000,33215.53545400,0
1623957660000,39.00300000,39.03700000,38.95500000,39.00300000,2921.43500000,1623957839999,113936.14447300,196,1930.52300000,75294.46100700,0
1623957840000,38.99700000,39.01200000,38.90800000,38.94600000,2391.63300000,1623958019999,93146.86236300,207,1697.25000000,66088.05017100,0
1623958020000,38.94500000,38.95000000,38.86300000,38.86900000,1265.88900000,1623958199999,49253.43481000,180,685.31100000,26664.47186700,0
1623958200000,38.87000000,38.95700000,38.78600000,38.95000000,7167.80500000,1623958379999,278561.02580300,450,4357.83800000,169393.13588000,0
1623958380000,38.96500000,39.05400000,38.95700000,39.02300000,4288.45700000,1623958559999,167286.17434800,331,2990.78200000,116675.07978100,0
1623958560000,39.02300000,39.26500000,39.00500000,39.24600000,8434.84400000,1623958739999,330250.91112100,804,5250.00000000,205485.00774500,0
1623958740000,39.23800000,39.50700000,39.23800000,39.35900000,29668.00600000,1623958919999,1169744.08222800,1936,15622.84400000,615687.74972500,0
1623958920000,39.34400000,39.37600000,39.24200000,39.25700000,3316.46100000,1623959099999,130386.23206100,420,1359.04000000,53427.91357400,0
1623959100000,39.24300000,39.40000000,39.22300000,39.31100000,4711.42400000,1623959279999,185276.18329000,736,1429.22900000,56182.78734000,0
1623959280000,39.29300000,39.37700000,39.11100000,39.11100000,7795.84600000,1623959459999,305610.28141300,656,1575.51700000,61832.91724600,0
1623959460000,39.12100000,39.21000000,39.06300000,39.06600000,3417.99200000,1623959639999,133782.21728300,326,1971.34800000,77181.67664700,0
1623959640000,39.07000000,39.29200000,39.05000000,39.20000000,3417.21200000,1623959819999,133818.34615400,290,2028.27200000,79432.80507400,0
1623959820000,39.16800000,39.36800000,39.13200000,39.29100000,3037.80300000,1623959999999,119348.65546200,290,1937.55900000,76143.82727300,0
1623960000000,39.27900000,39.27900000,38.68100000,38.81000000,14674.40800000,1623960179999,571407.70157100,1380,4749.38100000,184921.86726600,0
1623960180000,38.82500000,38.96500000,38.62400000,38.74400000,9882.97400000,1623960359999,383353.71945100,841,4319.98600000,167621.11685100,0
1623960360000,38.77700000,38.88800000,38.57400000,38.82500000,6926.87500000,1623960539999,268298.29173200,631,3373.87200000,130733.54784300,0
1623960540000,38.84900000,39.25500000,38.79000000,39.22700000,11614.78400000,1623960719999,453091.95726600,1012,7175.17500000,279771.56613100,0
1623960720000,39.22700000,39.57900000,39.15300000,39.55000000,39320.71000000,1623960899999,1550258.19789700,3950,14179.73000000,558687.47824100,0
1623960900000,39.55000000,39.55200000,39.35900000,39.39700000,11571.03000000,1623961079999,456480.09662600,1379,4294.65000000,169328.42405400,0
1623961080000,39.39400000,39.39400000,39.21400000,39.28300000,7501.69200000,1623961259999,295040.41008800,732,2552.47600000,100351.79764500,0
1623961260000,39.27700000,39.37900000,39.22900000,39.32600000,3667.40300000,1623961439999,144166.24240800,358,1995.21900000,78417.20629200,0
1623961440000,39.32200000,39.45500000,39.30000000,39.43200000,5018.76100000,1623961619999,197652.01275000,443,2056.66400000,81007.15951400,0
1623961620000,39.44200000,39.46500000,39.30200000,39.38800000,5334.71200000,1623961799999,210099.66384700,367,1804.88000000,71058.20514200,0
1623961800000,39.38000000,39.40000000,39.24700000,39.28000000,4303.67100000,1623961979999,169267.22048500,581,958.64500000,37681.30692100,0
1623961980000,39.28000000,39.30000000,39.20000000,39.20700000,5430.86800000,1623962159999,213058.64030900,666,1416.74300000,55592.63431000,0
1623962160000,39.20000000,39.22900000,39.10000000,39.12000000,3392.21000000,1623962339999,132788.36626000,316,2362.51900000,92478.16564800,0
1623962340000,39.10300000,39.16100000,39.05500000,39.15000000,3014.17300000,1623962519999,117893.15020100,216,1887.76300000,73839.62721700,0
1623962520000,39.15000000,39.23400000,39.12000000,39.21100000,2898.39400000,1623962699999,113547.89877600,179,1886.19200000,73904.31926100,0
1623962700000,39.20200000,39.33700000,39.17900000,39.33000000,2721.11700000,1623962879999,106862.21416200,194,1623.57900000,63751.09281200,0
1623962880000,39.32000000,39.32000000,39.24700000,39.27900000,1941.09200000,1623963059999,76242.56141400,88,821.17100000,32254.27174500,0
1623963060000,39.27900000,39.29700000,39.10000000,39.11300000,1277.35500000,1623963239999,50105.50454600,128,657.88900000,25808.38631300,0
1623963240000,39.13300000,39.27000000,39.12400000,39.24700000,3008.14600000,1623963419999,117891.50268500,192,2425.46200000,95063.46007300,0
1623963420000,39.23400000,39.27200000,39.16300000,39.27000000,2795.23100000,1623963599999,109657.09621900,150,973.48900000,38195.71679200,0
1623963600000,39.23800000,39.23800000,39.15400000,39.18100000,1204.26100000,1623963779999,47198.99524800,92,592.94800000,23233.57746300,0
1623963780000,39.18100000,39.21500000,39.11000000,39.11000000,1082.87300000,1623963959999,42411.81916400,97,481.17000000,18843.25251600,0
1623963960000,39.11100000,39.12100000,39.05300000,39.09800000,846.55200000,1623964139999,33091.22542900,115,420.95600000,16455.24430600,0
1623964140000,39.08700000,39.12200000,39.06000000,39.07300000,4132.83000000,1623964319999,161577.64974700,158,3288.86200000,128583.57642200,0
1623964320000,39.05300000,39.08900000,39.00000000,39.00000000,4241.45100000,1623964499999,165555.29764900,256,928.01100000,36248.57891400,0
1623964500000,39.00500000,39.01700000,38.89000000,38.95900000,6063.79300000,1623964679999,236294.96799900,382,818.98100000,31896.89194400,0
1623964680000,38.97100000,39.01000000,38.89100000,38.99500000,2591.33600000,1623964859999,100989.19929500,164,1180.59200000,46026.14812100,0
1623964860000,39.00000000,39.13800000,38.99900000,39.12000000,2872.60400000,1623965039999,112185.77351500,154,2110.82400000,82408.86968800,0
1623965040000,39.13400000,39.18100000,39.12000000,39.17900000,2231.54900000,1623965219999,87365.19314100,152,1308.35800000,51235.79293400,0
1623965220000,39.17900000,39.22200000,39.16500000,39.16500000,3782.62100000,1623965399999,148315.51675200,189,2827.39300000,110877.59268300,0
1623965400000,39.18700000,39.18700000,39.05000000,39.05200000,1003.66500000,1623965579999,39255.80108100,102,408.87800000,15997.40874700,0
1623965580000,39.05000000,39.05200000,38.96900000,38.99300000,2629.22400000,1623965759999,102535.12106700,178,752.67600000,29356.77464600,0
1623965760000,38.99300000,39.06100000,38.99300000,39.02500000,1850.93100000,1623965939999,72232.99528400,118,1108.95300000,43277.53700900,0
1623965940000,39.02500000,39.07900000,39.01700000,39.05200000,1278.59600000,1623966119999,49918.68018400,88,446.51100000,17435.16258700,0
1623966120000,39.07100000,39.15300000,39.06300000,39.15300000,1529.28000000,1623966299999,59835.52823800,114,842.21500000,32949.24719100,0
1623966300000,39.15300000,39.64400000,39.15100000,39.35200000,42642.60300000,1623966479999,1681767.77547500,2407,25294.95300000,996870.66522800,0
1623966480000,39.36000000,39.36800000,39.07900000,39.24000000,19350.51800000,1623966659999,758203.96095300,811,7808.32100000,305886.50787400,0
1623966660000,39.24100000,39.24300000,38.98900000,39.04400000,11900.49800000,1623966839999,464744.64884300,648,2017.59700000,78817.02533100,0
1623966840000,39.04600000,39.18900000,39.03900000,39.12800000,3531.41300000,1623967019999,138252.83037200,190,2677.61400000,104830.31413900,0
1623967020000,39.11900000,39.15300000,39.08700000,39.10600000,1358.13700000,1623967199999,53128.54618300,114,847.91200000,33170.56313500,0
1623967200000,39.11700000,39.12300000,39.05400000,39.05400000,1343.99600000,1623967379999,52560.34841100,101,993.09000000,38843.13504700,0
1623967380000,39.05400000,39.07900000,39.01100000,39.02600000,1200.07500000,1623967559999,46876.36231500,117,467.79000000,18273.56129100,0
1623967560000,39.02500000,39.02500000,38.55500000,38.66400000,15306.32600000,1623967739999,593076.42457000,1240,2782.34300000,108110.35450800,0
1623967740000,38.66100000,38.88400000,38.64500000,38.65600000,12475.20600000,1623967919999,483576.19005500,545,5252.63800000,203667.84650800,0
1623967920000,38.64500000,38.73400000,38.64500000,38.73400000,9083.82600000,1623968099999,351545.35562500,230,8383.44600000,324444.62111000,0
1623968100000,38.73500000,38.90200000,38.64000000,38.88300000,10308.77200000,1623968279999,399580.81239800,444,6671.93700000,258707.82905600,0
1623968280000,38.88700000,38.90200000,38.70500000,38.73000000,5747.34100000,1623968459999,223006.55942400,223,3687.73200000,143065.51618100,0
1623968460000,38.72700000,38.78500000,38.70000000,38.76200000,1688.99900000,1623968639999,65410.62327100,123,976.33500000,37819.36033700,0
1623968640000,38.79000000,38.88000000,38.78300000,38.86700000,1411.04500000,1623968819999,54790.39239000,107,751.80100000,29182.93947400,0
1623968820000,38.85800000,38.90000000,38.83200000,38.87500000,2140.87200000,1623968999999,83196.59958900,128,599.58900000,23304.90459900,0
1623969000000,38.90000000,38.90000000,38.80900000,38.80900000,1435.83100000,1623969179999,55808.88168900,96,992.85000000,38596.14467400,0
1623969180000,38.80700000,38.80700000,38.70900000,38.70900000,4665.17700000,1623969359999,180798.11232400,200,1052.63100000,40800.20161200,0
1623969360000,38.73000000,38.79900000,38.70900000,38.79900000,3507.19900000,1623969539999,135977.11903100,127,2798.04200000,108501.42749900,0
1623969540000,38.79800000,38.81100000,38.70400000,38.80300000,823.28900000,1623969719999,31903.09815100,92,586.89600000,22741.27037300,0
1623969720000,38.79600000,38.90000000,38.76100000,38.89400000,1200.21600000,1623969899999,46623.76343100,108,829.38100000,32210.51901100,0
1623969900000,38.89100000,38.89500000,38.81400000,38.88600000,1489.90600000,1623970079999,57891.37233500,112,837.96300000,32556.27430400,0
1623970080000,38.88700000,39.00200000,38.87500000,38.98100000,4506.17900000,1623970259999,175351.15655000,299,3288.40400000,127950.45635300,0
1623970260000,38.97200000,39.00000000,38.89200000,38.90700000,3563.59900000,1623970439999,138814.63506800,142,511.43900000,19919.27829300,0
1623970440000,38.91900000,39.03500000,38.91500000,39.03000000,1010.24700000,1623970619999,39371.91064000,119,677.83200000,26425.78856300,0
1623970620000,39.03700000,39.17900000,39.02700000,39.10000000,3183.68200000,1623970799999,124539.71762000,386,2253.98300000,88178.04600200,0
1623970800000,39.10100000,39.21500000,39.02000000,39.17200000,4884.65400000,1623970979999,191146.83088700,280,3470.68700000,135804.51192900,0
1623970980000,39.18500000,39.34600000,39.16200000,39.31600000,8932.32100000,1623971159999,350577.40314900,633,6862.60100000,269356.48576600,0
1623971160000,39.32200000,39.48100000,39.29900000,39.46900000,6725.47100000,1623971339999,265210.78957700,498,4950.09100000,195208.89703300,0
1623971340000,39.46800000,39.50000000,39.31300000,39.31900000,6722.95300000,1623971519999,265078.98148800,349,2707.94300000,106758.68618300,0
1623971520000,39.33300000,39.41400000,39.31300000,39.33000000,11848.49400000,1623971699999,466488.55744100,369,6092.01100000,239826.65845400,0
1623971700000,39.33000000,39.33000000,39.05400000,39.07200000,21414.22700000,1623971879999,838491.55774500,874,12993.30700000,508806.40283700,0
1623971880000,39.07500000,39.16400000,39.06800000,39.14200000,8473.91100000,1623972059999,331483.20316500,243,5212.89000000,203832.50941700,0
1623972060000,39.14000000,39.18100000,39.06300000,39.11900000,776.65300000,1623972239999,30391.15827200,81,352.21100000,13785.73161800,0
1623972240000,39.11300000,39.15000000,38.98000000,38.99100000,1757.95100000,1623972419999,68643.94518200,229,480.86100000,18789.01760000,0
1623972420000,38.97900000,39.07000000,38.92600000,39.07000000,2895.03400000,1623972599999,112941.42576800,210,2019.64300000,78799.36119400,0
1623972600000,39.05200000,39.06800000,38.93500000,38.99700000,4898.88800000,1623972779999,190991.53146900,166,947.01600000,36902.22134400,0
1623972780000,39.00400000,39.08000000,38.90700000,39.08000000,3471.61300000,1623972959999,135309.40137200,258,1223.19500000,47699.76396300,0
1623972960000,39.08000000,39.10000000,38.98300000,39.01300000,2546.49300000,1623973139999,99443.32147200,248,1307.28200000,51060.29206800,0
1623973140000,39.01300000,39.08900000,39.01300000,39.06800000,1881.60100000,1623973319999,73464.99997700,163,1289.53600000,50352.88909000,0
1623973320000,39.07400000,39.08400000,38.99300000,39.04700000,4440.49400000,1623973499999,173306.38915600,172,1734.09700000,67647.31954700,0
1623973500000,39.04900000,39.14000000,39.00500000,39.11900000,2071.60100000,1623973679999,80925.03791400,138,1467.72100000,57347.52695300,0
1623973680000,39.11300000,39.20800000,39.06600000,39.14700000,7669.28400000,1623973859999,299997.10821400,278,5459.14900000,213514.19613700,0
1623973860000,39.16800000,39.28000000,39.15400000,39.25200000,1599.64800000,1623974039999,62731.03891000,177,817.79800000,32082.29117300,0
1623974040000,39.25600000,39.32200000,39.21600000,39.25900000,1261.13400000,1623974219999,49530.44541000,149,290.02700000,11394.90457400,0
1623974220000,39.22600000,39.26700000,39.21400000,39.26500000,1905.09300000,1623974399999,74743.81242100,94,632.08300000,24804.74511700,0
