1639785600000,8.66000000,8.70400000,8.65600000,8.66900000,1495.80000000,1639785779999,13003.19730000,44,574.00000000,4986.45200000,0
1639785780000,8.68600000,8.68600000,8.64300000,8.64300000,679.90000000,1639785959999,5892.48880000,16,351.00000000,3038.25480000,0
1639785960000,8.64200000,8.64500000,8.58600000,8.58600000,2686.10000000,1639786139999,23132.72510000,83,1290.90000000,11126.83030000,0
1639786140000,8.58100000,8.58300000,8.50900000,8.51100000,3794.00000000,1639786319999,32413.17550000,108,2067.10000000,17649.75690000,0
1639786320000,8.51300000,8.53000000,8.51000000,8.52000000,885.00000000,1639786499999,7539.23770000,18,421.20000000,3589.33270000,0
1639786500000,8.51800000,8.56200000,8.51800000,8.56200000,907.90000000,1639786679999,7765.01720000,26,571.00000000,4885.59060000,0
1639786680000,8.55900000,8.56800000,8.50000000,8.54900000,3533.10000000,1639786859999,30135.17190000,88,1048.00000000,8944.30170000,0
1639786860000,8.54200000,8.54600000,8.53800000,8.54600000,18.00000000,1639787039999,153.79280000,4,18.00000000,153.79280000,0
1639787040000,8.53200000,8.53200000,8.50100000,8.50100000,152.30000000,1639787219999,1296.36900000,5,152.30000000,1296.36900000,0
1639787220000,8.50700000,8.51200000,8.48500000,8.51200000,523.20000000,1639787399999,4443.70540000,19,388.30000000,3298.06710000,0
1639787400000,8.51400000,8.53200000,8.51400000,8.53200000,359.80000000,1639787579999,3065.11520000,6,0.00000000,0.00000000,0
1639787580000,8.54100000,8.54300000,8.51600000,8.52100000,889.00000000,1639787759999,7583.35840000,18,307.60000000,2621.76560000,0
1639787760000,8.54500000,8.60600000,8.54500000,8.60000000,3238.30000000,1639787939999,27800.00720000,75,1171.80000000,10043.47840000,0
1639787940000,8.59100000,8.66000000,8.58800000,8.64600000,2709.20000000,1639788119999,23386.02070000,71,1300.30000000,11221.96540000,0
1639788120000,8.65300000,8.68200000,8.63900000,8.68000000,2183.00000000,1639788299999,18897.63310000,42,271.40000000,2352.14700000,0
1639788300000,8.67800000,8.72400000,8.66700000,8.72400000,2750.70000000,1639788479999,23928.34060000,73,1522.90000000,13255.06520000,0
1639788480000,8.72900000,8.83000000,8.72800000,8.81700000,7527.80000000,1639788659999,66177.98190000,330,4063.60000000,35702.59500000,0
1639788660000,8.81800000,8.82200000,8.80200000,8.81900000,723.90000000,1639788839999,6381.38710000,25,335.60000000,2958.58290000,0
1639788840000,8.81800000,8.85000000,8.81800000,8.84600000,4431.30000000,1639789019999,39164.57020000,83,2720.80000000,24039.53140000,0
1639789020000,8.84500000,8.84700000,8.82600000,8.83300000,1442.70000000,1639789199999,12755.95600000,35,441.80000000,3906.27110000,0
1639789200000,8.84800000,8.86400000,8.79600000,8.79800000,5599.10000000,1639789379999,49499.42200000,163,2653.10000000,23468.32710000,0
1639789380000,8.79700000,8.79700000,8.74900000,8.78600000,3625.00000000,1639789559999,31795.16160000,87,1343.40000000,11778.94730000,0
1639789560000,8.78600000,8.79100000,8.74700000,8.76700000,2007.20000000,1639789739999,17609.29280000,47,1225.70000000,10752.26760000,0
1639789740000,8.76200000,8.78800000,8.75200000,8.76200000,2578.50000000,1639789919999,22605.74430000,51,1577.70000000,13820.54670000,0
1639789920000,8.76000000,8.76400000,8.71800000,8.75100000,2640.10000000,1639790099999,23088.40440000,66,1372.70000000,12006.34860000,0
1639790100000,8.75600000,8.79900000,8.75300000,8.78900000,851.50000000,1639790279999,7480.47830000,20,127.40000000,1120.39340000,0
1639790280000,8.79300000,8.79700000,8.73200000,8.73300000,1164.70000000,1639790459999,10211.52940000,21,645.20000000,5643.36440000,0
1639790460000,8.73500000,8.73500000,8.69300000,8.70000000,2052.90000000,1639790639999,17883.66130000,52,1445.80000000,12591.41040000,0
1639790640000,8.69500000,8.70200000,8.67900000,8.70200000,1707.70000000,1639790819999,14839.15130000,36,1404.20000000,12201.49440000,0
1639790820000,8.69300000,8.69900000,8.66700000,8.69000000,2875.50000000,1639790999999,24946.39160000,58,1573.50000000,13649.70470000,0
1639791000000,8.69500000,8.69500000,8.64500000,8.65000000,1598.90000000,1639791179999,13853.10210000,55,485.60000000,4206.11430000,0
1639791180000,8.66600000,8.67300000,8.65400000,8.67000000,525.40000000,1639791359999,4553.10360000,9,144.50000000,1250.54750000,0
1639791360000,8.70400000,8.71900000,8.69000000,8.69000000,462.70000000,1639791539999,4030.91300000,11,239.90000000,2090.96340000,0
1639791540000,8.70700000,8.70900000,8.69900000,8.70800000,123.50000000,1639791719999,1075.34920000,5,14.10000000,122.69280000,0
1639791720000,8.71300000,8.71800000,8.71000000,8.71000000,591.40000000,1639791899999,5153.19800000,10,148.50000000,1293.43500000,0
1639791900000,8.70100000,8.70900000,8.68600000,8.70800000,341.60000000,1639792079999,2973.50230000,11,124.90000000,1087.25990000,0
1639792080000,8.68400000,8.68400000,8.62300000,8.62300000,1628.20000000,1639792259999,14092.20630000,61,680.20000000,5896.54610000,0
1639792260000,8.63600000,8.64000000,8.61100000,8.61100000,1315.50000000,1639792439999,11351.11440000,39,556.50000000,4805.81510000,0
1639792440000,8.61100000,8.62200000,8.60800000,8.61700000,1332.70000000,1639792619999,11477.76010000,22,1120.60000000,9650.66270000,0
1639792620000,8.61100000,8.62000000,8.59100000,8.59700000,1830.70000000,1639792799999,15744.86010000,71,400.30000000,3440.61640000,0
1639792800000,8.59300000,8.62700000,8.58500000,8.62700000,916.20000000,1639792979999,7882.76140000,40,533.00000000,4589.84140000,0
1639792980000,8.61600000,8.61600000,8.56200000,8.56800000,1776.80000000,1639793159999,15259.27150000,40,912.70000000,7833.25540000,0
1639793160000,8.56700000,8.60300000,8.54500000,8.60300000,1301.30000000,1639793339999,11143.88770000,28,450.40000000,3859.97470000,0
1639793340000,8.60900000,8.61300000,8.60100000,8.61300000,770.10000000,1639793519999,6629.98640000,16,101.20000000,870.43080000,0
1639793520000,8.61800000,8.64200000,8.61800000,8.62700000,970.90000000,1639793699999,8378.39840000,20,804.80000000,6944.52080000,0
1639793700000,8.63600000,8.65600000,8.63600000,8.64800000,875.70000000,1639793879999,7572.44150000,17,319.90000000,2765.34830000,0
1639793880000,8.66300000,8.66300000,8.61300000,8.62000000,1017.30000000,1639794059999,8787.58560000,21,344.50000000,2977.48010000,0
1639794060000,8.63700000,8.64200000,8.62700000,8.64000000,489.50000000,1639794239999,4227.73140000,10,34.00000000,293.47100000,0
1639794240000,8.65500000,8.65600000,8.62400000,8.62400000,423.60000000,1639794419999,3662.25860000,12,184.00000000,1590.75680000,0
1639794420000,8.63400000,8.68600000,8.63400000,8.68600000,1696.70000000,1639794599999,14699.84820000,36,1135.10000000,9835.79020000,0
1639794600000,8.67900000,8.68800000,8.63600000,8.68800000,2783.60000000,1639794779999,24100.61980000,46,1441.10000000,12471.62400000,0
1639794780000,8.68800000,8.72900000,8.68700000,8.72500000,1691.90000000,1639794959999,14741.16910000,43,848.80000000,7391.92120000,0
1639794960000,8.73500000,8.74600000,8.72500000,8.73200000,778.40000000,1639795139999,6802.99630000,20,234.80000000,2051.57360000,0
1639795140000,8.74200000,8.78800000,8.73500000,8.78300000,3298.30000000,1639795319999,28917.69450000,79,1696.00000000,14873.78670000,0
1639795320000,8.78900000,8.81200000,8.78800000,8.81200000,1920.90000000,1639795499999,16905.87880000,48,794.20000000,6989.63670000,0
1639795500000,8.81000000,8.81200000,8.78700000,8.80300000,2257.10000000,1639795679999,19873.10720000,49,992.90000000,8739.03840000,0
1639795680000,8.80100000,8.81500000,8.71900000,8.76200000,27635.90000000,1639795859999,242076.47510000,373,14587.50000000,127715.12660000,0
1639795860000,8.76500000,8.76800000,8.69300000,8.70000000,3121.20000000,1639796039999,27273.08390000,68,984.80000000,8593.07040000,0
1639796040000,8.69800000,8.71800000,8.69100000,8.71700000,1433.50000000,1639796219999,12477.14670000,33,444.30000000,3865.50100000,0
1639796220000,8.71400000,8.71500000,8.65700000,8.66200000,2025.30000000,1639796399999,17590.57300000,50,950.70000000,8250.04270000,0
1639796400000,8.66200000,8.67800000,8.61100000,8.62400000,2151.30000000,1639796579999,18597.60870000,61,826.20000000,7138.36570000,0
1639796580000,8.63300000,8.66300000,8.63300000,8.66100000,998.20000000,1639796759999,8635.07700000,24,533.80000000,4616.83620000,0
1639796760000,8.66600000,8.67500000,8.65300000,8.67000000,1908.80000000,1639796939999,16535.66710000,42,1172.10000000,10153.67550000,0
1639796940000,8.66200000,8.66400000,8.64200000,8.64200000,1458.40000000,1639797119999,12624.59210000,35,530.60000000,4594.55630000,0
1639797120000,8.64300000,8.65000000,8.64100000,8.64300000,215.50000000,1639797299999,1862.86700000,11,54.30000000,469.37850000,0
1639797300000,8.64700000,8.64700000,8.63100000,8.64100000,1066.20000000,1639797479999,9209.65350000,33,724.70000000,6260.44750000,0
1639797480000,8.63700000,8.64400000,8.62700000,8.64400000,923.70000000,1639797659999,7973.83220000,28,361.20000000,3117.22970000,0
1639797660000,8.64400000,8.64400000,8.59500000,8.59500000,3205.00000000,1639797839999,27628.44590000,62,255.90000000,2207.75230000,0
1639797840000,8.59200000,8.59900000,8.58000000,8.58600000,1691.90000000,1639798019999,14527.13930000,42,1132.60000000,9727.24270000,0
1639798020000,8.59500000,8.60000000,8.58500000,8.58500000,433.20000000,1639798199999,3723.90870000,18,103.50000000,890.06280000,0
1639798200000,8.58500000,8.59800000,8.58500000,8.59600000,2243.20000000,1639798379999,19282.97880000,35,210.20000000,1805.82340000,0
1639798380000,8.59600000,8.63800000,8.59600000,8.63600000,1625.70000000,1639798559999,14011.54280000,29,1112.90000000,9586.00980000,0
1639798560000,8.62900000,8.69300000,8.62900000,8.68700000,1852.90000000,1639798739999,16075.21800000,63,981.70000000,8517.22830000,0
1639798740000,8.69900000,8.72500000,8.68800000,8.69800000,2738.90000000,1639798919999,23836.22960000,61,981.00000000,8533.39220000,0
1639798920000,8.69700000,8.70300000,8.67100000,8.69700000,2868.40000000,1639799099999,24927.30970000,46,1274.50000000,11073.57570000,0
1639799100000,8.69700000,8.69700000,8.66800000,8.66900000,2837.90000000,1639799279999,24613.32740000,38,2300.90000000,19953.96390000,0
1639799280000,8.66600000,8.67800000,8.66200000,8.67500000,1861.80000000,1639799459999,16133.38290000,34,975.90000000,8457.14130000,0
1639799460000,8.65600000,8.65600000,8.62200000,8.63600000,2701.90000000,1639799639999,23333.20770000,80,1036.70000000,8944.79710000,0
1639799640000,8.64500000,8.64500000,8.63600000,8.63900000,341.60000000,1639799819999,2950.73920000,11,341.60000000,2950.73920000,0
1639799820000,8.63200000,8.63300000,8.63000000,8.63300000,608.80000000,1639799999999,5255.46480000,15,306.00000000,2641.49800000,0
1639800000000,8.63500000,8.64500000,8.63100000,8.64000000,1056.30000000,1639800179999,9124.99740000,14,556.00000000,4801.51410000,0
1639800180000,8.63000000,8.63000000,8.60400000,8.60400000,1339.60000000,1639800359999,11546.82340000,38,578.50000000,4985.04240000,0
1639800360000,8.60600000,8.60600000,8.56700000,8.56900000,2773.50000000,1639800539999,23805.16600000,79,1854.10000000,15913.97040000,0
1639800540000,8.56800000,8.58500000,8.56800000,8.58500000,2148.50000000,1639800719999,18417.41120000,47,1844.50000000,15811.02320000,0
1639800720000,8.59000000,8.59100000,8.57200000,8.58100000,1532.70000000,1639800899999,13155.79840000,26,714.80000000,6132.86060000,0
1639800900000,8.59100000,8.59100000,8.57000000,8.58600000,1250.90000000,1639801079999,10732.03390000,17,749.80000000,6428.58280000,0
1639801080000,8.58900000,8.62400000,8.58500000,8.61900000,2629.00000000,1639801259999,22649.81400000,45,791.00000000,6810.76020000,0
1639801260000,8.61100000,8.61600000,8.60500000,8.61600000,306.80000000,1639801439999,2641.32450000,7,194.20000000,1671.76200000,0
1639801440000,8.60400000,8.62200000,8.60400000,8.61500000,604.90000000,1639801619999,5211.75160000,13,145.20000000,1251.36730000,0
1639801620000,8.61400000,8.63600000,8.60400000,8.61600000,2377.50000000,1639801799999,20494.23480000,61,1121.50000000,9669.72000000,0
1639801800000,8.62400000,8.63400000,8.60300000,8.60700000,1217.80000000,1639801979999,10497.03500000,34,443.60000000,3826.32680000,0
1639801980000,8.60600000,8.60900000,8.60100000,8.60900000,841.50000000,1639802159999,7242.84560000,22,741.50000000,6382.74560000,0
1639802160000,8.61600000,8.61700000,8.60600000,8.60600000,391.50000000,1639802339999,3371.55890000,7,211.70000000,1822.30210000,0
1639802340000,8.60800000,8.62900000,8.60800000,8.62800000,1021.80000000,1639802519999,8808.13510000,21,371.50000000,3200.74150000,0
1639802520000,8.62900000,8.64700000,8.62600000,8.64300000,857.70000000,1639802699999,7411.02000000,19,285.20000000,2463.11360000,0
1639802700000,8.64100000,8.64400000,8.63000000,8.64400000,1049.30000000,1639802879999,9065.21630000,16,204.80000000,1769.37200000,0
1639802880000,8.64200000,8.66600000,8.64100000,8.65400000,868.30000000,1639803059999,7512.64720000,16,185.00000000,1601.14800000,0
1639803060000,8.64800000,8.65800000,8.64300000,8.65800000,619.20000000,1639803239999,5355.99420000,14,515.80000000,4460.97000000,0
1639803240000,8.65500000,8.66500000,8.64500000,8.64500000,395.20000000,1639803419999,3421.00640000,10,138.70000000,1200.30650000,0
1639803420000,8.64700000,8.64700000,8.63700000,8.63800000,497.40000000,1639803599999,4298.45800000,11,497.40000000,4298.45800000,0
1639803600000,8.64000000,8.64300000,8.60100000,8.62400000,4036.60000000,1639803779999,34818.77590000,87,1945.20000000,16774.81020000,0
1639803780000,8.62900000,8.64200000,8.62900000,8.63600000,1420.00000000,1639803959999,12264.01160000,26,391.90000000,3384.12360000,0
1639803960000,8.63700000,8.66100000,8.63000000,8.66100000,2250.70000000,1639804139999,19462.65250000,51,1625.60000000,14059.51410000,0
1639804140000,8.66100000,8.68000000,8.65200000,8.67700000,1633.90000000,1639804319999,14156.31210000,30,441.40000000,3824.66700000,0
1639804320000,8.68100000,8.68900000,8.67300000,8.67400000,2361.40000000,1639804499999,20499.69520000,47,1032.30000000,8957.60770000,0
1639804500000,8.68500000,8.68900000,8.66800000,8.68600000,788.10000000,1639804679999,6845.30370000,23,145.90000000,1267.13990000,0
1639804680000,8.68800000,8.68900000,8.68100000,8.68300000,177.80000000,1639804859999,1543.96430000,9,177.80000000,1543.96430000,0
1639804860000,8.68400000,8.68400000,8.68000000,8.68000000,580.60000000,1639805039999,5041.21030000,11,203.20000000,1763.97600000,0
1639805040000,8.68600000,8.70600000,8.68600000,8.70000000,1361.90000000,1639805219999,11843.02990000,21,857.30000000,7453.50990000,0
1639805220000,8.69500000,8.72400000,8.69000000,8.70400000,1407.60000000,1639805399999,12256.69550000,24,590.00000000,5137.72540000,0
1639805400000,8.70300000,8.71900000,8.70000000,8.71400000,647.50000000,1639805579999,5638.10880000,9,250.30000000,2179.01120000,0
1639805580000,8.71500000,8.72200000,8.70800000,8.71400000,832.60000000,1639805759999,7255.09460000,16,603.50000000,5257.91720000,0
1639805760000,8.71100000,8.72000000,8.70900000,8.72000000,900.60000000,1639805939999,7847.04420000,17,480.60000000,4187.34420000,0
1639805940000,8.72800000,8.74600000,8.72700000,8.74300000,1935.60000000,1639806119999,16916.25680000,33,1349.50000000,11792.07940000,0
1639806120000,8.73100000,8.73500000,8.72300000,8.73400000,1154.20000000,1639806299999,10078.21770000,19,221.30000000,1931.42880000,0
1639806300000,8.74200000,8.78000000,8.74200000,8.76300000,2618.60000000,1639806479999,22949.17750000,86,1557.50000000,13646.42630000,0
1639806480000,8.76300000,8.76500000,8.75100000,8.76000000,610.10000000,1639806659999,5344.42490000,20,605.40000000,5303.27320000,0
1639806660000,8.76000000,8.76000000,8.73000000,8.73000000,359.10000000,1639806839999,3137.23230000,15,24.00000000,209.99000000,0
1639806840000,8.73100000,8.76500000,8.73000000,8.74600000,1161.50000000,1639807019999,10156.49310000,19,818.40000000,7158.96570000,0
1639807020000,8.74700000,8.74700000,8.73300000,8.73400000,298.10000000,1639807199999,2603.84660000,9,92.60000000,809.09860000,0
1639807200000,8.73600000,8.75400000,8.71700000,8.75400000,1739.80000000,1639807379999,15195.90790000,34,699.90000000,6105.88870000,0
1639807380000,8.75100000,8.75500000,8.73100000,8.75100000,1134.30000000,1639807559999,9923.60220000,26,433.70000000,3795.78110000,0
1639807560000,8.76400000,8.80800000,8.76000000,8.79500000,5083.60000000,1639807739999,44669.50000000,181,3175.40000000,27897.29570000,0
1639807740000,8.79000000,8.79200000,8.76400000,8.76600000,812.40000000,1639807919999,7129.31050000,16,668.40000000,5864.39960000,0
1639807920000,8.76700000,8.77200000,8.72000000,8.72900000,2992.10000000,1639808099999,26146.75220000,65,1546.40000000,13503.97510000,0
1639808100000,8.72100000,8.74000000,8.71000000,8.73100000,1606.40000000,1639808279999,14008.31760000,32,1350.80000000,11780.69960000,0
1639808280000,8.73100000,8.73300000,8.69900000,8.70300000,642.80000000,1639808459999,5596.82430000,22,440.90000000,3839.87890000,0
1639808460000,8.70300000,8.70700000,8.66300000,8.67100000,1973.80000000,1639808639999,17136.72180000,47,1225.00000000,10636.29680000,0
1639808640000,8.67100000,8.67100000,8.64200000,8.65200000,2427.10000000,1639808819999,21007.48720000,49,968.70000000,8380.78950000,0
1639808820000,8.65400000,8.67600000,8.64600000,8.66500000,3300.20000000,1639808999999,28589.09550000,48,2884.60000000,24987.53290000,0
1639809000000,8.66500000,8.66900000,8.65600000,8.65800000,1626.20000000,1639809179999,14088.64690000,19,553.00000000,4789.39490000,0
1639809180000,8.65900000,8.68100000,8.65600000,8.66000000,981.50000000,1639809359999,8501.98170000,27,777.50000000,6734.11620000,0
1639809360000,8.67000000,8.67000000,8.66200000,8.66200000,326.50000000,1639809539999,2829.73460000,5,326.50000000,2829.73460000,0
1639809540000,8.66400000,8.66400000,8.63100000,8.63800000,749.70000000,1639809719999,6482.69470000,17,128.00000000,1108.32280000,0
1639809720000,8.63200000,8.64400000,8.62500000,8.63800000,787.20000000,1639809899999,6795.62420000,15,322.80000000,2786.35270000,0
1639809900000,8.63200000,8.64700000,8.63000000,8.63500000,957.40000000,1639810079999,8267.13420000,20,463.10000000,3998.16510000,0
1639810080000,8.63200000,8.63800000,8.62800000,8.63500000,449.80000000,1639810259999,3881.76970000,13,449.80000000,3881.76970000,0
1639810260000,8.63300000,8.64500000,8.63300000,8.63700000,967.70000000,1639810439999,8358.21780000,16,523.20000000,4518.41580000,0
1639810440000,8.63000000,8.63300000,8.62300000,8.62400000,726.80000000,1639810619999,6270.53630000,13,384.70000000,3318.05020000,0
1639810620000,8.62000000,8.62000000,8.60500000,8.61800000,1597.10000000,1639810799999,13757.49990000,29,838.90000000,7223.54810000,0
1639810800000,8.62200000,8.63500000,8.61600000,8.63500000,300.90000000,1639810979999,2594.74420000,7,210.00000000,1811.27000000,0
1639810980000,8.64100000,8.64700000,8.63100000,8.64200000,1210.90000000,1639811159999,10463.29890000,20,400.00000000,3454.93790000,0
1639811160000,8.64200000,8.64600000,8.62300000,8.62400000,1371.00000000,1639811339999,11831.57760000,27,628.70000000,5425.82200000,0
1639811340000,8.62300000,8.62300000,8.61200000,8.61200000,924.00000000,1639811519999,7962.28190000,21,292.80000000,2522.92250000,0
1639811520000,8.61500000,8.63400000,8.61500000,8.63400000,213.30000000,1639811699999,1839.37970000,4,113.30000000,976.27970000,0
1639811700000,8.62100000,8.63700000,8.62000000,8.62700000,298.60000000,1639811879999,2576.21060000,6,148.60000000,1282.95820000,0
1639811880000,8.63400000,8.63900000,8.63000000,8.63300000,652.80000000,1639812059999,5636.78430000,10,274.70000000,2371.17380000,0
1639812060000,8.63600000,8.66200000,8.63600000,8.66200000,689.50000000,1639812239999,5963.76540000,14,330.30000000,2858.87420000,0
1639812240000,8.66200000,8.66800000,8.63800000,8.64000000,1315.70000000,1639812419999,11376.88030000,31,489.70000000,4236.34910000,0
1639812420000,8.65600000,8.67400000,8.64700000,8.66000000,1679.10000000,1639812599999,14552.34870000,33,402.80000000,3490.54060000,0
1639812600000,8.66500000,8.66500000,8.65300000,8.65800000,360.90000000,1639812779999,3123.45010000,7,259.10000000,2242.45310000,0
1639812780000,8.66100000,8.66400000,8.65900000,8.65900000,411.20000000,1639812959999,3561.53200000,6,100.00000000,865.90000000,0
1639812960000,8.65400000,8.67300000,8.65400000,8.65800000,988.20000000,1639813139999,8562.89570000,17,434.40000000,3762.43960000,0
1639813140000,8.65400000,8.65800000,8.65200000,8.65200000,1704.10000000,1639813319999,14746.82460000,18,548.60000000,4748.16100000,0
1639813320000,8.65500000,8.65700000,8.65100000,8.65700000,1538.00000000,1639813499999,13308.24410000,22,828.90000000,7172.76050000,0
1639813500000,8.65900000,8.66300000,8.65900000,8.66200000,262.00000000,1639813679999,2269.24400000,3,0.00000000,0.00000000,0
1639813680000,8.67400000,8.67500000,8.65900000,8.65900000,540.10000000,1639813859999,4681.56770000,11,213.60000000,1851.38000000,0
1639813860000,8.65900000,8.67400000,8.65700000,8.67400000,649.80000000,1639814039999,5627.83780000,15,421.30000000,3649.12420000,0
1639814040000,8.67800000,8.69100000,8.67000000,8.69000000,1736.50000000,1639814219999,15082.36570000,37,1081.50000000,9392.81860000,0
1639814220000,8.68900000,8.68900000,8.68300000,8.68500000,651.80000000,1639814399999,5661.57760000,9,0.00000000,0.00000000,0
1639814400000,8.68100000,8.70500000,8.68100000,8.70300000,1614.70000000,1639814579999,14044.26250000,47,1257.50000000,10937.67890000,0
1639814580000,8.70500000,8.73200000,8.70500000,8.73200000,1358.60000000,1639814759999,11839.10130000,60,959.60000000,8362.10540000,0
1639814760000,8.73100000,8.76400000,8.73100000,8.75000000,2717.30000000,1639814939999,23785.13690000,50,792.10000000,6928.55180000,0
1639814940000,8.75200000,8.78700000,8.75200000,8.78200000,1743.60000000,1639815119999,15281.90580000,44,1016.30000000,8907.98630000,0
1639815120000,8.78100000,8.78900000,8.75100000,8.75600000,1479.30000000,1639815299999,12975.51210000,38,16.80000000,147.54800000,0
1639815300000,8.76500000,8.76700000,8.73700000,8.76700000,1060.50000000,1639815479999,9284.72860000,31,439.00000000,3841.66920000,0
1639815480000,8.77200000,8.78000000,8.76900000,8.78000000,945.70000000,1639815659999,8298.89260000,20,702.40000000,6163.15190000,0
1639815660000,8.78100000,8.79300000,8.76500000,8.76500000,2169.50000000,1639815839999,19050.09350000,44,1603.40000000,14080.66940000,0
1639815840000,8.76200000,8.76200000,8.74300000,8.75300000,1787.10000000,1639816019999,15636.49220000,29,994.10000000,8696.59150000,0
1639816020000,8.75000000,8.77400000,8.75000000,8.77200000,926.40000000,1639816199999,8119.40210000,21,576.70000000,5054.03370000,0
1639816200000,8.77000000,8.77100000,8.75500000,8.76500000,805.90000000,1639816379999,7061.93960000,25,382.00000000,3345.63470000,0
1639816380000,8.76400000,8.76400000,8.73400000,8.74300000,1622.80000000,1639816559999,14196.10810000,37,765.10000000,6692.47970000,0
1639816560000,8.74300000,8.76300000,8.74000000,8.75300000,1516.40000000,1639816739999,13274.57930000,47,809.30000000,7083.80990000,0
1639816740000,8.75000000,8.75000000,8.73300000,8.73800000,539.60000000,1639816919999,4717.33080000,11,287.00000000,2508.07500000,0
1639816920000,8.73700000,8.74400000,8.70700000,8.70700000,3075.30000000,1639817099999,26823.59300000,38,1017.90000000,8883.74720000,0
1639817100000,8.70800000,8.72000000,8.69600000,8.72000000,2072.60000000,1639817279999,18038.68780000,31,1285.30000000,11186.66820000,0
1639817280000,8.71600000,8.73000000,8.71000000,8.71000000,1097.30000000,1639817459999,9572.90900000,17,100.00000000,871.00000000,0
1639817460000,8.71200000,8.72900000,8.71200000,8.72900000,705.50000000,1639817639999,6152.05210000,15,697.10000000,6078.85810000,0
1639817640000,8.72400000,8.72900000,8.72200000,8.72200000,490.20000000,1639817819999,4277.00640000,10,173.00000000,1509.74200000,0
1639817820000,8.72300000,8.73100000,8.72300000,8.73100000,310.70000000,1639817999999,2711.47480000,5,210.70000000,1838.37480000,0
1639818000000,8.72600000,8.74300000,8.72500000,8.73200000,559.10000000,1639818179999,4882.84520000,10,110.00000000,959.85000000,0
1639818180000,8.74600000,8.75800000,8.74400000,8.75800000,801.70000000,1639818359999,7017.96840000,21,550.30000000,4817.32740000,0
1639818360000,8.76600000,8.76900000,8.75600000,8.75700000,634.40000000,1639818539999,5558.37420000,14,451.70000000,3958.32600000,0
1639818540000,8.75700000,8.75700000,8.74400000,8.74900000,696.10000000,1639818719999,6090.89960000,23,533.40000000,4666.61060000,0
1639818720000,8.75300000,8.75500000,8.74300000,8.75400000,1257.70000000,1639818899999,11005.96110000,20,680.60000000,5956.80330000,0
1639818900000,8.75800000,8.76800000,8.75500000,8.76500000,955.50000000,1639819079999,8372.45430000,13,274.10000000,2400.93360000,0
1639819080000,8.76900000,8.79300000,8.75800000,8.79200000,1945.90000000,1639819259999,17073.73490000,71,1270.40000000,11147.49430000,0
1639819260000,8.79200000,8.82200000,8.79200000,8.81700000,4434.90000000,1639819439999,39057.09460000,147,2902.80000000,25561.78270000,0
1639819440000,8.81900000,8.81900000,8.79200000,8.80900000,416.80000000,1639819619999,3671.24620000,12,157.70000000,1387.90480000,0
1639819620000,8.81300000,8.82100000,8.81300000,8.82000000,690.30000000,1639819799999,6086.35420000,19,467.90000000,4125.07860000,0
1639819800000,8.82200000,8.86700000,8.82100000,8.86300000,2119.20000000,1639819979999,18727.62470000,73,1612.00000000,14242.36180000,0
1639819980000,8.86600000,8.87200000,8.84200000,8.84800000,1791.20000000,1639820159999,15872.00480000,66,669.60000000,5936.04440000,0
1639820160000,8.84500000,8.85400000,8.84100000,8.85400000,520.90000000,1639820339999,4608.69740000,13,386.60000000,3419.72940000,0
1639820340000,8.84200000,8.84200000,8.81500000,8.81500000,1610.90000000,1639820519999,14220.48250000,41,914.90000000,8076.74410000,0
1639820520000,8.81500000,8.81500000,8.79200000,8.79400000,879.80000000,1639820699999,7741.69890000,28,388.30000000,3416.21170000,0
1639820700000,8.79700000,8.82900000,8.79700000,8.82200000,664.20000000,1639820879999,5855.65320000,20,377.70000000,3328.98790000,0
1639820880000,8.82000000,8.85000000,8.82000000,8.84500000,791.00000000,1639821059999,6987.31150000,25,397.80000000,3514.95100000,0
1639821060000,8.84400000,8.84400000,8.80800000,8.81400000,1353.10000000,1639821239999,11946.52820000,30,602.20000000,5317.68160000,0
1639821240000,8.81100000,8.82700000,8.80100000,8.82700000,1374.10000000,1639821419999,12106.09040000,28,922.60000000,8129.31340000,0
1639821420000,8.83100000,8.84200000,8.81900000,8.82700000,1298.60000000,1639821599999,11459.03790000,24,692.80000000,6113.90320000,0
1639821600000,8.83700000,8.85000000,8.83500000,8.83800000,855.70000000,1639821779999,7564.12850000,18,455.70000000,4028.52850000,0
1639821780000,8.82500000,8.83000000,8.81900000,8.82700000,540.20000000,1639821959999,4766.43290000,10,388.60000000,3428.17870000,0
1639821960000,8.81500000,8.81600000,8.80600000,8.80700000,123.00000000,1639822139999,1083.87520000,7,119.40000000,1052.17140000,0
1639822140000,8.82200000,8.82200000,8.81800000,8.81800000,252.10000000,1639822319999,2223.22700000,5,2.30000000,20.29060000,0
1639822320000,8.82100000,8.82200000,8.81000000,8.81400000,534.80000000,1639822499999,4714.40640000,9,416.10000000,3668.00330000,0
1639822500000,8.81700000,8.81800000,8.80100000,8.80900000,937.00000000,1639822679999,8257.03940000,19,143.20000000,1262.42560000,0
1639822680000,8.81900000,8.84200000,8.81900000,8.83100000,801.80000000,1639822859999,7083.15590000,15,371.00000000,3277.47080000,0
1639822860000,8.83200000,8.85400000,8.83200000,8.84200000,1320.40000000,1639823039999,11684.05700000,15,1020.40000000,9030.05700000,0
1639823040000,8.84300000,8.84300000,8.82300000,8.82900000,113.30000000,1639823219999,1000.33640000,5,104.60000000,923.56820000,0
1639823220000,8.82000000,8.82300000,8.78200000,8.79900000,7013.90000000,1639823399999,61730.50020000,76,376.00000000,3311.58080000,0
1639823400000,8.80100000,8.81300000,8.79000000,8.79600000,1408.50000000,1639823579999,12399.76780000,32,439.00000000,3862.26540000,0
1639823580000,8.79500000,8.79500000,8.78600000,8.78700000,1473.70000000,1639823759999,12956.14090000,36,1121.90000000,9862.67210000,0
1639823760000,8.78600000,8.79800000,8.78600000,8.79300000,368.80000000,1639823939999,3243.23160000,8,100.00000000,879.30000000,0
1639823940000,8.79200000,8.80200000,8.79200000,8.79400000,2070.90000000,1639824119999,18214.70310000,33,1543.20000000,13571.45400000,0
1639824120000,8.80200000,8.82100000,8.79900000,8.80200000,1467.10000000,1639824299999,12921.28850000,30,658.20000000,5797.90830000,0
1639824300000,8.80200000,8.84100000,8.80200000,8.80800000,4788.50000000,1639824479999,42247.49910000,71,2692.80000000,23754.84920000,0
1639824480000,8.81000000,8.82700000,8.80900000,8.81200000,2137.40000000,1639824659999,18849.38230000,31,1000.10000000,8816.23160000,0
1639824660000,8.82100000,8.82100000,8.80600000,8.80700000,1354.30000000,1639824839999,11930.37990000,23,1004.30000000,8845.15790000,0
1639824840000,8.81100000,8.82700000,8.80800000,8.81500000,1433.90000000,1639825019999,12642.33200000,28,747.20000000,6592.12620000,0
1639825020000,8.81600000,8.83000000,8.81000000,8.82000000,1432.30000000,1639825199999,12634.36250000,26,827.80000000,7303.62540000,0
1639825200000,8.82100000,8.82400000,8.80800000,8.81600000,1025.10000000,1639825379999,9040.19490000,18,517.80000000,4565.50160000,0
1639825380000,8.81300000,8.81800000,8.81300000,8.81600000,48.50000000,1639825559999,427.58360000,3,0.00000000,0.00000000,0
1639825560000,8.81400000,8.81400000,8.79500000,8.79600000,1683.10000000,1639825739999,14815.54210000,39,792.10000000,6968.74450000,0
1639825740000,8.79900000,8.80000000,8.79500000,8.80000000,255.60000000,1639825919999,2248.86300000,9,114.20000000,1004.85770000,0
1639825920000,8.80400000,8.81100000,8.79700000,8.79700000,1367.20000000,1639826099999,12033.18470000,18,114.10000000,1004.47410000,0
1639826100000,8.79400000,8.80400000,8.78700000,8.79800000,1323.00000000,1639826279999,11635.24560000,29,541.50000000,4762.38470000,0
1639826280000,8.78100000,8.78800000,8.77400000,8.78200000,192.50000000,1639826459999,1690.15600000,15,2.90000000,25.47840000,0
1639826460000,8.77800000,8.78900000,8.77800000,8.78100000,404.70000000,1639826639999,3554.24770000,13,62.20000000,546.66040000,0
1639826640000,8.78200000,8.80500000,8.78200000,8.80100000,1087.70000000,1639826819999,9564.42920000,33,703.30000000,6185.14780000,0
1639826820000,8.80700000,8.80900000,8.79900000,8.80700000,581.60000000,1639826999999,5120.94830000,18,274.00000000,2413.28560000,0
1639827000000,8.79200000,8.80800000,8.79200000,8.80700000,227.30000000,1639827179999,2001.80540000,5,100.00000000,880.80000000,0
1639827180000,8.80800000,8.81600000,8.80800000,8.81100000,506.20000000,1639827359999,4459.42470000,18,360.90000000,3179.08870000,0
1639827360000,8.81400000,8.81600000,8.81400000,8.81600000,200.00000000,1639827539999,1763.00000000,3,0.00000000,0.00000000,0
1639827540000,8.82200000,8.82200000,8.80700000,8.81600000,1151.60000000,1639827719999,10153.65540000,26,308.40000000,2719.69330000,0
1639827720000,8.81900000,8.83800000,8.81600000,8.81900000,2272.60000000,1639827899999,20060.37220000,46,723.30000000,6383.37960000,0
1639827900000,8.82100000,8.82100000,8.79500000,8.80200000,730.30000000,1639828079999,6429.62170000,16,479.80000000,4223.47040000,0
1639828080000,8.80400000,8.80600000,8.80400000,8.80600000,134.50000000,1639828259999,1184.18070000,5,113.10000000,995.74370000,0
1639828260000,8.80900000,8.81100000,8.79900000,8.80000000,838.80000000,1639828439999,7386.04170000,20,451.30000000,3973.40250000,0
1639828440000,8.79500000,8.80200000,8.79000000,8.80200000,463.50000000,1639828619999,4077.20530000,11,326.50000000,2872.60030000,0
1639828620000,8.80400000,8.80700000,8.79100000,8.80600000,322.20000000,1639828799999,2836.88420000,6,0.00000000,0.00000000,0
1639828800000,8.80700000,8.81100000,8.79600000,8.81100000,914.20000000,1639828979999,8050.21750000,13,100.00000000,879.60000000,0
1639828980000,8.81900000,8.83000000,8.80800000,8.80800000,2023.90000000,1639829159999,17857.26720000,46,1169.00000000,10314.36200000,0
1639829160000,8.82300000,8.82800000,8.82300000,8.82800000,559.90000000,1639829339999,4941.78360000,13,209.90000000,1852.09360000,0
1639829340000,8.83000000,8.83400000,8.81300000,8.82800000,2118.00000000,1639829519999,18703.06690000,35,381.70000000,3369.33680000,0
1639829520000,8.82600000,8.82600000,8.81100000,8.81100000,1390.30000000,1639829699999,12259.88370000,33,1021.50000000,9007.12470000,0
1639829700000,8.81500000,8.81500000,8.79200000,8.80400000,1041.60000000,1639829879999,9171.84720000,29,275.70000000,2427.34950000,0
1639829880000,8.79500000,8.80200000,8.79300000,8.79500000,57.40000000,1639830059999,504.78880000,4,28.50000000,250.60350000,0
1639830060000,8.79600000,8.79600000,8.78700000,8.78700000,332.20000000,1639830239999,2921.33180000,7,100.00000000,879.20000000,0
1639830240000,8.78500000,8.78500000,8.75300000,8.75900000,2645.40000000,1639830419999,23183.94600000,70,1254.60000000,10990.56490000,0
1639830420000,8.76600000,8.76900000,8.76600000,8.76900000,580.10000000,1639830599999,5086.12620000,10,580.10000000,5086.12620000,0
1639830600000,8.76400000,8.77700000,8.75700000,8.77700000,349.90000000,1639830779999,3067.71840000,11,78.10000000,684.82980000,0
1639830780000,8.77100000,8.78000000,8.77100000,8.78000000,446.00000000,1639830959999,3914.39510000,11,116.20000000,1020.23600000,0
1639830960000,8.78600000,8.79600000,8.76000000,8.76400000,3535.30000000,1639831139999,31025.45650000,56,1544.40000000,13548.26150000,0
1639831140000,8.76100000,8.76600000,8.74900000,8.74900000,494.50000000,1639831319999,4329.59820000,16,181.50000000,1589.43080000,0
1639831320000,8.75300000,8.75300000,8.74400000,8.74700000,206.50000000,1639831499999,1806.84690000,7,101.10000000,884.92170000,0
1639831500000,8.75000000,8.77800000,8.75000000,8.77800000,893.80000000,1639831679999,7837.31240000,16,693.80000000,6082.51240000,0
1639831680000,8.78400000,8.78600000,8.75800000,8.77000000,937.80000000,1639831859999,8224.05000000,13,110.80000000,970.51600000,0
1639831860000,8.77900000,8.78800000,8.77900000,8.78800000,335.20000000,1639832039999,2943.43160000,8,35.60000000,312.84320000,0
1639832040000,8.78000000,8.78000000,8.77400000,8.77400000,254.90000000,1639832219999,2237.92650000,6,0.00000000,0.00000000,0
1639832220000,8.78000000,8.79800000,8.77700000,8.79200000,4348.50000000,1639832399999,38186.52100000,38,3359.90000000,29501.62390000,0
1639832400000,8.78800000,8.80000000,8.76900000,8.76900000,771.70000000,1639832579999,6780.16290000,17,70.40000000,618.95340000,0
1639832580000,8.76200000,8.78800000,8.76200000,8.78800000,254.10000000,1639832759999,2228.59450000,17,150.20000000,1318.09140000,0
1639832760000,8.78900000,8.79600000,8.77900000,8.79600000,1322.70000000,1639832939999,11620.01510000,19,59.90000000,526.35990000,0
1639832940000,8.79600000,8.79600000,8.77100000,8.77700000,849.50000000,1639833119999,7458.22730000,21,565.50000000,4963.53950000,0
1639833120000,8.78100000,8.78900000,8.77500000,8.78700000,570.10000000,1639833299999,5008.38190000,15,311.10000000,2733.16330000,0
1639833300000,8.78400000,8.78600000,8.77200000,8.77300000,2095.20000000,1639833479999,18389.33020000,45,1021.40000000,8962.29460000,0
1639833480000,8.77400000,8.77700000,8.75300000,8.76300000,1808.10000000,1639833659999,15848.19770000,36,1079.60000000,9461.05920000,0
1639833660000,8.77200000,8.77200000,8.76400000,8.77200000,601.90000000,1639833839999,5279.29510000,16,369.10000000,3237.43590000,0
1639833840000,8.77200000,8.77200000,8.76500000,8.76500000,199.20000000,1639834019999,1746.78500000,7,71.00000000,622.81200000,0
1639834020000,8.76800000,8.77800000,8.76100000,8.76200000,671.00000000,1639834199999,5885.46550000,17,471.00000000,4130.26550000,0
1639834200000,8.76100000,8.77000000,8.75900000,8.76800000,680.20000000,1639834379999,5961.26270000,13,459.40000000,4025.91950000,0
1639834380000,8.75900000,8.76200000,8.75600000,8.76200000,303.50000000,1639834559999,2658.26700000,5,200.00000000,1751.70000000,0
1639834560000,8.77200000,8.77200000,8.74400000,8.75100000,1503.50000000,1639834739999,13164.47160000,40,649.20000000,5682.49680000,0
1639834740000,8.75400000,8.75500000,8.73900000,8.73900000,1470.20000000,1639834919999,12859.77100000,27,572.70000000,5011.68850000,0
1639834920000,8.73900000,8.74000000,8.71700000,8.72400000,4780.70000000,1639835099999,41743.28920000,92,1700.50000000,14853.09500000,0
1639835100000,8.71600000,8.72400000,8.71500000,8.71600000,1561.80000000,1639835279999,13614.75120000,48,1153.30000000,10053.84760000,0
1639835280000,8.73000000,8.73200000,8.70800000,8.71500000,1343.50000000,1639835459999,11709.89120000,42,1027.20000000,8953.61600000,0
1639835460000,8.70700000,8.70800000,8.70000000,8.70400000,1039.00000000,1639835639999,9043.97680000,24,611.80000000,5325.41120000,0
1639835640000,8.70100000,8.71200000,8.70100000,8.70200000,848.40000000,1639835819999,7385.46160000,19,276.50000000,2406.24320000,0
1639835820000,8.70200000,8.70200000,8.67000000,8.67100000,2585.10000000,1639835999999,22460.54880000,53,311.40000000,2703.70480000,0
1639836000000,8.67200000,8.69000000,8.65900000,8.68300000,2934.40000000,1639836179999,25445.83670000,81,2562.90000000,22224.52680000,0
1639836180000,8.67900000,8.70800000,8.67300000,8.70100000,1250.10000000,1639836359999,10861.20250000,27,416.30000000,3622.43510000,0
1639836360000,8.70400000,8.70800000,8.69600000,8.69600000,301.50000000,1639836539999,2622.86980000,7,180.00000000,1566.06280000,0
1639836540000,8.68100000,8.69900000,8.68000000,8.69900000,281.70000000,1639836719999,2447.13770000,6,152.70000000,1325.48870000,0
1639836720000,8.70200000,8.71100000,8.70000000,8.70300000,1625.10000000,1639836899999,14147.59930000,37,356.20000000,3100.99380000,0
1639836900000,8.71800000,8.73000000,8.71800000,8.72700000,719.80000000,1639837079999,6279.38990000,23,570.50000000,4976.64460000,0
1639837080000,8.73400000,8.75300000,8.73400000,8.75200000,979.10000000,1639837259999,8561.61000000,23,601.00000000,5253.84600000,0
1639837260000,8.75200000,8.75700000,8.74300000,8.74700000,945.40000000,1639837439999,8271.05910000,17,161.50000000,1412.08800000,0
1639837440000,8.73900000,8.73900000,8.72500000,8.73400000,750.20000000,1639837619999,6551.81540000,14,335.40000000,2929.07500000,0
1639837620000,8.74000000,8.74300000,8.72800000,8.74300000,499.10000000,1639837799999,4359.79330000,11,399.10000000,3485.79330000,0
1639837800000,8.73400000,8.75500000,8.73400000,8.74700000,1662.60000000,1639837979999,14542.41720000,40,862.20000000,7539.80460000,0
1639837980000,8.75700000,8.75700000,8.73500000,8.73900000,648.20000000,1639838159999,5666.85160000,10,300.00000000,2621.10000000,0
1639838160000,8.75000000,8.75300000,8.74000000,8.74100000,353.50000000,1639838339999,3091.56140000,6,306.80000000,2682.79630000,0
1639838340000,8.74300000,8.76500000,8.74300000,8.76500000,281.80000000,1639838519999,2468.50200000,15,236.80000000,2074.31310000,0
1639838520000,8.76400000,8.77100000,8.76400000,8.76900000,414.20000000,1639838699999,3632.33390000,14,366.60000000,3214.96490000,0
1639838700000,8.77200000,8.79000000,8.77200000,8.78700000,1288.80000000,1639838879999,11321.61670000,34,713.80000000,6269.14780000,0
1639838880000,8.79100000,8.79100000,8.78700000,8.78700000,45.00000000,1639839059999,395.57940000,4,41.10000000,361.31010000,0
1639839060000,8.78600000,8.79200000,8.77700000,8.79100000,1410.10000000,1639839239999,12386.99600000,20,244.30000000,2146.60630000,0
1639839240000,8.78800000,8.80400000,8.78800000,8.80300000,1900.80000000,1639839419999,16722.59970000,62,896.70000000,7889.01260000,0
1639839420000,8.80200000,8.80900000,8.80000000,8.80700000,1836.60000000,1639839599999,16170.98210000,74,919.10000000,8092.41740000,0
1639839600000,8.80400000,8.80600000,8.79200000,8.79900000,1967.20000000,1639839779999,17308.40650000,43,1314.20000000,11561.44830000,0
1639839780000,8.80000000,8.81000000,8.79900000,8.80300000,2039.00000000,1639839959999,17948.66950000,59,952.20000000,8382.25470000,0
1639839960000,8.79700000,8.82100000,8.79500000,8.82100000,1627.30000000,1639840139999,14336.10350000,35,617.50000000,5440.35130000,0
1639840140000,8.82000000,8.82700000,8.80800000,8.81100000,4319.60000000,1639840319999,38100.64910000,129,839.00000000,7400.81430000,0
1639840320000,8.80700000,8.81800000,8.80700000,8.81700000,1236.30000000,1639840499999,10895.58120000,20,473.90000000,4175.37660000,0
1639840500000,8.82000000,8.82900000,8.81700000,8.82000000,1570.40000000,1639840679999,13860.54880000,44,477.90000000,4216.85690000,0
1639840680000,8.82000000,8.82800000,8.81200000,8.81400000,979.70000000,1639840859999,8641.28060000,22,623.20000000,5496.89980000,0
1639840860000,8.81500000,8.82400000,8.81200000,8.82400000,690.90000000,1639841039999,6090.69540000,20,445.20000000,3924.56710000,0
1639841040000,8.82700000,8.82800000,8.80800000,8.80900000,1024.40000000,1639841219999,9028.92020000,30,472.90000000,4168.96870000,0
1639841220000,8.80600000,8.81400000,8.80500000,8.81200000,1248.00000000,1639841399999,10995.38620000,20,442.90000000,3901.42510000,0
1639841400000,8.81200000,8.81200000,8.79200000,8.79700000,857.00000000,1639841579999,7541.43270000,22,340.60000000,2996.49330000,0
1639841580000,8.78800000,8.79800000,8.76900000,8.79800000,1659.60000000,1639841759999,14576.93410000,45,1173.90000000,10308.61110000,0
1639841760000,8.80100000,8.80400000,8.79400000,8.80100000,1215.20000000,1639841939999,10690.95740000,25,599.80000000,5275.63480000,0
1639841940000,8.79700000,8.80100000,8.78200000,8.79500000,769.40000000,1639842119999,6763.69470000,16,381.40000000,3351.68560000,0
1639842120000,8.79100000,8.80400000,8.77700000,8.80200000,870.40000000,1639842299999,7652.25630000,24,448.60000000,3942.91290000,0
1639842300000,8.80400000,8.80700000,8.77300000,8.77400000,798.10000000,1639842479999,7022.03730000,14,483.20000000,4250.52340000,0
1639842480000,8.77500000,8.77700000,8.75700000,8.76500000,1437.90000000,1639842659999,12605.61870000,25,660.70000000,5791.99930000,0
1639842660000,8.76200000,8.76200000,8.75400000,8.75800000,875.80000000,1639842839999,7668.54160000,8,775.80000000,6792.34160000,0
1639842840000,8.76400000,8.77500000,8.76400000,8.77500000,324.60000000,1639843019999,2845.97310000,10,104.40000000,915.61570000,0
1639843020000,8.77100000,8.77600000,8.75400000,8.75600000,940.80000000,1639843199999,8247.73380000,17,511.40000000,4483.00820000,0
1639843200000,8.74500000,8.75000000,8.73000000,8.73400000,987.50000000,1639843379999,8630.15120000,30,354.10000000,3092.88960000,0
1639843380000,8.73600000,8.73600000,8.70600000,8.73200000,1220.60000000,1639843559999,10642.09510000,33,627.80000000,5474.81780000,0
1639843560000,8.72400000,8.72900000,8.71300000,8.72800000,715.80000000,1639843739999,6243.07100000,9,329.80000000,2874.40700000,0
1639843740000,8.72600000,8.74400000,8.72600000,8.74400000,842.70000000,1639843919999,7361.10150000,28,651.40000000,5690.35530000,0
1639843920000,8.74900000,8.75300000,8.73700000,8.75300000,1529.60000000,1639844099999,13373.80020000,63,1005.80000000,8793.63240000,0
1639844100000,8.74200000,8.75200000,8.74200000,8.75200000,578.90000000,1639844279999,5064.93250000,13,100.00000000,875.10000000,0
1639844280000,8.74600000,8.76300000,8.74600000,8.76100000,866.80000000,1639844459999,7589.69460000,18,398.60000000,3487.89440000,0
1639844460000,8.75500000,8.77100000,8.75500000,8.76300000,693.50000000,1639844639999,6077.46430000,18,376.20000000,3297.08180000,0
1639844640000,8.76000000,8.76000000,8.74400000,8.74900000,441.40000000,1639844819999,3863.43590000,8,56.90000000,498.04090000,0
1639844820000,8.75500000,8.75700000,8.74500000,8.75400000,427.40000000,1639844999999,3740.39920000,10,327.40000000,2864.99920000,0
1639845000000,8.75000000,8.75000000,8.74200000,8.74200000,733.90000000,1639845179999,6418.65370000,17,365.80000000,3199.31330000,0
1639845180000,8.73600000,8.73900000,8.71800000,8.71800000,1445.00000000,1639845359999,12615.43070000,29,524.20000000,4574.28180000,0
1639845360000,8.71900000,8.72200000,8.71000000,8.71300000,342.30000000,1639845539999,2983.94430000,8,229.50000000,2000.41670000,0
1639845540000,8.72100000,8.74000000,8.72100000,8.74000000,472.70000000,1639845719999,4128.53870000,13,441.70000000,3858.02570000,0
1639845720000,8.74300000,8.74800000,8.72400000,8.73100000,916.30000000,1639845899999,8004.70120000,21,557.80000000,4870.42490000,0
1639845900000,8.72700000,8.74700000,8.72600000,8.74700000,729.50000000,1639846079999,6371.28870000,19,364.40000000,3183.81610000,0
1639846080000,8.75700000,8.75700000,8.74400000,8.75200000,2262.40000000,1639846259999,19807.40740000,31,1376.20000000,12049.71260000,0
1639846260000,8.75400000,8.76000000,8.74800000,8.75100000,1213.10000000,1639846439999,10620.63710000,19,524.60000000,4591.45260000,0
1639846440000,8.74200000,8.75100000,8.74200000,8.74900000,720.40000000,1639846619999,6302.49940000,19,374.10000000,3272.72070000,0
1639846620000,8.73500000,8.73500000,8.72100000,8.72600000,652.60000000,1639846799999,5695.96780000,10,492.40000000,4297.04220000,0
1639846800000,8.72300000,8.72600000,8.71100000,8.71100000,1019.60000000,1639846979999,8888.10820000,28,602.20000000,5251.09180000,0
1639846980000,8.71700000,8.72100000,8.71000000,8.71000000,920.60000000,1639847159999,8023.11950000,23,454.60000000,3962.07490000,0
1639847160000,8.71000000,8.71000000,8.70100000,8.70700000,1049.60000000,1639847339999,9138.12020000,17,605.50000000,5272.78650000,0
1639847340000,8.70700000,8.72000000,8.70600000,8.72000000,152.70000000,1639847519999,1331.16510000,9,141.00000000,1229.30490000,0
1639847520000,8.72900000,8.73500000,8.71900000,8.73100000,1961.80000000,1639847699999,17124.94300000,38,635.40000000,5546.14560000,0
1639847700000,8.73100000,8.73500000,8.71900000,8.72500000,915.00000000,1639847879999,7984.64580000,24,248.40000000,2167.63040000,0
1639847880000,8.72300000,8.72300000,8.71300000,8.71300000,426.00000000,1639848059999,3712.76440000,6,200.00000000,1742.60000000,0
1639848060000,8.72300000,8.74400000,8.72300000,8.73800000,1019.70000000,1639848239999,8903.33240000,39,665.10000000,5807.99660000,0
1639848240000,8.73600000,8.73600000,8.71400000,8.71400000,1049.10000000,1639848419999,9154.43960000,18,356.40000000,3109.82710000,0
1639848420000,8.71500000,8.71500000,8.70300000,8.71400000,1791.50000000,1639848599999,15607.02300000,60,1292.60000000,11261.29760000,0
1639848600000,8.71500000,8.72300000,8.70200000,8.72300000,1195.30000000,1639848779999,10415.54000000,26,494.40000000,4308.15280000,0
1639848780000,8.72400000,8.73800000,8.72400000,8.73800000,1585.50000000,1639848959999,13839.84410000,43,1102.40000000,9623.62880000,0
1639848960000,8.74000000,8.74200000,8.72600000,8.72600000,823.90000000,1639849139999,7199.29600000,16,15.10000000,131.84970000,0
1639849140000,8.72400000,8.73700000,8.70700000,8.71900000,2885.30000000,1639849319999,25165.91930000,51,1639.10000000,14297.75820000,0
1639849320000,8.71700000,8.72000000,8.71700000,8.71900000,632.50000000,1639849499999,5514.50780000,8,346.10000000,3017.28620000,0
1639849500000,8.72100000,8.73100000,8.71600000,8.71600000,826.00000000,1639849679999,7205.42860000,16,450.30000000,3926.70920000,0
1639849680000,8.72200000,8.72400000,8.72000000,8.72400000,400.00000000,1639849859999,3488.80000000,5,200.00000000,1744.40000000,0
1639849860000,8.70500000,8.72100000,8.70500000,8.71000000,1334.50000000,1639850039999,11625.78860000,19,693.00000000,6037.25250000,0
1639850040000,8.70900000,8.72400000,8.70900000,8.72400000,620.20000000,1639850219999,5402.88920000,13,347.70000000,3028.79560000,0
1639850220000,8.72400000,8.72600000,8.71600000,8.71700000,723.20000000,1639850399999,6308.28060000,18,317.10000000,2765.91460000,0
1639850400000,8.72900000,8.73400000,8.72600000,8.73100000,664.40000000,1639850579999,5800.19160000,24,347.70000000,3035.56740000,0
1639850580000,8.72800000,8.73400000,8.72800000,8.73400000,447.50000000,1639850759999,3908.28060000,20,374.70000000,3272.62080000,0
1639850760000,8.73400000,8.75500000,8.73200000,8.75200000,1246.10000000,1639850939999,10893.89840000,56,772.40000000,6755.45780000,0
1639850940000,8.75400000,8.76000000,8.74700000,8.74700000,1886.70000000,1639851119999,16519.51890000,42,709.60000000,6212.46990000,0
1639851120000,8.74600000,8.75500000,8.74600000,8.75500000,239.60000000,1639851299999,2096.37850000,5,119.50000000,1045.80300000,0
1639851300000,8.75700000,8.77600000,8.74700000,8.75900000,2617.70000000,1639851479999,22945.38100000,82,1306.20000000,11449.09990000,0
1639851480000,8.76200000,8.78600000,8.76200000,8.78500000,1668.90000000,1639851659999,14643.25700000,57,1151.40000000,10101.29570000,0
1639851660000,8.78600000,8.79900000,8.78600000,8.79500000,1841.00000000,1639851839999,16186.25100000,41,901.70000000,7927.56870000,0
1639851840000,8.79500000,8.81700000,8.79000000,8.81600000,2751.70000000,1639852019999,24223.25290000,84,1545.80000000,13612.77630000,0
1639852020000,8.81600000,8.82300000,8.79700000,8.79700000,2706.70000000,1639852199999,23854.56930000,63,1532.40000000,13501.93630000,0
1639852200000,8.79600000,8.81100000,8.78100000,8.79300000,2369.10000000,1639852379999,20826.52700000,56,1440.60000000,12660.55100000,0
1639852380000,8.79100000,8.79100000,8.78100000,8.78400000,495.70000000,1639852559999,4354.05480000,14,304.70000000,2676.42780000,0
1639852560000,8.78200000,8.78200000,8.76800000,8.77400000,1151.10000000,1639852739999,10098.68330000,23,396.30000000,3476.64670000,0
1639852740000,8.77700000,8.77800000,8.77000000,8.77000000,396.40000000,1639852919999,3477.10850000,10,355.50000000,3118.12600000,0
1639852920000,8.77000000,8.77700000,8.77000000,8.77200000,735.10000000,1639853099999,6447.89920000,13,309.70000000,2716.30450000,0
1639853100000,8.77200000,8.77900000,8.77200000,8.77300000,496.70000000,1639853279999,4358.49360000,14,156.50000000,1372.87450000,0
1639853280000,8.77600000,8.78300000,8.77300000,8.77700000,1177.40000000,1639853459999,10336.03910000,26,524.30000000,4601.39690000,0
1639853460000,8.77300000,8.77300000,8.76300000,8.76700000,370.00000000,1639853639999,3243.42030000,8,213.50000000,1871.55450000,0
1639853640000,8.76500000,8.77000000,8.76200000,8.76200000,265.20000000,1639853819999,2324.01800000,8,130.60000000,1144.65280000,0
1639853820000,8.76200000,8.76200000,8.75500000,8.75700000,386.20000000,1639853999999,3383.01140000,10,217.30000000,1903.75510000,0
1639854000000,8.75700000,8.76700000,8.75700000,8.75900000,712.80000000,1639854179999,6244.09990000,13,495.40000000,4339.79330000,0
1639854180000,8.75600000,8.75800000,8.73800000,8.74400000,1701.00000000,1639854359999,14873.11720000,26,570.40000000,4987.45350000,0
1639854360000,8.73700000,8.73700000,8.70200000,8.71600000,2581.90000000,1639854539999,22526.79170000,61,1107.50000000,9661.72040000,0
1639854540000,8.71100000,8.71200000,8.68200000,8.69100000,2525.80000000,1639854719999,21956.73960000,64,1473.30000000,12806.54230000,0
1639854720000,8.67800000,8.68700000,8.66200000,8.68500000,1128.90000000,1639854899999,9792.55310000,28,692.90000000,6008.38060000,0
1639854900000,8.69400000,8.69400000,8.68500000,8.68600000,162.90000000,1639855079999,1415.74110000,7,58.50000000,508.12270000,0
1639855080000,8.68900000,8.71100000,8.68600000,8.71100000,370.70000000,1639855259999,3222.65840000,9,370.70000000,3222.65840000,0
1639855260000,8.71000000,8.72500000,8.70700000,8.70900000,668.00000000,1639855439999,5820.09700000,14,221.10000000,1926.85990000,0
1639855440000,8.70700000,8.71900000,8.70700000,8.71800000,450.20000000,1639855619999,3921.73630000,10,305.70000000,2661.88530000,0
1639855620000,8.73100000,8.73100000,8.71600000,8.71700000,652.20000000,1639855799999,5688.66170000,12,244.50000000,2131.25690000,0
1639855800000,8.72700000,8.73000000,8.70800000,8.70800000,97.00000000,1639855979999,846.29010000,4,85.50000000,746.14810000,0
1639855980000,8.72000000,8.72000000,8.71600000,8.72000000,131.40000000,1639856159999,1145.65760000,5,111.30000000,970.43600000,0
1639856160000,8.72900000,8.76400000,8.72900000,8.76400000,982.50000000,1639856339999,8590.91980000,53,817.20000000,7144.07310000,0
1639856340000,8.75700000,8.76900000,8.75400000,8.76600000,1014.40000000,1639856519999,8887.24550000,28,636.30000000,5575.44350000,0
1639856520000,8.77400000,8.78900000,8.77300000,8.78500000,915.00000000,1639856699999,8035.97270000,40,301.30000000,2645.65010000,0
1639856700000,8.78400000,8.82200000,8.78400000,8.82000000,1408.50000000,1639856879999,12401.69680000,43,1005.60000000,8848.91620000,0
1639856880000,8.81000000,8.83500000,8.80500000,8.82800000,2345.00000000,1639857059999,20689.19730000,47,1690.10000000,14911.71370000,0
1639857060000,8.83200000,8.84100000,8.81300000,8.83700000,1960.10000000,1639857239999,17312.93050000,37,558.70000000,4934.16500000,0
1639857240000,8.83400000,8.85000000,8.82000000,8.82000000,3773.10000000,1639857419999,33343.04510000,92,664.90000000,5872.88610000,0
1639857420000,8.82000000,8.82000000,8.78800000,8.79500000,2148.60000000,1639857599999,18921.99600000,34,1187.20000000,10448.84170000,0
1639857600000,8.79700000,8.80000000,8.74300000,8.74300000,2607.70000000,1639857779999,22872.82730000,53,1380.90000000,12110.47190000,0
1639857780000,8.74000000,8.76000000,8.73300000,8.76000000,1290.60000000,1639857959999,11281.99870000,23,572.10000000,4999.51030000,0
1639857960000,8.75500000,8.75500000,8.73600000,8.73600000,304.40000000,1639858139999,2660.82200000,4,204.40000000,1785.72200000,0
1639858140000,8.73700000,8.76100000,8.73700000,8.75700000,998.90000000,1639858319999,8739.78280000,15,607.50000000,5312.63970000,0
1639858320000,8.75400000,8.75500000,8.74700000,8.75400000,498.40000000,1639858499999,4362.26530000,11,298.40000000,2611.56530000,0
1639858500000,8.75100000,8.75800000,8.73000000,8.73100000,962.60000000,1639858679999,8420.09330000,22,482.80000000,4222.95130000,0
1639858680000,8.73200000,8.73800000,8.69700000,8.72000000,2663.50000000,1639858859999,23231.37410000,64,1795.10000000,15654.48720000,0
1639858860000,8.72100000,8.72700000,8.71400000,8.72100000,368.20000000,1639859039999,3211.00060000,8,268.20000000,2338.30060000,0
1639859040000,8.71700000,8.71700000,8.69800000,8.70600000,2479.40000000,1639859219999,21588.38710000,46,1379.60000000,12010.23590000,0
1639859220000,8.69900000,8.71100000,8.69900000,8.70700000,790.00000000,1639859399999,6875.90980000,15,690.00000000,6004.80980000,0
1639859400000,8.70600000,8.73000000,8.70600000,8.71600000,647.10000000,1639859579999,5639.22720000,17,445.70000000,3883.22060000,0
1639859580000,8.70800000,8.70800000,8.68900000,8.70300000,1221.80000000,1639859759999,10627.53870000,25,654.50000000,5690.82720000,0
1639859760000,8.70000000,8.70200000,8.69100000,8.69600000,1099.50000000,1639859939999,9562.36440000,22,565.80000000,4919.99320000,0
1639859940000,8.69400000,8.70500000,8.69400000,8.70200000,828.70000000,1639860119999,7209.09830000,18,606.20000000,5273.73840000,0
1639860120000,8.70300000,8.70300000,8.69600000,8.69700000,350.30000000,1639860299999,3047.65910000,6,250.30000000,2177.35910000,0
1639860300000,8.70500000,8.71700000,8.70500000,8.70700000,187.30000000,1639860479999,1631.45020000,7,59.20000000,515.38350000,0
1639860480000,8.71100000,8.73100000,8.71100000,8.72700000,292.60000000,1639860659999,2552.43860000,3,192.60000000,1679.33860000,0
1639860660000,8.73100000,8.73100000,8.70800000,8.70800000,1592.00000000,1639860839999,13876.38490000,29,752.70000000,6560.71050000,0
1639860840000,8.70300000,8.70300000,8.69700000,8.69800000,1542.70000000,1639861019999,13421.47920000,31,1091.40000000,9494.55020000,0
1639861020000,8.70300000,8.70900000,8.69200000,8.69200000,1347.40000000,1639861199999,11725.14430000,26,470.60000000,4094.50580000,0
1639861200000,8.69600000,8.69800000,8.69000000,8.69300000,1488.60000000,1639861379999,12941.87220000,26,1286.30000000,11182.88740000,0
1639861380000,8.69100000,8.70000000,8.69100000,8.69400000,344.10000000,1639861559999,2992.06300000,14,330.60000000,2874.64830000,0
1639861560000,8.69600000,8.70000000,8.69500000,8.69800000,542.70000000,1639861739999,4719.36230000,12,207.80000000,1807.10680000,0
1639861740000,8.68700000,8.68700000,8.67300000,8.68000000,777.90000000,1639861919999,6751.46390000,17,319.30000000,2771.76680000,0
1639861920000,8.68100000,8.68400000,8.65900000,8.66400000,1700.80000000,1639862099999,14751.80890000,40,360.30000000,3122.21430000,0
1639862100000,8.67100000,8.67100000,8.66400000,8.66400000,506.70000000,1639862279999,4390.85600000,10,194.80000000,1688.25440000,0
1639862280000,8.65700000,8.65900000,8.62500000,8.64900000,3360.50000000,1639862459999,29042.95860000,95,238.20000000,2059.12180000,0
1639862460000,8.64500000,8.66300000,8.64500000,8.66200000,356.50000000,1639862639999,3087.27900000,7,102.00000000,883.39000000,0
1639862640000,8.65800000,8.66100000,8.65800000,8.66100000,1229.70000000,1639862819999,10648.46400000,21,570.70000000,4941.78300000,0
1639862820000,8.65900000,8.66700000,8.65900000,8.65900000,315.80000000,1639862999999,2735.70090000,9,315.80000000,2735.70090000,0
1639863000000,8.66500000,8.67400000,8.66500000,8.66900000,363.30000000,1639863179999,3149.75830000,11,258.20000000,2238.56680000,0
1639863180000,8.67400000,8.67800000,8.67300000,8.67800000,74.90000000,1639863359999,649.73500000,4,74.90000000,649.73500000,0
1639863360000,8.67300000,8.67300000,8.67000000,8.67000000,111.20000000,1639863539999,964.23400000,4,10.00000000,86.73000000,0
1639863540000,8.66600000,8.67100000,8.65000000,8.66100000,2517.80000000,1639863719999,21790.51720000,25,1240.80000000,10735.14560000,0
1639863720000,8.66500000,8.67300000,8.66400000,8.67300000,584.30000000,1639863899999,5064.03900000,11,359.10000000,3111.76540000,0
1639863900000,8.67000000,8.67100000,8.66800000,8.66800000,214.90000000,1639864079999,1863.29010000,5,4.90000000,42.48010000,0
1639864080000,8.67200000,8.67600000,8.66800000,8.67300000,364.20000000,1639864259999,3158.99560000,7,102.20000000,886.66960000,0
1639864260000,8.67400000,8.67400000,8.66300000,8.67400000,286.70000000,1639864439999,2486.25330000,9,66.70000000,578.33180000,0
1639864440000,8.66000000,8.67000000,8.66000000,8.67000000,630.30000000,1639864619999,5463.71350000,9,586.70000000,5086.12630000,0
1639864620000,8.66800000,8.69000000,8.66800000,8.68700000,1459.60000000,1639864799999,12672.45020000,31,976.60000000,8480.08570000,0
1639864800000,8.68700000,8.68900000,8.68000000,8.68600000,1095.30000000,1639864979999,9511.33480000,19,362.70000000,3149.24130000,0
1639864980000,8.68000000,8.68000000,8.67800000,8.67800000,258.10000000,1639865159999,2240.10800000,5,140.90000000,1222.81200000,0
1639865160000,8.67200000,8.67200000,8.67000000,8.67000000,184.30000000,1639865339999,1597.88640000,4,86.50000000,749.95500000,0
1639865340000,8.67000000,8.67000000,8.67000000,8.67000000,95.80000000,1639865519999,830.58600000,3,95.80000000,830.58600000,0
1639865520000,8.69500000,8.70900000,8.68800000,8.68800000,2109.50000000,1639865699999,18347.88760000,48,1219.30000000,10605.48170000,0
1639865700000,8.69800000,8.71100000,8.69300000,8.71100000,454.60000000,1639865879999,3958.05890000,10,164.10000000,1428.18080000,0
1639865880000,8.71100000,8.71100000,8.71100000,8.71100000,0.00000000,1639866059999,0.00000000,0,0.00000000,0.00000000,0
1639866060000,8.70100000,8.70800000,8.70100000,8.70400000,361.50000000,1639866239999,3146.54110000,10,295.30000000,2570.11100000,0
1639866240000,8.70200000,8.70900000,8.70200000,8.70900000,289.60000000,1639866419999,2520.59970000,5,118.10000000,1027.70620000,0
1639866420000,8.70900000,8.71200000,8.70900000,8.71200000,13.90000000,1639866599999,121.06680000,2,3.90000000,33.97680000,0
1639866600000,8.70300000,8.70300000,8.70000000,8.70000000,261.10000000,1639866779999,2271.70830000,7,5.80000000,50.47160000,0
1639866780000,8.69600000,8.70300000,8.69600000,8.70300000,214.40000000,1639866959999,1865.23560000,6,110.00000000,956.66000000,0
1639866960000,8.70600000,8.70700000,8.70600000,8.70700000,210.00000000,1639867139999,1828.27000000,5,0.00000000,0.00000000,0
1639867140000,8.70900000,8.70900000,8.70600000,8.70600000,320.70000000,1639867319999,2792.93490000,8,306.90000000,2672.79210000,0
1639867320000,8.70800000,8.70900000,8.70800000,8.70900000,178.30000000,1639867499999,1552.71470000,5,2.80000000,24.38520000,0
1639867500000,8.70900000,8.70900000,8.70900000,8.70900000,0.00000000,1639867679999,0.00000000,0,0.00000000,0.00000000,0
1639867680000,8.70900000,8.70900000,8.70900000,8.70900000,0.00000000,1639867859999,0.00000000,0,0.00000000,0.00000000,0
1639867860000,8.70800000,8.70800000,8.70600000,8.70600000,185.00000000,1639868039999,1610.94740000,8,18.90000000,164.54860000,0
1639868040000,8.70700000,8.70700000,8.69300000,8.69300000,540.10000000,1639868219999,4699.67500000,14,28.80000000,250.59720000,0
1639868220000,8.69200000,8.69200000,8.66500000,8.68200000,1883.40000000,1639868399999,16343.47380000,36,991.70000000,8602.07310000,0
1639868400000,8.67500000,8.67500000,8.64600000,8.66300000,1666.50000000,1639868579999,14427.93630000,32,321.00000000,2779.22750000,0
1639868580000,8.65800000,8.68100000,8.65800000,8.68100000,1217.40000000,1639868759999,10553.87490000,25,714.90000000,6198.63240000,0
1639868760000,8.68200000,8.68600000,8.67500000,8.68000000,855.70000000,1639868939999,7427.55360000,10,444.50000000,3858.26000000,0
1639868940000,8.68400000,8.69300000,8.68300000,8.69300000,687.70000000,1639869119999,5975.04530000,15,415.20000000,3607.54710000,0
1639869120000,8.69800000,8.69800000,8.68400000,8.68400000,1061.30000000,1639869299999,9224.14810000,19,401.30000000,3487.80610000,0
1639869300000,8.67700000,8.68100000,8.64700000,8.65800000,1130.40000000,1639869479999,9786.58620000,22,886.30000000,7673.16730000,0
1639869480000,8.66200000,8.67900000,8.66200000,8.67900000,808.70000000,1639869659999,7012.83350000,10,737.30000000,6393.93830000,0
1639869660000,8.67800000,8.70700000,8.67800000,8.70400000,1911.30000000,1639869839999,16610.74710000,38,1109.20000000,9641.29530000,0
1639869840000,8.70500000,8.72000000,8.70100000,8.71600000,1575.40000000,1639870019999,13726.63520000,45,833.20000000,7259.88810000,0
1639870020000,8.71400000,8.72400000,8.71300000,8.72400000,2266.00000000,1639870199999,19757.72530000,48,1239.00000000,10801.32190000,0
1639870200000,8.72400000,8.72400000,8.71400000,8.72200000,213.50000000,1639870379999,1862.27410000,7,0.00000000,0.00000000,0
1639870380000,8.72100000,8.75600000,8.72100000,8.75300000,3485.90000000,1639870559999,30460.52410000,80,2404.90000000,21012.73970000,0
1639870560000,8.75200000,8.76600000,8.74400000,8.76100000,1396.90000000,1639870739999,12237.65780000,36,554.00000000,4854.89290000,0
1639870740000,8.76400000,8.78600000,8.75800000,8.78500000,2053.10000000,1639870919999,18007.75890000,90,1091.80000000,9576.62850000,0
1639870920000,8.78400000,8.79700000,8.76800000,8.77300000,2446.20000000,1639871099999,21488.32610000,68,1215.40000000,10678.34460000,0
1639871100000,8.77300000,8.77300000,8.75100000,8.75800000,1368.60000000,1639871279999,11992.04020000,27,488.90000000,4279.48100000,0
1639871280000,8.75500000,8.75700000,8.74200000,8.75700000,1450.40000000,1639871459999,12688.07830000,26,889.00000000,7776.70350000,0
1639871460000,8.74600000,8.74600000,8.74500000,8.74500000,128.50000000,1639871639999,1123.83250000,3,0.00000000,0.00000000,0
1639871640000,8.75400000,8.75400000,8.72300000,8.72300000,1104.40000000,1639871819999,9655.15640000,22,250.10000000,2186.61070000,0
1639871820000,8.73000000,8.74200000,8.72500000,8.74200000,1166.80000000,1639871999999,10188.59830000,15,1166.80000000,10188.59830000,0
