1656547200000,17.79000000,17.80000000,17.58000000,17.59000000,23863.42000000,1656547379999,421504.90260000,731,5694.33000000,100590.08700000,0
1656547380000,17.59000000,17.78000000,17.57000000,17.70000000,25842.20000000,1656547559999,457503.72710000,726,18417.36000000,326026.81270000,0
1656547560000,17.69000000,17.69000000,17.54000000,17.57000000,12263.33000000,1656547739999,215888.22170000,451,3068.59000000,54005.47680000,0
1656547740000,17.58000000,17.80000000,17.58000000,17.77000000,21902.33000000,1656547919999,387533.08280000,793,14160.57000000,250588.97260000,0
1656547920000,17.76000000,17.81000000,17.76000000,17.77000000,7702.05000000,1656548099999,136956.83390000,298,4404.85000000,78319.00670000,0
1656548100000,17.77000000,17.77000000,17.52000000,17.52000000,27155.75000000,1656548279999,477472.53280000,766,7502.19000000,132011.63280000,0
1656548280000,17.51000000,17.68000000,17.50000000,17.65000000,10710.91000000,1656548459999,188290.10150000,442,6633.56000000,116625.59890000,0
1656548460000,17.66000000,17.70000000,17.59000000,17.62000000,4371.43000000,1656548639999,77193.63210000,210,2289.99000000,40436.46490000,0
1656548640000,17.61000000,17.67000000,17.56000000,17.60000000,5881.78000000,1656548819999,103546.44830000,241,4009.61000000,70565.73010000,0
1656548820000,17.60000000,17.61000000,17.55000000,17.55000000,2834.75000000,1656548999999,49858.52710000,91,1776.26000000,31240.53980000,0
1656549000000,17.55000000,17.75000000,17.55000000,17.68000000,24754.02000000,1656549179999,437891.24840000,616,18327.23000000,324164.99450000,0
1656549180000,17.68000000,17.68000000,17.49000000,17.50000000,17582.95000000,1656549359999,309222.74130000,539,5651.82000000,99388.61880000,0
1656549360000,17.49000000,17.52000000,17.42000000,17.43000000,6425.27000000,1656549539999,112255.63600000,343,3664.26000000,64062.51840000,0
1656549540000,17.43000000,17.44000000,17.32000000,17.38000000,11097.20000000,1656549719999,192800.53280000,558,5677.71000000,98630.51510000,0
1656549720000,17.38000000,17.40000000,17.33000000,17.36000000,4209.76000000,1656549899999,73073.46960000,235,2508.80000000,43552.61210000,0
1656549900000,17.36000000,17.42000000,17.35000000,17.39000000,6116.28000000,1656550079999,106373.96120000,253,3217.16000000,55954.15910000,0
1656550080000,17.39000000,17.41000000,17.34000000,17.34000000,11091.36000000,1656550259999,192755.74150000,274,4688.44000000,81540.56450000,0
1656550260000,17.34000000,17.41000000,17.30000000,17.39000000,7410.96000000,1656550439999,128606.72100000,253,4855.18000000,84222.57290000,0
1656550440000,17.39000000,17.40000000,17.37000000,17.38000000,2333.84000000,1656550619999,40573.00750000,96,1160.73000000,20178.96210000,0
1656550620000,17.38000000,17.39000000,17.29000000,17.33000000,13449.00000000,1656550799999,233082.85190000,427,4653.21000000,80677.80300000,0
1656550800000,17.32000000,17.40000000,17.28000000,17.39000000,6261.58000000,1656550979999,108517.46080000,248,3919.89000000,67942.97250000,0
1656550980000,17.40000000,17.44000000,17.38000000,17.42000000,8803.92000000,1656551159999,153233.84880000,253,3893.98000000,67781.00170000,0
1656551160000,17.42000000,17.45000000,17.40000000,17.44000000,5080.70000000,1656551339999,88530.27150000,232,4086.40000000,71205.42490000,0
1656551340000,17.43000000,17.44000000,17.38000000,17.40000000,3594.90000000,1656551519999,62595.78300000,166,1264.04000000,22005.67710000,0
1656551520000,17.40000000,17.40000000,17.34000000,17.38000000,3297.91000000,1656551699999,57294.05900000,186,1811.24000000,31458.74350000,0
1656551700000,17.37000000,17.40000000,17.30000000,17.31000000,3605.20000000,1656551879999,62572.56410000,199,1196.97000000,20779.82600000,0
1656551880000,17.29000000,17.29000000,17.07000000,17.09000000,27691.85000000,1656552059999,474944.00650000,1258,11853.87000000,203189.81320000,0
1656552060000,17.08000000,17.14000000,17.06000000,17.14000000,14059.17000000,1656552239999,240345.35130000,558,7479.14000000,127846.94170000,0
1656552240000,17.13000000,17.18000000,17.10000000,17.13000000,5440.62000000,1656552419999,93231.70280000,313,2627.51000000,45021.96760000,0
1656552420000,17.13000000,17.21000000,17.13000000,17.20000000,8234.03000000,1656552599999,141242.69350000,293,4579.49000000,78567.20770000,0
1656552600000,17.19000000,17.19000000,17.08000000,17.12000000,9401.80000000,1656552779999,161054.95540000,420,4385.03000000,75114.19000000,0
1656552780000,17.11000000,17.13000000,17.07000000,17.13000000,3883.30000000,1656552959999,66417.06690000,200,1424.69000000,24361.45880000,0
1656552960000,17.14000000,17.19000000,17.13000000,17.18000000,5871.63000000,1656553139999,100795.74130000,210,3287.49000000,56427.08710000,0
1656553140000,17.18000000,17.23000000,17.16000000,17.19000000,2954.54000000,1656553319999,50809.34210000,180,1317.50000000,22661.14030000,0
1656553320000,17.19000000,17.20000000,17.13000000,17.18000000,4759.63000000,1656553499999,81716.22350000,214,2218.71000000,38090.91650000,0
1656553500000,17.18000000,17.21000000,17.16000000,17.19000000,4394.93000000,1656553679999,75506.60140000,236,1787.60000000,30712.58470000,0
1656553680000,17.18000000,17.21000000,17.14000000,17.16000000,3086.61000000,1656553859999,53024.79120000,188,1517.84000000,26086.57010000,0
1656553860000,17.16000000,17.18000000,17.14000000,17.15000000,2257.88000000,1656554039999,38757.55110000,115,1171.81000000,20112.51940000,0
1656554040000,17.16000000,17.16000000,17.05000000,17.08000000,7112.37000000,1656554219999,121557.18870000,361,3756.37000000,64188.03230000,0
1656554220000,17.08000000,17.08000000,17.03000000,17.07000000,3346.69000000,1656554399999,57090.61310000,209,1681.20000000,28676.65580000,0
1656554400000,17.08000000,17.14000000,17.05000000,17.14000000,5982.25000000,1656554579999,102206.00630000,220,3209.96000000,54851.31560000,0
1656554580000,17.14000000,17.15000000,17.06000000,17.10000000,9715.20000000,1656554759999,166034.22320000,269,1337.51000000,22880.37300000,0
1656554760000,17.10000000,17.17000000,17.09000000,17.15000000,4751.24000000,1656554939999,81412.41670000,193,3543.95000000,60732.51870000,0
1656554940000,17.16000000,17.18000000,17.14000000,17.16000000,1908.07000000,1656555119999,32741.18220000,118,1170.34000000,20083.66630000,0
1656555120000,17.17000000,17.17000000,17.11000000,17.12000000,1920.55000000,1656555299999,32910.90880000,155,851.77000000,14593.62220000,0
1656555300000,17.13000000,17.21000000,17.13000000,17.20000000,3796.61000000,1656555479999,65256.89870000,208,2511.28000000,43168.56260000,0
1656555480000,17.20000000,17.23000000,17.19000000,17.20000000,1967.60000000,1656555659999,33856.82100000,151,599.21000000,10315.04770000,0
1656555660000,17.19000000,17.22000000,17.16000000,17.18000000,6860.29000000,1656555839999,117929.14190000,275,5068.79000000,87137.46750000,0
1656555840000,17.18000000,17.23000000,17.18000000,17.20000000,2352.50000000,1656556019999,40475.20280000,163,1139.22000000,19604.82550000,0
1656556020000,17.19000000,17.25000000,17.19000000,17.22000000,4491.64000000,1656556199999,77380.30120000,218,3395.33000000,58500.06880000,0
1656556200000,17.23000000,17.28000000,17.22000000,17.27000000,3827.70000000,1656556379999,66003.09640000,189,1699.47000000,29312.03500000,0
1656556380000,17.27000000,17.29000000,17.23000000,17.27000000,2708.02000000,1656556559999,46768.36130000,192,952.37000000,16447.86580000,0
1656556560000,17.27000000,17.31000000,17.26000000,17.31000000,2784.50000000,1656556739999,48111.56230000,161,1088.61000000,18815.92260000,0
1656556740000,17.31000000,17.35000000,17.30000000,17.31000000,3802.92000000,1656556919999,65893.20540000,278,2152.24000000,37297.26060000,0
1656556920000,17.31000000,17.34000000,17.30000000,17.32000000,2179.04000000,1656557099999,37734.41540000,140,688.91000000,11933.93490000,0
1656557100000,17.32000000,17.32000000,17.24000000,17.25000000,2959.74000000,1656557279999,51135.82270000,174,1051.83000000,18150.74580000,0
1656557280000,17.26000000,17.29000000,17.24000000,17.25000000,1592.85000000,1656557459999,27492.48990000,120,615.67000000,10626.73810000,0
1656557460000,17.25000000,17.31000000,17.25000000,17.27000000,2082.81000000,1656557639999,35987.37150000,144,992.67000000,17150.25300000,0
1656557640000,17.27000000,17.36000000,17.26000000,17.35000000,2818.13000000,1656557819999,48797.38190000,188,1739.64000000,30113.69720000,0
1656557820000,17.35000000,17.35000000,17.29000000,17.31000000,2564.10000000,1656557999999,44381.88770000,173,750.60000000,12993.75270000,0
1656558000000,17.31000000,17.32000000,17.29000000,17.31000000,653.82000000,1656558179999,11320.79280000,89,466.55000000,8078.60970000,0
1656558180000,17.31000000,17.31000000,17.24000000,17.24000000,3448.08000000,1656558359999,59580.52400000,206,1421.25000000,24562.22020000,0
1656558360000,17.25000000,17.26000000,17.22000000,17.25000000,1494.69000000,1656558539999,25762.97090000,108,738.71000000,12733.06460000,0
1656558540000,17.25000000,17.25000000,17.22000000,17.25000000,4357.48000000,1656558719999,75109.88700000,187,1709.88000000,29479.11230000,0
1656558720000,17.26000000,17.27000000,17.22000000,17.25000000,1149.81000000,1656558899999,19827.61550000,98,569.22000000,9816.00670000,0
1656558900000,17.25000000,17.29000000,17.23000000,17.27000000,1479.73000000,1656559079999,25529.77860000,99,267.69000000,4620.03940000,0
1656559080000,17.28000000,17.32000000,17.27000000,17.32000000,1187.11000000,1656559259999,20526.17780000,109,573.41000000,9917.04480000,0
1656559260000,17.33000000,17.34000000,17.21000000,17.24000000,4169.47000000,1656559439999,72023.99040000,279,2541.30000000,43865.86810000,0
1656559440000,17.24000000,17.24000000,17.17000000,17.20000000,3639.37000000,1656559619999,62585.97130000,214,1838.58000000,31618.02080000,0
1656559620000,17.19000000,17.28000000,17.19000000,17.28000000,2291.11000000,1656559799999,39504.57910000,137,1438.42000000,24798.09720000,0
1656559800000,17.27000000,17.31000000,17.26000000,17.30000000,2828.56000000,1656559979999,48907.25350000,162,1300.45000000,22482.70670000,0
1656559980000,17.30000000,17.30000000,17.21000000,17.21000000,3078.83000000,1656560159999,53148.85860000,158,927.10000000,16006.01110000,0
1656560160000,17.21000000,17.23000000,17.19000000,17.19000000,3411.03000000,1656560339999,58711.40460000,145,1667.73000000,28717.59830000,0
1656560340000,17.19000000,17.22000000,17.14000000,17.19000000,4223.74000000,1656560519999,72547.54040000,218,3097.10000000,53196.80180000,0
1656560520000,17.20000000,17.25000000,17.19000000,17.24000000,1437.55000000,1656560699999,24762.44290000,130,753.17000000,12976.44690000,0
1656560700000,17.24000000,17.27000000,17.21000000,17.26000000,5410.42000000,1656560879999,93333.67000000,201,2825.57000000,48773.63340000,0
1656560880000,17.27000000,17.28000000,17.20000000,17.25000000,4116.65000000,1656561059999,70979.47060000,223,2451.39000000,42279.52220000,0
1656561060000,17.25000000,17.27000000,17.24000000,17.25000000,2255.10000000,1656561239999,38917.30320000,119,1067.41000000,18425.98550000,0
1656561240000,17.26000000,17.32000000,17.25000000,17.31000000,1857.38000000,1656561419999,32132.06290000,112,756.15000000,13078.54860000,0
1656561420000,17.30000000,17.34000000,17.30000000,17.33000000,2151.62000000,1656561599999,37263.91050000,146,1049.39000000,18173.07410000,0
1656561600000,17.33000000,17.39000000,17.31000000,17.34000000,7331.57000000,1656561779999,127248.96760000,276,5227.95000000,90723.13570000,0
1656561780000,17.34000000,17.34000000,17.27000000,17.28000000,3963.72000000,1656561959999,68572.42740000,197,2030.07000000,35120.05430000,0
1656561960000,17.27000000,17.40000000,17.27000000,17.38000000,2214.88000000,1656562139999,38388.33420000,175,1509.24000000,26152.62120000,0
1656562140000,17.38000000,17.44000000,17.38000000,17.40000000,4977.40000000,1656562319999,86648.29530000,269,2293.02000000,39918.74600000,0
1656562320000,17.40000000,17.40000000,17.34000000,17.35000000,2819.38000000,1656562499999,48995.72170000,201,826.56000000,14365.54780000,0
1656562500000,17.34000000,17.37000000,17.30000000,17.30000000,2413.70000000,1656562679999,41861.26830000,158,1342.56000000,23289.18470000,0
1656562680000,17.30000000,17.34000000,17.29000000,17.34000000,2313.75000000,1656562859999,40083.70970000,144,1423.26000000,24651.43570000,0
1656562860000,17.34000000,17.39000000,17.33000000,17.36000000,2784.39000000,1656563039999,48343.87470000,187,1456.65000000,25292.45230000,0
1656563040000,17.35000000,17.38000000,17.33000000,17.33000000,1823.48000000,1656563219999,31650.68910000,149,1123.73000000,19504.18540000,0
1656563220000,17.33000000,17.34000000,17.28000000,17.29000000,1905.94000000,1656563399999,32975.33480000,143,802.56000000,13880.83510000,0
1656563400000,17.30000000,17.31000000,17.27000000,17.30000000,1959.94000000,1656563579999,33904.45030000,125,1207.65000000,20893.35800000,0
1656563580000,17.29000000,17.31000000,17.28000000,17.31000000,1322.01000000,1656563759999,22867.22860000,90,813.89000000,14076.26240000,0
1656563760000,17.30000000,17.31000000,17.26000000,17.27000000,1604.36000000,1656563939999,27725.09900000,114,1045.46000000,18067.22560000,0
1656563940000,17.27000000,17.32000000,17.27000000,17.27000000,2874.10000000,1656564119999,49715.25740000,173,1878.00000000,32483.67500000,0
1656564120000,17.27000000,17.33000000,17.27000000,17.32000000,1676.97000000,1656564299999,29010.50460000,124,1468.82000000,25410.81790000,0
1656564300000,17.32000000,17.39000000,17.31000000,17.33000000,6312.31000000,1656564479999,109492.59720000,264,3864.32000000,67048.44600000,0
1656564480000,17.33000000,17.35000000,17.31000000,17.34000000,1908.73000000,1656564659999,33078.58610000,119,962.17000000,16675.81290000,0
1656564660000,17.34000000,17.36000000,17.30000000,17.30000000,4157.30000000,1656564839999,72015.00720000,197,1578.34000000,27335.28460000,0
1656564840000,17.30000000,17.30000000,17.18000000,17.20000000,4912.12000000,1656565019999,84525.71920000,285,2602.85000000,44790.68630000,0
1656565020000,17.20000000,17.24000000,17.14000000,17.23000000,8630.79000000,1656565199999,148255.65300000,413,4342.32000000,74639.86310000,0
1656565200000,17.23000000,17.28000000,17.20000000,17.20000000,3360.35000000,1656565379999,57983.68190000,219,1163.68000000,20068.54940000,0
1656565380000,17.21000000,17.23000000,17.20000000,17.20000000,2265.53000000,1656565559999,39008.39350000,112,908.55000000,15642.00010000,0
1656565560000,17.19000000,17.22000000,17.18000000,17.20000000,2860.56000000,1656565739999,49193.55850000,150,1895.14000000,32589.64180000,0
1656565740000,17.19000000,17.20000000,17.13000000,17.14000000,4427.08000000,1656565919999,75969.29820000,218,1579.12000000,27107.24430000,0
1656565920000,17.14000000,17.15000000,17.05000000,17.07000000,5997.17000000,1656566099999,102483.58950000,348,2453.77000000,41921.90620000,0
1656566100000,17.06000000,17.13000000,17.06000000,17.12000000,3990.79000000,1656566279999,68274.74280000,187,2395.13000000,40980.45380000,0
1656566280000,17.13000000,17.14000000,17.09000000,17.14000000,2816.71000000,1656566459999,48221.60170000,165,1211.73000000,20742.73570000,0
1656566460000,17.13000000,17.13000000,17.00000000,17.02000000,12101.83000000,1656566639999,205956.55360000,725,1898.24000000,32331.82120000,0
1656566640000,17.03000000,17.10000000,17.00000000,17.08000000,7027.08000000,1656566819999,119735.67380000,354,2559.67000000,43603.59220000,0
1656566820000,17.08000000,17.15000000,17.08000000,17.14000000,3922.46000000,1656566999999,67145.51740000,192,2705.20000000,46319.70080000,0
1656567000000,17.15000000,17.30000000,17.14000000,17.30000000,9018.39000000,1656567179999,155183.80350000,392,6072.14000000,104429.86200000,0
1656567180000,17.29000000,17.30000000,17.22000000,17.23000000,2549.09000000,1656567359999,44038.01990000,175,1708.50000000,29525.38260000,0
1656567360000,17.23000000,17.24000000,17.16000000,17.17000000,3912.55000000,1656567539999,67272.76450000,228,1969.92000000,33870.09400000,0
1656567540000,17.17000000,17.23000000,17.13000000,17.13000000,4398.76000000,1656567719999,75584.36740000,254,1557.09000000,26770.08710000,0
1656567720000,17.13000000,17.15000000,17.06000000,17.08000000,11262.71000000,1656567899999,192663.87730000,352,1363.91000000,23339.31430000,0
1656567900000,17.08000000,17.17000000,17.08000000,17.16000000,1984.79000000,1656568079999,34018.02820000,194,1309.35000000,22438.33490000,0
1656568080000,17.16000000,17.16000000,17.06000000,17.07000000,3783.12000000,1656568259999,64760.52660000,212,1517.99000000,25963.28650000,0
1656568260000,17.07000000,17.10000000,17.06000000,17.08000000,1441.27000000,1656568439999,24626.10380000,121,840.98000000,14369.93990000,0
1656568440000,17.08000000,17.08000000,16.96000000,16.98000000,6134.38000000,1656568619999,104369.09750000,417,1799.02000000,30579.93230000,0
1656568620000,16.97000000,17.06000000,16.96000000,17.01000000,4213.93000000,1656568799999,71686.77060000,224,2430.70000000,41342.60400000,0
1656568800000,17.02000000,17.09000000,17.02000000,17.04000000,4847.99000000,1656568979999,82714.03050000,219,2208.72000000,37685.19650000,0
1656568980000,17.04000000,17.06000000,16.95000000,16.97000000,8536.98000000,1656569159999,145166.22370000,428,3053.53000000,51876.20100000,0
1656569160000,16.98000000,16.99000000,16.95000000,16.96000000,2331.27000000,1656569339999,39549.14110000,212,1013.49000000,17195.39870000,0
1656569340000,16.96000000,16.97000000,16.92000000,16.95000000,6697.30000000,1656569519999,113472.25450000,301,2540.23000000,43033.26560000,0
1656569520000,16.94000000,16.98000000,16.94000000,16.94000000,2253.41000000,1656569699999,38223.50080000,158,1041.66000000,17673.33850000,0
1656569700000,16.95000000,16.98000000,16.90000000,16.95000000,5631.60000000,1656569879999,95364.25710000,354,2927.48000000,49600.91780000,0
1656569880000,16.94000000,16.97000000,16.91000000,16.91000000,6897.12000000,1656570059999,116847.10380000,306,4181.89000000,70846.64230000,0
1656570060000,16.91000000,16.98000000,16.88000000,16.96000000,6338.90000000,1656570239999,107306.43860000,376,2746.78000000,46498.63600000,0
1656570240000,16.96000000,16.96000000,16.92000000,16.96000000,5128.35000000,1656570419999,86843.75300000,213,1844.58000000,31232.33500000,0
1656570420000,16.96000000,16.96000000,16.81000000,16.82000000,12363.40000000,1656570599999,208736.87350000,675,5828.53000000,98447.15170000,0
1656570600000,16.82000000,16.83000000,16.54000000,16.63000000,59644.50000000,1656570779999,995482.72060000,2502,24970.17000000,416822.95550000,0
1656570780000,16.62000000,16.69000000,16.57000000,16.63000000,17038.20000000,1656570959999,283371.64210000,871,7106.74000000,118158.32770000,0
1656570960000,16.63000000,16.68000000,16.60000000,16.64000000,10622.63000000,1656571139999,176786.49820000,510,5811.05000000,96705.37160000,0
1656571140000,16.64000000,16.64000000,16.58000000,16.58000000,9318.87000000,1656571319999,154749.98550000,458,4026.57000000,66869.51220000,0
1656571320000,16.58000000,16.61000000,16.55000000,16.60000000,5749.28000000,1656571499999,95362.79600000,354,2979.64000000,49428.68930000,0
1656571500000,16.60000000,16.63000000,16.56000000,16.59000000,3613.97000000,1656571679999,59928.28190000,252,1475.56000000,24477.93450000,0
1656571680000,16.60000000,16.62000000,16.51000000,16.54000000,11053.18000000,1656571859999,183047.10500000,484,2931.04000000,48569.23170000,0
1656571860000,16.55000000,16.59000000,16.53000000,16.56000000,15226.29000000,1656572039999,252154.86820000,345,6254.71000000,103642.05200000,0
1656572040000,16.56000000,16.58000000,16.51000000,16.55000000,8763.15000000,1656572219999,144924.86850000,362,3382.25000000,55956.01230000,0
1656572220000,16.55000000,16.57000000,16.45000000,16.52000000,14762.08000000,1656572399999,243629.54820000,777,5621.62000000,92767.49060000,0
1656572400000,16.52000000,16.59000000,16.49000000,16.56000000,9693.20000000,1656572579999,160342.81200000,496,3708.75000000,61366.53350000,0
1656572580000,16.56000000,16.59000000,16.51000000,16.52000000,5857.34000000,1656572759999,96837.30720000,328,2084.04000000,34458.94280000,0
1656572760000,16.51000000,16.56000000,16.48000000,16.54000000,6156.64000000,1656572939999,101732.40160000,363,3320.27000000,54874.33120000,0
1656572940000,16.54000000,16.56000000,16.51000000,16.52000000,4154.47000000,1656573119999,68693.18440000,216,1136.45000000,18797.96360000,0
1656573120000,16.52000000,16.53000000,16.43000000,16.47000000,9014.70000000,1656573299999,148624.45070000,398,3312.37000000,54634.13100000,0
1656573300000,16.48000000,16.53000000,16.46000000,16.50000000,6503.97000000,1656573479999,107221.54650000,342,3880.90000000,63988.21480000,0
1656573480000,16.50000000,16.53000000,16.43000000,16.50000000,5341.59000000,1656573659999,88038.38860000,336,2122.78000000,34995.52900000,0
1656573660000,16.50000000,16.65000000,16.50000000,16.61000000,15329.24000000,1656573839999,254171.22430000,688,8936.57000000,148338.76170000,0
1656573840000,16.60000000,16.63000000,16.57000000,16.63000000,9141.79000000,1656574019999,151739.64720000,332,4161.33000000,69111.45790000,0
1656574020000,16.63000000,16.64000000,16.58000000,16.59000000,4566.14000000,1656574199999,75897.25370000,274,1792.98000000,29800.50290000,0
1656574200000,16.59000000,16.61000000,16.53000000,16.55000000,4301.12000000,1656574379999,71293.74330000,288,2438.79000000,40422.58200000,0
1656574380000,16.56000000,16.56000000,16.53000000,16.54000000,2467.54000000,1656574559999,40834.37190000,178,1301.94000000,21545.23530000,0
1656574560000,16.53000000,16.55000000,16.51000000,16.52000000,3369.20000000,1656574739999,55685.67170000,189,1602.73000000,26486.44380000,0
1656574740000,16.52000000,16.52000000,16.47000000,16.47000000,5898.94000000,1656574919999,97344.58570000,293,1800.62000000,29715.38620000,0
1656574920000,16.48000000,16.51000000,16.47000000,16.50000000,6871.20000000,1656575099999,113283.88450000,243,3046.57000000,50228.62280000,0
1656575100000,16.49000000,16.51000000,16.46000000,16.47000000,2389.17000000,1656575279999,39368.24910000,201,966.03000000,15919.78520000,0
1656575280000,16.48000000,16.49000000,16.38000000,16.39000000,9767.43000000,1656575459999,160349.67250000,469,2546.15000000,41820.26090000,0
1656575460000,16.38000000,16.45000000,16.36000000,16.43000000,20038.45000000,1656575639999,328652.81210000,439,6343.50000000,104182.70580000,0
1656575640000,16.43000000,16.48000000,16.40000000,16.47000000,3587.80000000,1656575819999,58945.15220000,235,1995.30000000,32783.41010000,0
1656575820000,16.47000000,16.55000000,16.46000000,16.51000000,4282.05000000,1656575999999,70700.66900000,236,2433.73000000,40189.74700000,0
1656576000000,16.50000000,16.51000000,16.19000000,16.31000000,244224.75000000,1656576179999,3989839.48590000,3239,67451.78000000,1103106.02680000,0
1656576180000,16.32000000,16.33000000,16.24000000,16.32000000,24754.69000000,1656576359999,403081.51250000,1028,14092.67000000,229496.82800000,0
1656576360000,16.32000000,16.32000000,16.28000000,16.29000000,8732.03000000,1656576539999,142316.42560000,309,2368.24000000,38598.56420000,0
1656576540000,16.29000000,16.30000000,16.24000000,16.28000000,10938.49000000,1656576719999,178086.00670000,381,6986.82000000,113773.68060000,0
1656576720000,16.27000000,16.28000000,16.22000000,16.22000000,13136.97000000,1656576899999,213432.00490000,489,3483.64000000,56606.87920000,0
1656576900000,16.23000000,16.23000000,16.13000000,16.18000000,28700.50000000,1656577079999,464307.19820000,904,8924.20000000,144381.13980000,0
1656577080000,16.18000000,16.23000000,16.17000000,16.21000000,7430.80000000,1656577259999,120358.27140000,340,4427.32000000,71719.44610000,0
1656577260000,16.22000000,16.22000000,16.19000000,16.20000000,8870.68000000,1656577439999,143759.50410000,275,4619.35000000,74873.27500000,0
1656577440000,16.19000000,16.24000000,16.12000000,16.23000000,23918.62000000,1656577619999,387180.94060000,759,10287.02000000,166568.43290000,0
1656577620000,16.22000000,16.24000000,16.19000000,16.19000000,9395.28000000,1656577799999,152369.01640000,316,6949.94000000,112708.03240000,0
1656577800000,16.19000000,16.22000000,16.16000000,16.21000000,7813.72000000,1656577979999,126551.14680000,365,4425.70000000,71674.75430000,0
1656577980000,16.20000000,16.23000000,16.17000000,16.17000000,4880.19000000,1656578159999,79069.08220000,265,2359.18000000,38234.48980000,0
1656578160000,16.17000000,16.20000000,16.13000000,16.17000000,7903.88000000,1656578339999,127753.31280000,340,4510.64000000,72918.14030000,0
1656578340000,16.17000000,16.20000000,16.14000000,16.17000000,12507.98000000,1656578519999,202265.63890000,369,8674.69000000,140284.84660000,0
1656578520000,16.17000000,16.22000000,16.15000000,16.19000000,6067.38000000,1656578699999,98300.18750000,269,3159.40000000,51202.31940000,0
1656578700000,16.20000000,16.20000000,16.16000000,16.18000000,4442.95000000,1656578879999,71893.49860000,247,2638.94000000,42708.33320000,0
1656578880000,16.18000000,16.19000000,16.13000000,16.15000000,3128.84000000,1656579059999,50583.74070000,222,890.20000000,14394.87490000,0
1656579060000,16.16000000,16.16000000,16.08000000,16.15000000,18427.57000000,1656579239999,297118.56340000,660,4792.86000000,77289.94170000,0
1656579240000,16.15000000,16.16000000,16.11000000,16.12000000,6419.11000000,1656579419999,103556.94100000,247,1617.45000000,26092.10770000,0
1656579420000,16.12000000,16.30000000,16.06000000,16.25000000,32431.49000000,1656579599999,525018.68140000,1024,24044.94000000,389426.68260000,0
1656579600000,16.24000000,16.33000000,16.23000000,16.23000000,13059.61000000,1656579779999,212657.56710000,596,7574.41000000,123397.71330000,0
1656579780000,16.23000000,16.25000000,16.20000000,16.21000000,4662.79000000,1656579959999,75662.22340000,249,869.01000000,14104.96150000,0
1656579960000,16.20000000,16.22000000,16.09000000,16.12000000,17081.53000000,1656580139999,275563.26530000,705,7414.64000000,119538.67500000,0
1656580140000,16.12000000,16.16000000,16.04000000,16.04000000,20933.37000000,1656580319999,336738.50200000,724,6774.93000000,109067.44280000,0
1656580320000,16.05000000,16.13000000,16.01000000,16.12000000,15319.83000000,1656580499999,246124.67280000,702,5716.57000000,91871.11130000,0
1656580500000,16.11000000,16.15000000,16.08000000,16.12000000,6861.57000000,1656580679999,110598.84750000,407,3787.13000000,61059.60000000,0
1656580680000,16.12000000,16.12000000,16.00000000,16.02000000,17534.55000000,1656580859999,281254.46720000,661,2698.08000000,43320.08680000,0
1656580860000,16.02000000,16.05000000,16.00000000,16.04000000,9291.73000000,1656581039999,148842.62640000,399,4262.61000000,68306.37720000,0
1656581040000,16.05000000,16.06000000,15.97000000,15.99000000,13456.57000000,1656581219999,215477.33360000,751,5164.91000000,82734.84740000,0
1656581220000,16.00000000,16.04000000,15.97000000,15.99000000,11143.82000000,1656581399999,178336.28480000,443,6919.02000000,110730.33640000,0
1656581400000,15.99000000,16.07000000,15.96000000,16.04000000,7913.76000000,1656581579999,126881.26300000,416,5082.17000000,81480.61750000,0
1656581580000,16.04000000,16.16000000,16.03000000,16.10000000,12865.70000000,1656581759999,207080.56570000,459,6924.31000000,111498.95970000,0
1656581760000,16.10000000,16.10000000,16.03000000,16.05000000,5775.78000000,1656581939999,92802.27000000,342,2273.82000000,36543.00210000,0
1656581940000,16.06000000,16.07000000,16.02000000,16.05000000,4399.93000000,1656582119999,70601.82070000,281,2176.24000000,34925.48880000,0
1656582120000,16.06000000,16.09000000,16.06000000,16.07000000,3803.58000000,1656582299999,61143.42810000,220,2167.55000000,34849.65040000,0
1656582300000,16.07000000,16.25000000,16.07000000,16.25000000,8155.95000000,1656582479999,131945.11360000,383,6990.46000000,113135.55640000,0
1656582480000,16.25000000,16.26000000,16.18000000,16.19000000,18836.09000000,1656582659999,305406.13420000,616,7893.33000000,128013.72260000,0
1656582660000,16.20000000,16.30000000,16.20000000,16.30000000,8081.87000000,1656582839999,131281.25280000,427,5101.86000000,82900.80870000,0
1656582840000,16.29000000,16.35000000,16.26000000,16.27000000,10250.93000000,1656583019999,167078.87750000,528,6359.76000000,103675.06630000,0
1656583020000,16.27000000,16.30000000,16.25000000,16.28000000,9131.52000000,1656583199999,148642.68050000,400,6173.07000000,100499.92190000,0
1656583200000,16.28000000,16.30000000,16.24000000,16.26000000,4447.35000000,1656583379999,72359.98010000,264,2925.27000000,47595.57940000,0
1656583380000,16.26000000,16.27000000,16.20000000,16.21000000,5480.82000000,1656583559999,88960.31560000,282,1445.58000000,23475.15940000,0
1656583560000,16.21000000,16.25000000,16.21000000,16.25000000,3439.51000000,1656583739999,55843.55080000,205,2042.60000000,33166.87150000,0
1656583740000,16.25000000,16.29000000,16.24000000,16.27000000,6845.37000000,1656583919999,111394.47550000,295,4500.87000000,73250.01050000,0
1656583920000,16.26000000,16.27000000,16.20000000,16.20000000,15146.60000000,1656584099999,245744.87870000,493,3044.20000000,49418.21180000,0
1656584100000,16.21000000,16.21000000,16.15000000,16.15000000,3542.17000000,1656584279999,57294.36120000,299,2144.89000000,34703.27210000,0
1656584280000,16.15000000,16.20000000,16.11000000,16.15000000,9059.15000000,1656584459999,146272.88650000,399,6690.99000000,108053.69160000,0
1656584460000,16.15000000,16.17000000,16.13000000,16.15000000,2768.91000000,1656584639999,44705.77220000,158,1772.09000000,28610.63780000,0
1656584640000,16.14000000,16.15000000,16.09000000,16.11000000,5511.64000000,1656584819999,88829.27150000,274,2885.03000000,46503.42680000,0
1656584820000,16.11000000,16.13000000,16.09000000,16.12000000,3870.03000000,1656584999999,62351.80710000,191,2724.10000000,43891.34730000,0
1656585000000,16.12000000,16.14000000,16.09000000,16.11000000,6860.08000000,1656585179999,110549.31980000,230,4066.93000000,65524.29910000,0
1656585180000,16.11000000,16.12000000,16.08000000,16.10000000,2065.77000000,1656585359999,33265.15990000,166,697.03000000,11228.39570000,0
1656585360000,16.10000000,16.13000000,16.09000000,16.10000000,6164.39000000,1656585539999,99272.82410000,177,2140.08000000,34481.72110000,0
1656585540000,16.09000000,16.11000000,16.02000000,16.03000000,9655.76000000,1656585719999,155069.17300000,382,1884.43000000,30269.11820000,0
1656585720000,16.04000000,16.08000000,16.02000000,16.08000000,4754.19000000,1656585899999,76287.89440000,232,3987.03000000,63983.17910000,0
1656585900000,16.07000000,16.07000000,16.00000000,16.02000000,4672.47000000,1656586079999,74897.30770000,271,1162.69000000,18640.27120000,0
1656586080000,16.03000000,16.03000000,15.97000000,16.00000000,8655.16000000,1656586259999,138452.39410000,401,3781.31000000,60493.20840000,0
1656586260000,15.99000000,16.00000000,15.87000000,15.93000000,18815.29000000,1656586439999,299537.21920000,837,5479.04000000,87291.01800000,0
1656586440000,15.93000000,15.98000000,15.91000000,15.95000000,5243.29000000,1656586619999,83612.07880000,319,3465.14000000,55265.88100000,0
1656586620000,15.94000000,16.12000000,15.93000000,16.10000000,17714.21000000,1656586799999,283824.65010000,660,13267.23000000,212691.75170000,0
1656586800000,16.10000000,16.10000000,16.02000000,16.04000000,10502.46000000,1656586979999,168510.59220000,364,2032.92000000,32637.66460000,0
1656586980000,16.05000000,16.06000000,16.01000000,16.01000000,3623.68000000,1656587159999,58089.56330000,213,1589.54000000,25490.64460000,0
1656587160000,16.01000000,16.03000000,15.95000000,15.99000000,8098.42000000,1656587339999,129391.50690000,422,4099.63000000,65509.31760000,0
1656587340000,15.99000000,16.03000000,15.97000000,16.01000000,4233.28000000,1656587519999,67725.68260000,237,2668.19000000,42696.81840000,0
1656587520000,16.01000000,16.04000000,15.98000000,16.00000000,5864.55000000,1656587699999,93896.86120000,288,2894.83000000,46365.87330000,0
1656587700000,16.01000000,16.02000000,15.98000000,16.00000000,3902.25000000,1656587879999,62422.58080000,211,1749.01000000,27980.71480000,0
1656587880000,16.00000000,16.00000000,15.95000000,15.97000000,3129.24000000,1656588059999,49989.06170000,234,1074.78000000,17169.49170000,0
1656588060000,15.97000000,16.02000000,15.96000000,16.02000000,5358.67000000,1656588239999,85728.36270000,233,3397.76000000,54354.11590000,0
1656588240000,16.02000000,16.03000000,15.97000000,16.00000000,4261.98000000,1656588419999,68217.44980000,238,1706.75000000,27323.19100000,0
1656588420000,16.00000000,16.11000000,16.00000000,16.09000000,5879.46000000,1656588599999,94421.31660000,255,4771.14000000,76621.61490000,0
1656588600000,16.09000000,16.21000000,16.07000000,16.20000000,21483.48000000,1656588779999,347142.29630000,558,17322.50000000,280030.61080000,0
1656588780000,16.20000000,16.28000000,16.20000000,16.23000000,10090.26000000,1656588959999,163815.56060000,496,5863.78000000,95221.31730000,0
1656588960000,16.23000000,16.28000000,16.15000000,16.18000000,21018.84000000,1656589139999,340647.62920000,770,13131.82000000,212898.42190000,0
1656589140000,16.19000000,16.19000000,16.10000000,16.11000000,9381.42000000,1656589319999,151501.80880000,345,956.07000000,15424.07430000,0
1656589320000,16.11000000,16.17000000,16.10000000,16.11000000,4102.71000000,1656589499999,66200.25710000,287,1472.47000000,23767.93550000,0
1656589500000,16.11000000,16.12000000,16.03000000,16.03000000,15975.34000000,1656589679999,256606.55360000,476,3867.40000000,62158.42480000,0
1656589680000,16.04000000,16.04000000,15.95000000,15.99000000,10795.26000000,1656589859999,172549.50830000,543,4173.81000000,66711.82750000,0
1656589860000,16.00000000,16.00000000,15.97000000,16.00000000,4196.02000000,1656590039999,67070.18980000,220,2134.95000000,34128.15880000,0
1656590040000,15.99000000,16.09000000,15.99000000,16.07000000,7468.85000000,1656590219999,119761.13610000,279,5277.88000000,84629.22200000,0
1656590220000,16.07000000,16.13000000,16.05000000,16.12000000,8041.00000000,1656590399999,129437.27360000,352,5186.93000000,83479.68970000,0
1656590400000,16.11000000,16.16000000,16.09000000,16.13000000,8105.92000000,1656590579999,130686.20890000,383,4838.42000000,78024.18210000,0
1656590580000,16.12000000,16.13000000,16.09000000,16.13000000,4302.42000000,1656590759999,69320.20000000,242,1382.25000000,22273.07070000,0
1656590760000,16.13000000,16.13000000,16.02000000,16.06000000,8688.88000000,1656590939999,139483.45550000,387,2325.07000000,37311.61870000,0
1656590940000,16.06000000,16.09000000,16.03000000,16.06000000,2980.75000000,1656591119999,47865.99390000,174,1801.11000000,28926.71530000,0
1656591120000,16.07000000,16.09000000,16.06000000,16.06000000,1299.12000000,1656591299999,20882.00360000,129,572.88000000,9208.37890000,0
1656591300000,16.06000000,16.11000000,16.02000000,16.10000000,4433.07000000,1656591479999,71204.64220000,242,2132.38000000,34242.86870000,0
1656591480000,16.11000000,16.16000000,16.09000000,16.16000000,3311.94000000,1656591659999,53412.76190000,236,2239.03000000,36115.72600000,0
1656591660000,16.16000000,16.22000000,16.16000000,16.19000000,9478.49000000,1656591839999,153425.74800000,379,3164.90000000,51246.77250000,0
1656591840000,16.19000000,16.23000000,16.17000000,16.20000000,6443.18000000,1656592019999,104395.77780000,322,3982.92000000,64543.03090000,0
1656592020000,16.21000000,16.29000000,16.17000000,16.27000000,14722.98000000,1656592199999,239110.24520000,401,11069.65000000,179768.28320000,0
1656592200000,16.27000000,16.49000000,16.27000000,16.48000000,36671.78000000,1656592379999,601856.01220000,1580,23566.89000000,386792.14970000,0
1656592380000,16.48000000,16.48000000,16.38000000,16.40000000,17101.01000000,1656592559999,280797.94120000,787,8390.61000000,137793.18280000,0
1656592560000,16.41000000,16.45000000,16.32000000,16.36000000,12046.57000000,1656592739999,197198.57010000,539,3892.89000000,63815.17090000,0
1656592740000,16.35000000,16.44000000,16.34000000,16.43000000,7717.95000000,1656592919999,126452.73360000,449,4327.90000000,70905.28190000,0
1656592920000,16.43000000,16.46000000,16.40000000,16.42000000,8016.71000000,1656593099999,131661.03800000,400,4373.42000000,71834.90340000,0
1656593100000,16.43000000,16.54000000,16.42000000,16.43000000,11647.36000000,1656593279999,191841.27340000,673,6520.71000000,107379.96420000,0
1656593280000,16.44000000,16.48000000,16.41000000,16.42000000,6116.45000000,1656593459999,100596.42120000,404,3791.14000000,62364.90570000,0
1656593460000,16.41000000,16.57000000,16.40000000,16.50000000,39900.59000000,1656593639999,658456.65230000,1083,22750.69000000,375297.45100000,0
1656593640000,16.51000000,16.52000000,16.43000000,16.46000000,10879.48000000,1656593819999,179283.16670000,394,6496.46000000,107056.80310000,0
1656593820000,16.46000000,16.46000000,16.40000000,16.42000000,6734.91000000,1656593999999,110564.93610000,336,2791.58000000,45835.31340000,0
1656594000000,16.41000000,16.50000000,16.39000000,16.49000000,6419.82000000,1656594179999,105463.37230000,302,3350.99000000,55077.52270000,0
1656594180000,16.49000000,16.53000000,16.43000000,16.44000000,5890.99000000,1656594359999,97072.93890000,326,2761.07000000,45492.60850000,0
1656594360000,16.44000000,16.46000000,16.41000000,16.45000000,3573.22000000,1656594539999,58719.82550000,222,2304.97000000,37880.84980000,0
1656594540000,16.44000000,16.45000000,16.38000000,16.39000000,3949.82000000,1656594719999,64817.11630000,220,1314.80000000,21577.82210000,0
1656594720000,16.38000000,16.38000000,16.30000000,16.35000000,8271.25000000,1656594899999,135098.02920000,409,4155.74000000,67849.23070000,0
1656594900000,16.34000000,16.34000000,16.21000000,16.30000000,22302.60000000,1656595079999,362577.99360000,664,6283.98000000,102162.83500000,0
1656595080000,16.31000000,16.33000000,16.28000000,16.30000000,5504.04000000,1656595259999,89762.93350000,212,2724.22000000,44423.11170000,0
1656595260000,16.31000000,16.33000000,16.24000000,16.28000000,4469.76000000,1656595439999,72745.38900000,222,1148.82000000,18724.79270000,0
1656595440000,16.28000000,16.31000000,16.26000000,16.31000000,3830.99000000,1656595619999,62357.01790000,167,1616.18000000,26309.69470000,0
1656595620000,16.30000000,16.33000000,16.28000000,16.28000000,8425.44000000,1656595799999,137417.90660000,264,5346.50000000,87214.29330000,0
1656595800000,16.29000000,16.34000000,16.11000000,16.14000000,19943.51000000,1656595979999,322925.07470000,819,6193.33000000,100350.14020000,0
1656595980000,16.14000000,16.25000000,16.13000000,16.17000000,12156.64000000,1656596159999,196714.47370000,547,4811.03000000,77850.75430000,0
1656596160000,16.16000000,16.18000000,16.08000000,16.10000000,10684.63000000,1656596339999,172283.99930000,445,4195.65000000,67669.51850000,0
1656596340000,16.10000000,16.14000000,16.01000000,16.02000000,14010.99000000,1656596519999,225396.64910000,533,5776.54000000,92981.49450000,0
1656596520000,16.03000000,16.07000000,15.79000000,15.81000000,48509.09000000,1656596699999,771177.15780000,1778,15570.18000000,247719.73260000,0
1656596700000,15.80000000,16.03000000,15.80000000,15.98000000,28403.22000000,1656596879999,452288.97110000,1022,14928.45000000,237831.98740000,0
1656596880000,15.97000000,16.05000000,15.93000000,15.96000000,15720.36000000,1656597059999,251414.62120000,709,8965.82000000,143487.37410000,0
1656597060000,15.97000000,16.02000000,15.96000000,15.98000000,8391.93000000,1656597239999,134199.72310000,370,3818.14000000,61068.30690000,0
1656597240000,15.99000000,16.00000000,15.92000000,15.92000000,6005.89000000,1656597419999,95814.67390000,271,2480.18000000,39562.40920000,0
1656597420000,15.91000000,15.99000000,15.91000000,15.96000000,5455.35000000,1656597599999,87033.96520000,302,2814.32000000,44910.07470000,0
1656597600000,15.96000000,16.01000000,15.94000000,15.94000000,7736.27000000,1656597779999,123586.10040000,330,3289.41000000,52559.21460000,0
1656597780000,15.93000000,16.03000000,15.93000000,16.00000000,12392.15000000,1656597959999,198165.52170000,359,6880.34000000,109987.03610000,0
1656597960000,16.00000000,16.00000000,15.82000000,15.85000000,16799.32000000,1656598139999,266779.38870000,804,5386.04000000,85543.49570000,0
1656598140000,15.85000000,15.87000000,15.81000000,15.86000000,8998.61000000,1656598319999,142525.15880000,444,4771.40000000,75565.83370000,0
1656598320000,15.87000000,16.07000000,15.87000000,16.06000000,9876.29000000,1656598499999,157841.45050000,529,6199.50000000,99002.08640000,0
1656598500000,16.05000000,16.13000000,16.03000000,16.05000000,12218.24000000,1656598679999,196393.94740000,563,8784.72000000,141226.82360000,0
1656598680000,16.05000000,16.10000000,15.99000000,16.02000000,6351.07000000,1656598859999,101887.11930000,340,3587.49000000,57546.88910000,0
1656598860000,16.02000000,16.02000000,15.98000000,16.01000000,5189.18000000,1656599039999,83045.44350000,258,1950.08000000,31193.89610000,0
1656599040000,16.00000000,16.07000000,16.00000000,16.03000000,4041.65000000,1656599219999,64841.67110000,224,2322.45000000,37259.60470000,0
1656599220000,16.03000000,16.07000000,16.03000000,16.04000000,5411.97000000,1656599399999,86879.23930000,233,4620.14000000,74178.01890000,0
1656599400000,16.04000000,16.18000000,16.04000000,16.13000000,15460.70000000,1656599579999,249363.60760000,593,7746.65000000,124988.22970000,0
1656599580000,16.13000000,16.21000000,16.11000000,16.21000000,9397.02000000,1656599759999,151955.50380000,466,6996.87000000,113175.09990000,0
1656599760000,16.20000000,16.21000000,16.12000000,16.13000000,16711.09000000,1656599939999,270476.04040000,429,3457.37000000,55849.92780000,0
1656599940000,16.13000000,16.15000000,16.11000000,16.14000000,5913.67000000,1656600119999,95376.33370000,228,2650.85000000,42737.20950000,0
1656600120000,16.14000000,16.15000000,16.11000000,16.13000000,4985.01000000,1656600299999,80389.76700000,199,1734.33000000,27973.84490000,0
1656600300000,16.13000000,16.19000000,16.12000000,16.16000000,4327.60000000,1656600479999,69894.42630000,224,2618.39000000,42298.66050000,0
1656600480000,16.16000000,16.17000000,16.13000000,16.17000000,2017.40000000,1656600659999,32596.09380000,165,1570.47000000,25378.20840000,0
1656600660000,16.17000000,16.32000000,16.17000000,16.28000000,10245.49000000,1656600839999,166539.81090000,566,7936.58000000,128998.55220000,0
1656600840000,16.28000000,16.29000000,16.25000000,16.29000000,4556.73000000,1656601019999,74106.70810000,219,2230.90000000,36295.14740000,0
1656601020000,16.29000000,16.33000000,16.28000000,16.30000000,3388.43000000,1656601199999,55231.53370000,194,1305.89000000,21281.44420000,0
1656601200000,16.30000000,16.38000000,16.26000000,16.32000000,25352.52000000,1656601379999,413779.01580000,652,13817.31000000,225509.80380000,0
1656601380000,16.33000000,16.33000000,16.30000000,16.30000000,4000.99000000,1656601559999,65266.14870000,204,2073.70000000,33833.27400000,0
1656601560000,16.31000000,16.36000000,16.30000000,16.33000000,6542.34000000,1656601739999,106802.43250000,264,4280.19000000,69874.18810000,0
1656601740000,16.33000000,16.38000000,16.32000000,16.33000000,7657.55000000,1656601919999,125208.88640000,287,4365.04000000,71357.59500000,0
1656601920000,16.33000000,16.36000000,16.32000000,16.35000000,1951.06000000,1656602099999,31886.55580000,133,866.54000000,14164.45760000,0
1656602100000,16.36000000,16.38000000,16.28000000,16.31000000,7660.22000000,1656602279999,125016.65070000,270,3104.59000000,50626.20610000,0
1656602280000,16.31000000,16.32000000,16.24000000,16.26000000,6695.35000000,1656602459999,108889.37390000,233,2166.43000000,35267.64180000,0
1656602460000,16.26000000,16.33000000,16.22000000,16.33000000,6846.03000000,1656602639999,111417.96370000,299,3732.82000000,60783.28220000,0
1656602640000,16.33000000,16.50000000,16.33000000,16.48000000,16594.14000000,1656602819999,272256.56090000,651,11807.72000000,193707.35120000,0
1656602820000,16.47000000,16.55000000,16.44000000,16.44000000,13484.02000000,1656602999999,222485.40010000,595,7360.05000000,121472.04380000,0
1656603000000,16.44000000,16.50000000,16.43000000,16.43000000,24335.32000000,1656603179999,400111.39870000,503,4775.68000000,78609.21100000,0
1656603180000,16.43000000,16.44000000,16.38000000,16.38000000,16837.74000000,1656603359999,276339.75140000,444,2567.92000000,42126.35620000,0
1656603360000,16.39000000,16.44000000,16.39000000,16.43000000,2766.20000000,1656603539999,45382.85220000,155,1700.42000000,27895.95040000,0
1656603540000,16.43000000,16.45000000,16.41000000,16.42000000,3753.62000000,1656603719999,61667.28630000,149,2147.04000000,35274.73050000,0
1656603720000,16.42000000,16.44000000,16.40000000,16.41000000,3069.19000000,1656603899999,50401.13020000,135,1831.65000000,30082.14980000,0
1656603900000,16.42000000,16.48000000,16.40000000,16.47000000,2724.02000000,1656604079999,44776.12460000,142,1632.56000000,26834.52990000,0
1656604080000,16.48000000,16.50000000,16.39000000,16.39000000,5972.17000000,1656604259999,98233.09860000,250,1929.50000000,31734.67850000,0
1656604260000,16.38000000,16.41000000,16.37000000,16.39000000,2775.27000000,1656604439999,45489.86270000,142,1808.71000000,29648.31030000,0
1656604440000,16.39000000,16.39000000,16.30000000,16.32000000,6790.21000000,1656604619999,110929.27400000,286,2812.05000000,45944.50020000,0
1656604620000,16.33000000,16.42000000,16.31000000,16.41000000,2911.08000000,1656604799999,47723.82010000,143,2243.08000000,36775.22220000,0
1656604800000,16.42000000,16.44000000,16.37000000,16.38000000,8043.99000000,1656604979999,131956.32810000,288,3342.49000000,54853.73440000,0
1656604980000,16.37000000,16.41000000,16.36000000,16.37000000,4898.62000000,1656605159999,80279.84300000,198,2465.22000000,40406.76290000,0
1656605160000,16.38000000,16.38000000,16.30000000,16.31000000,6852.88000000,1656605339999,111871.83580000,293,3368.23000000,54979.24860000,0
1656605340000,16.30000000,16.31000000,16.26000000,16.29000000,5883.02000000,1656605519999,95822.60120000,245,3319.76000000,54072.48620000,0
1656605520000,16.29000000,16.33000000,16.28000000,16.31000000,8478.18000000,1656605699999,138147.16330000,159,6483.92000000,105637.22210000,0
1656605700000,16.32000000,16.33000000,16.28000000,16.30000000,5636.28000000,1656605879999,91853.65930000,158,2757.77000000,44939.60700000,0
1656605880000,16.30000000,16.34000000,16.30000000,16.33000000,8086.09000000,1656606059999,131937.49860000,233,5060.18000000,82561.56070000,0
1656606060000,16.33000000,16.43000000,16.33000000,16.38000000,6879.69000000,1656606239999,112700.45430000,218,3735.38000000,61158.15470000,0
1656606240000,16.40000000,16.53000000,16.40000000,16.53000000,7264.46000000,1656606419999,119657.74060000,301,3473.77000000,57230.24130000,0
1656606420000,16.53000000,16.53000000,16.47000000,16.51000000,7326.52000000,1656606599999,120858.20040000,232,4164.65000000,68698.40670000,0
1656606600000,16.51000000,16.66000000,16.51000000,16.63000000,16696.73000000,1656606779999,276960.09280000,858,10545.04000000,174956.00110000,0
1656606780000,16.63000000,16.63000000,16.55000000,16.58000000,9257.32000000,1656606959999,153640.05260000,356,5661.50000000,93984.40620000,0
1656606960000,16.57000000,16.58000000,16.50000000,16.50000000,6721.42000000,1656607139999,111138.99500000,236,3287.34000000,54359.21420000,0
1656607140000,16.51000000,16.52000000,16.44000000,16.45000000,5954.83000000,1656607319999,98099.43010000,224,3321.26000000,54709.42890000,0
1656607320000,16.45000000,16.46000000,16.42000000,16.42000000,4945.96000000,1656607499999,81331.48070000,148,4141.15000000,68092.82570000,0
1656607500000,16.44000000,16.49000000,16.41000000,16.46000000,2969.26000000,1656607679999,48801.39850000,134,1782.80000000,29305.07280000,0
1656607680000,16.46000000,16.46000000,16.36000000,16.37000000,7041.52000000,1656607859999,115468.24510000,280,4109.17000000,67358.06990000,0
1656607860000,16.37000000,16.38000000,16.33000000,16.35000000,12532.04000000,1656608039999,204900.52820000,292,2452.35000000,40130.97040000,0
1656608040000,16.35000000,16.35000000,16.32000000,16.33000000,3365.34000000,1656608219999,55004.45580000,117,2026.55000000,33127.71820000,0
1656608220000,16.33000000,16.34000000,16.31000000,16.34000000,6291.03000000,1656608399999,102722.36980000,185,4271.90000000,69753.02990000,0
1656608400000,16.33000000,16.37000000,16.33000000,16.37000000,5891.64000000,1656608579999,96320.50880000,171,2970.73000000,48576.27110000,0
1656608580000,16.36000000,16.38000000,16.31000000,16.31000000,12768.65000000,1656608759999,208787.07700000,279,7082.77000000,115825.62270000,0
1656608760000,16.31000000,16.34000000,16.30000000,16.33000000,3738.44000000,1656608939999,61003.05340000,142,1973.27000000,32196.36040000,0
1656608940000,16.32000000,16.35000000,16.29000000,16.32000000,5323.20000000,1656609119999,86882.92620000,179,2360.49000000,38529.41670000,0
1656609120000,16.32000000,16.32000000,16.26000000,16.29000000,17890.61000000,1656609299999,291426.94600000,407,5815.11000000,94644.68280000,0
1656609300000,16.30000000,16.34000000,16.28000000,16.33000000,3692.02000000,1656609479999,60200.62130000,149,1930.58000000,31470.63170000,0
1656609480000,16.33000000,16.35000000,16.29000000,16.31000000,3239.45000000,1656609659999,52883.42420000,189,1426.14000000,23282.73290000,0
1656609660000,16.32000000,16.40000000,16.31000000,16.35000000,7480.15000000,1656609839999,122347.53820000,264,4274.66000000,69886.13890000,0
1656609840000,16.35000000,16.36000000,16.33000000,16.35000000,2924.85000000,1656610019999,47821.82170000,121,1907.88000000,31195.50090000,0
1656610020000,16.36000000,16.38000000,16.35000000,16.36000000,852.27000000,1656610199999,13946.01600000,65,343.12000000,5614.61830000,0
1656610200000,16.38000000,16.50000000,16.37000000,16.47000000,13910.49000000,1656610379999,228400.12060000,375,11244.03000000,184535.08630000,0
1656610380000,16.46000000,16.49000000,16.44000000,16.48000000,7290.74000000,1656610559999,119986.77240000,220,2683.51000000,44181.15730000,0
1656610560000,16.49000000,16.51000000,16.45000000,16.46000000,4269.17000000,1656610739999,70399.30870000,193,1757.56000000,28992.73580000,0
1656610740000,16.47000000,16.52000000,16.47000000,16.47000000,3064.80000000,1656610919999,50536.10560000,131,741.61000000,12232.86490000,0
1656610920000,16.47000000,16.47000000,16.33000000,16.36000000,7208.73000000,1656611099999,118048.50190000,330,3558.13000000,58300.26660000,0
1656611100000,16.36000000,16.38000000,16.34000000,16.38000000,4003.32000000,1656611279999,65486.78510000,144,1843.63000000,30168.51420000,0
1656611280000,16.38000000,16.44000000,16.38000000,16.42000000,8007.01000000,1656611459999,131432.68650000,217,5588.93000000,91751.44320000,0
1656611460000,16.41000000,16.47000000,16.41000000,16.46000000,2225.91000000,1656611639999,36592.97400000,122,1827.10000000,30041.63570000,0
1656611640000,16.46000000,16.46000000,16.38000000,16.41000000,2033.27000000,1656611819999,33353.54080000,157,610.88000000,10018.71610000,0
1656611820000,16.41000000,16.42000000,16.34000000,16.36000000,2847.28000000,1656611999999,46681.08180000,154,879.51000000,14412.59690000,0
1656612000000,16.36000000,16.40000000,16.33000000,16.34000000,1990.42000000,1656612179999,32591.13910000,123,1112.03000000,18221.87410000,0
1656612180000,16.34000000,16.38000000,16.33000000,16.35000000,1090.27000000,1656612359999,17826.81790000,82,483.74000000,7910.10080000,0
1656612360000,16.34000000,16.37000000,16.32000000,16.33000000,1601.30000000,1656612539999,26164.40340000,98,667.14000000,10898.61130000,0
1656612540000,16.33000000,16.37000000,16.31000000,16.36000000,1121.58000000,1656612719999,18314.84200000,95,772.17000000,12609.14500000,0
1656612720000,16.37000000,16.37000000,16.30000000,16.30000000,2476.28000000,1656612899999,40445.90990000,144,640.91000000,10457.55210000,0
1656612900000,16.30000000,16.34000000,16.30000000,16.33000000,1003.34000000,1656613079999,16373.76370000,62,598.59000000,9768.22980000,0
1656613080000,16.33000000,16.33000000,16.30000000,16.32000000,1160.14000000,1656613259999,18937.15700000,92,495.65000000,8090.06190000,0
1656613260000,16.32000000,16.35000000,16.31000000,16.33000000,772.12000000,1656613439999,12610.23050000,67,406.69000000,6642.42620000,0
1656613440000,16.34000000,16.34000000,16.26000000,16.29000000,4162.50000000,1656613619999,67799.49400000,236,2241.86000000,36509.00020000,0
1656613620000,16.30000000,16.35000000,16.27000000,16.29000000,2573.60000000,1656613799999,41987.77570000,149,1178.98000000,19237.05360000,0
1656613800000,16.28000000,16.32000000,16.26000000,16.26000000,2575.70000000,1656613979999,41982.31260000,147,1455.12000000,23726.42760000,0
1656613980000,16.26000000,16.29000000,16.23000000,16.26000000,9302.80000000,1656614159999,151216.45930000,264,3566.54000000,57988.82820000,0
1656614160000,16.26000000,16.29000000,16.25000000,16.25000000,6884.30000000,1656614339999,111951.13120000,249,2422.55000000,39410.17380000,0
1656614340000,16.25000000,16.29000000,16.24000000,16.24000000,3651.65000000,1656614519999,59412.45470000,161,2239.20000000,36425.37340000,0
1656614520000,16.24000000,16.24000000,16.09000000,16.12000000,9729.11000000,1656614699999,157170.37140000,594,3408.28000000,55085.95610000,0
1656614700000,16.12000000,16.23000000,16.11000000,16.19000000,6927.51000000,1656614879999,112054.45930000,319,5118.05000000,82812.35990000,0
1656614880000,16.20000000,16.22000000,16.18000000,16.21000000,2354.86000000,1656615059999,38164.06890000,131,1313.65000000,21291.85660000,0
1656615060000,16.20000000,16.22000000,16.11000000,16.15000000,5566.29000000,1656615239999,89897.31990000,247,1849.89000000,29872.60760000,0
1656615240000,16.15000000,16.18000000,16.14000000,16.15000000,2104.49000000,1656615419999,34008.49150000,126,1345.46000000,21746.63110000,0
1656615420000,16.15000000,16.16000000,16.13000000,16.16000000,5084.07000000,1656615599999,82069.52220000,160,2395.45000000,38680.24200000,0
1656615600000,16.16000000,16.18000000,16.13000000,16.13000000,2801.00000000,1656615779999,45254.98480000,154,1213.87000000,19614.36580000,0
1656615780000,16.13000000,16.13000000,16.10000000,16.10000000,1686.58000000,1656615959999,27185.22440000,123,803.76000000,12957.70240000,0
1656615960000,16.10000000,16.10000000,16.06000000,16.07000000,2969.96000000,1656616139999,47755.32860000,170,1557.74000000,25048.22790000,0
1656616140000,16.07000000,16.13000000,16.06000000,16.10000000,2190.41000000,1656616319999,35234.18690000,133,1554.02000000,24991.60030000,0
1656616320000,16.09000000,16.12000000,16.08000000,16.12000000,1666.94000000,1656616499999,26823.10130000,109,1021.76000000,16442.68980000,0
1656616500000,16.11000000,16.11000000,16.06000000,16.08000000,3502.52000000,1656616679999,56320.98590000,151,1361.83000000,21896.78150000,0
1656616680000,16.07000000,16.21000000,16.04000000,16.15000000,5158.70000000,1656616859999,83126.16670000,258,2927.55000000,47196.52470000,0
1656616860000,16.15000000,16.29000000,16.15000000,16.24000000,5559.97000000,1656617039999,90259.28830000,255,2476.90000000,40202.96780000,0
1656617040000,16.24000000,16.29000000,16.21000000,16.24000000,4839.14000000,1656617219999,78661.91980000,272,2822.68000000,45882.42070000,0
1656617220000,16.24000000,16.26000000,16.20000000,16.22000000,3629.29000000,1656617399999,58909.01380000,194,1902.66000000,30898.74080000,0
1656617400000,16.22000000,16.29000000,16.22000000,16.28000000,2949.16000000,1656617579999,47931.98960000,207,1623.12000000,26392.58610000,0
1656617580000,16.28000000,16.31000000,16.25000000,16.26000000,2903.75000000,1656617759999,47276.37210000,170,1484.63000000,24175.24960000,0
1656617760000,16.26000000,16.33000000,16.20000000,16.20000000,6972.82000000,1656617939999,113449.22920000,328,4870.07000000,79233.89360000,0
1656617940000,16.20000000,16.20000000,16.06000000,16.08000000,4459.79000000,1656618119999,71925.45960000,291,1749.55000000,28228.14000000,0
1656618120000,16.07000000,16.12000000,16.04000000,16.09000000,6826.32000000,1656618299999,109688.47390000,322,3582.84000000,57578.23150000,0
1656618300000,16.09000000,16.21000000,16.07000000,16.20000000,3102.99000000,1656618479999,50152.37260000,226,1034.00000000,16697.10340000,0
1656618480000,16.20000000,16.21000000,16.12000000,16.18000000,5166.49000000,1656618659999,83471.68530000,254,1897.34000000,30671.81480000,0
1656618660000,16.17000000,16.17000000,16.06000000,16.09000000,3084.51000000,1656618839999,49706.82370000,195,1363.86000000,21975.26160000,0
1656618840000,16.09000000,16.17000000,16.09000000,16.15000000,4385.72000000,1656619019999,70713.43740000,185,3141.84000000,50655.09100000,0
1656619020000,16.16000000,16.27000000,16.16000000,16.27000000,7426.91000000,1656619199999,120323.12540000,302,4521.00000000,73270.67780000,0
1656619200000,16.26000000,16.30000000,16.17000000,16.18000000,7560.70000000,1656619379999,122769.19940000,399,3568.86000000,57942.78410000,0
1656619380000,16.20000000,16.20000000,16.16000000,16.16000000,2975.98000000,1656619559999,48152.58570000,151,1514.79000000,24511.62860000,0
1656619560000,16.15000000,16.19000000,16.13000000,16.18000000,3757.34000000,1656619739999,60701.24450000,164,2401.89000000,38800.37210000,0
1656619740000,16.18000000,16.27000000,16.18000000,16.24000000,2896.56000000,1656619919999,47049.35040000,180,1085.21000000,17625.77690000,0
1656619920000,16.23000000,16.29000000,16.22000000,16.27000000,4068.73000000,1656620099999,66152.44880000,204,1927.38000000,31336.56280000,0
1656620100000,16.27000000,16.33000000,16.22000000,16.27000000,5597.97000000,1656620279999,91155.21320000,287,2946.10000000,47983.21410000,0
1656620280000,16.26000000,16.28000000,16.23000000,16.28000000,3677.49000000,1656620459999,59768.21980000,170,2181.39000000,35450.49370000,0
1656620460000,16.27000000,16.31000000,16.26000000,16.31000000,2955.26000000,1656620639999,48093.48850000,145,1801.50000000,29322.23480000,0
1656620640000,16.31000000,16.32000000,16.29000000,16.30000000,3394.27000000,1656620819999,55344.54370000,147,1666.89000000,27184.14110000,0
1656620820000,16.30000000,16.32000000,16.26000000,16.28000000,4010.93000000,1656620999999,65321.42740000,152,1546.48000000,25195.11500000,0
1656621000000,16.28000000,16.29000000,16.26000000,16.27000000,1861.23000000,1656621179999,30301.21990000,89,1486.24000000,24201.64830000,0
1656621180000,16.27000000,16.30000000,16.26000000,16.28000000,4468.67000000,1656621359999,72777.11010000,167,2656.66000000,43262.69240000,0
1656621360000,16.26000000,16.26000000,16.13000000,16.14000000,9225.12000000,1656621539999,149343.31420000,399,3648.42000000,59084.16330000,0
1656621540000,16.14000000,16.14000000,16.04000000,16.05000000,9802.57000000,1656621719999,157588.33150000,451,2716.12000000,43680.53960000,0
1656621720000,16.05000000,16.09000000,16.01000000,16.06000000,5781.26000000,1656621899999,92735.30460000,286,2549.03000000,40892.20490000,0
1656621900000,16.05000000,16.14000000,16.05000000,16.11000000,4625.64000000,1656622079999,74412.04760000,209,3289.80000000,52921.64240000,0
1656622080000,16.12000000,16.12000000,15.96000000,16.05000000,23871.74000000,1656622259999,382375.28600000,1012,10950.68000000,175427.63410000,0
1656622260000,16.04000000,16.08000000,16.02000000,16.04000000,6150.56000000,1656622439999,98711.25620000,311,2438.78000000,39145.08250000,0
1656622440000,16.04000000,16.11000000,16.03000000,16.11000000,5883.06000000,1656622619999,94451.22050000,243,2700.31000000,43357.87310000,0
1656622620000,16.11000000,16.17000000,16.10000000,16.13000000,4160.17000000,1656622799999,67075.28380000,246,2355.11000000,37969.60330000,0
1656622800000,16.12000000,16.14000000,16.10000000,16.13000000,4266.63000000,1656622979999,68778.52050000,179,2813.67000000,45359.15390000,0
1656622980000,16.14000000,16.23000000,16.14000000,16.23000000,12623.03000000,1656623159999,204275.42460000,425,8636.68000000,139761.00790000,0
1656623160000,16.23000000,16.24000000,16.18000000,16.18000000,3566.01000000,1656623339999,57792.95900000,227,1839.22000000,29808.57500000,0
1656623340000,16.19000000,16.24000000,16.13000000,16.23000000,5852.08000000,1656623519999,94649.18210000,446,3259.94000000,52725.11810000,0
1656623520000,16.23000000,16.26000000,16.22000000,16.23000000,8222.95000000,1656623699999,133524.02060000,363,2903.71000000,47165.24400000,0
1656623700000,16.24000000,16.36000000,16.24000000,16.35000000,7683.86000000,1656623879999,125247.48780000,372,5792.38000000,94442.85760000,0
1656623880000,16.34000000,16.37000000,16.32000000,16.36000000,8076.54000000,1656624059999,132018.36140000,358,5105.61000000,83474.30050000,0
1656624060000,16.36000000,16.46000000,16.32000000,16.34000000,15155.16000000,1656624239999,248486.61160000,580,9737.89000000,159720.54900000,0
1656624240000,16.34000000,16.35000000,16.32000000,16.33000000,2712.10000000,1656624419999,44313.47480000,101,1665.94000000,27225.11460000,0
1656624420000,16.34000000,16.34000000,16.29000000,16.32000000,3133.80000000,1656624599999,51123.02790000,145,1446.89000000,23620.24380000,0
1656624600000,16.31000000,16.37000000,16.30000000,16.37000000,1712.30000000,1656624779999,27965.52760000,97,1274.41000000,20811.77380000,0
1656624780000,16.37000000,16.40000000,16.36000000,16.38000000,1299.35000000,1656624959999,21282.34190000,101,703.74000000,11530.36110000,0
1656624960000,16.38000000,16.39000000,16.37000000,16.39000000,993.09000000,1656625139999,16267.81460000,57,499.33000000,8181.94310000,0
1656625140000,16.39000000,16.39000000,16.37000000,16.37000000,1131.18000000,1656625319999,18523.15250000,53,358.50000000,5872.25860000,0
1656625320000,16.38000000,16.38000000,16.28000000,16.29000000,11336.83000000,1656625499999,185425.18070000,175,900.38000000,14686.35820000,0
1656625500000,16.29000000,16.37000000,16.29000000,16.36000000,896.23000000,1656625679999,14635.83020000,72,542.77000000,8858.28450000,0
1656625680000,16.35000000,16.35000000,16.32000000,16.33000000,1138.91000000,1656625859999,18604.76710000,70,235.97000000,3856.18040000,0
1656625860000,16.33000000,16.33000000,16.31000000,16.32000000,812.49000000,1656626039999,13262.16450000,76,598.01000000,9762.61830000,0
1656626040000,16.32000000,16.32000000,16.27000000,16.28000000,3930.76000000,1656626219999,64098.15860000,66,613.88000000,10003.03240000,0
1656626220000,16.28000000,16.30000000,16.20000000,16.21000000,1511.66000000,1656626399999,24552.82020000,155,512.63000000,8330.56140000,0
1656626400000,16.21000000,16.30000000,16.21000000,16.25000000,6061.29000000,1656626579999,98576.11890000,254,4401.78000000,71596.43470000,0
1656626580000,16.25000000,16.32000000,16.24000000,16.28000000,2674.49000000,1656626759999,43521.65740000,153,1371.96000000,22318.79590000,0
1656626760000,16.27000000,16.27000000,16.18000000,16.20000000,4264.82000000,1656626939999,69136.67820000,271,2254.23000000,36541.26220000,0
1656626940000,16.20000000,16.24000000,16.17000000,16.22000000,3360.43000000,1656627119999,54444.18450000,175,2052.47000000,33244.89090000,0
1656627120000,16.22000000,16.25000000,16.21000000,16.24000000,2203.79000000,1656627299999,35770.85550000,122,1310.51000000,21271.55760000,0
1656627300000,16.23000000,16.36000000,16.22000000,16.32000000,5757.09000000,1656627479999,93873.79370000,307,2969.17000000,48399.66520000,0
1656627480000,16.32000000,16.36000000,16.29000000,16.36000000,5548.30000000,1656627659999,90546.10000000,186,2894.01000000,47237.32760000,0
1656627660000,16.35000000,16.44000000,16.34000000,16.41000000,4011.62000000,1656627839999,65760.79070000,236,2803.04000000,45952.88020000,0
1656627840000,16.41000000,16.48000000,16.38000000,16.47000000,9208.65000000,1656628019999,151337.38490000,377,4744.31000000,77974.99460000,0
1656628020000,16.47000000,16.49000000,16.41000000,16.41000000,2604.25000000,1656628199999,42854.52130000,158,1479.85000000,24353.81810000,0
1656628200000,16.41000000,16.46000000,16.38000000,16.40000000,3799.79000000,1656628379999,62421.58250000,241,2450.60000000,40264.78600000,0
1656628380000,16.41000000,16.45000000,16.41000000,16.44000000,2313.72000000,1656628559999,38019.05840000,117,1728.36000000,28400.33100000,0
1656628560000,16.45000000,16.48000000,16.41000000,16.48000000,3911.81000000,1656628739999,64364.44240000,201,2615.33000000,43024.67580000,0
1656628740000,16.49000000,16.58000000,16.49000000,16.51000000,16910.54000000,1656628919999,279700.95050000,599,9948.78000000,164559.87870000,0
1656628920000,16.51000000,16.51000000,16.43000000,16.43000000,2271.64000000,1656629099999,37453.22800000,137,827.21000000,13645.01380000,0
1656629100000,16.44000000,16.49000000,16.41000000,16.49000000,4988.03000000,1656629279999,82065.16340000,225,3027.21000000,49809.13920000,0
1656629280000,16.49000000,16.56000000,16.49000000,16.52000000,8121.26000000,1656629459999,134250.56560000,268,3940.44000000,65125.37520000,0
1656629460000,16.52000000,16.53000000,16.44000000,16.45000000,3002.25000000,1656629639999,49453.27650000,172,1169.71000000,19264.33100000,0
1656629640000,16.45000000,16.45000000,16.41000000,16.42000000,3215.26000000,1656629819999,52804.64210000,140,2038.36000000,33482.29260000,0
1656629820000,16.43000000,16.43000000,16.36000000,16.39000000,6174.23000000,1656629999999,101195.96720000,222,3062.06000000,50190.54030000,0
1656630000000,16.38000000,16.47000000,16.37000000,16.43000000,4709.74000000,1656630179999,77324.98690000,188,3854.57000000,63264.20740000,0
1656630180000,16.43000000,16.49000000,16.42000000,16.44000000,6739.19000000,1656630359999,110850.77940000,210,2365.56000000,38945.65330000,0
1656630360000,16.43000000,16.51000000,16.43000000,16.47000000,4005.94000000,1656630539999,65964.57750000,179,3140.86000000,51715.82960000,0
1656630540000,16.48000000,16.48000000,16.43000000,16.45000000,3066.09000000,1656630719999,50421.82560000,118,1603.24000000,26369.11390000,0
1656630720000,16.46000000,16.46000000,16.40000000,16.41000000,2045.41000000,1656630899999,33602.17560000,113,1112.50000000,18270.51240000,0
1656630900000,16.40000000,16.43000000,16.25000000,16.35000000,14692.97000000,1656631079999,239848.24460000,519,6939.94000000,113262.35810000,0
1656631080000,16.34000000,16.35000000,16.26000000,16.27000000,6565.91000000,1656631259999,107011.95790000,250,4036.93000000,65789.70560000,0
1656631260000,16.27000000,16.30000000,16.25000000,16.27000000,4892.36000000,1656631439999,79597.97500000,180,3954.61000000,64342.00960000,0
1656631440000,16.27000000,16.30000000,16.19000000,16.23000000,9782.74000000,1656631619999,158826.69370000,384,5996.52000000,97343.76770000,0
1656631620000,16.24000000,16.25000000,16.15000000,16.22000000,8456.69000000,1656631799999,136961.84880000,320,4811.38000000,77888.92330000,0
1656631800000,16.22000000,16.39000000,16.21000000,16.39000000,8114.50000000,1656631979999,132349.48720000,422,5630.76000000,91828.68990000,0
1656631980000,16.38000000,16.50000000,16.38000000,16.48000000,11869.59000000,1656632159999,195331.79990000,565,6289.81000000,103512.57890000,0
1656632160000,16.48000000,16.49000000,16.43000000,16.47000000,2786.05000000,1656632339999,45887.71680000,161,1597.47000000,26307.63370000,0
1656632340000,16.47000000,16.55000000,16.41000000,16.48000000,8730.71000000,1656632519999,143872.46620000,408,4571.73000000,75294.11140000,0
1656632520000,16.49000000,16.53000000,16.48000000,16.48000000,4136.47000000,1656632699999,68248.02870000,193,2479.72000000,40915.08470000,0
1656632700000,16.48000000,16.64000000,16.47000000,16.62000000,14470.05000000,1656632879999,239758.91260000,684,8541.59000000,141443.19380000,0
1656632880000,16.62000000,16.92000000,16.62000000,16.92000000,34856.42000000,1656633059999,584910.94480000,1751,21762.12000000,365267.62190000,0
1656633060000,16.92000000,17.15000000,16.90000000,16.98000000,60388.92000000,1656633239999,1026776.70490000,2453,35394.01000000,601825.09450000,0
1656633240000,16.97000000,17.03000000,16.90000000,16.93000000,31946.19000000,1656633419999,541526.91090000,1151,16605.31000000,281589.97180000,0
1656633420000,16.93000000,17.02000000,16.87000000,16.99000000,20055.72000000,1656633599999,339773.27450000,873,9499.40000000,161002.53530000,0
