1617494400000,28.17090000,28.17090000,27.56070000,27.75790000,26398.16000000,1617494579999,733629.75804500,1846,10012.69000000,278114.86671900,0
1617494580000,27.81710000,28.07930000,27.70000000,27.99650000,9813.78000000,1617494759999,273562.12660300,680,4365.42000000,121744.07090200,0
1617494760000,28.04320000,28.32240000,28.03020000,28.03120000,11437.68000000,1617494939999,321726.55585500,752,7932.91000000,223082.06256000,0
1617494940000,28.03820000,28.29770000,28.00640000,28.29770000,8413.88000000,1617495119999,236998.80158900,366,5199.62000000,146540.95087700,0
1617495120000,28.26760000,28.28950000,28.10000000,28.19700000,4321.18000000,1617495299999,121842.76536300,291,2163.72000000,61014.44310300,0
1617495300000,28.19670000,28.20080000,27.93350000,28.17630000,8596.89000000,1617495479999,241114.03553900,480,4390.40000000,123123.29823800,0
1617495480000,28.17620000,28.44090000,28.14900000,28.43830000,6009.07000000,1617495659999,169858.90093700,361,4677.41000000,132147.70541700,0
1617495660000,28.43800000,28.56720000,28.40390000,28.45530000,10498.56000000,1617495839999,299015.14212200,571,2297.33000000,65486.20968300,0
1617495840000,28.48380000,28.54560000,28.46450000,28.52430000,4344.09000000,1617496019999,123846.90713400,264,3475.00000000,99067.50143000,0
1617496020000,28.52430000,28.57960000,28.48500000,28.57960000,2671.77000000,1617496199999,76195.52505800,233,1851.96000000,52826.85016900,0
1617496200000,28.57520000,28.59220000,28.49600000,28.49630000,3368.65000000,1617496379999,96143.03700400,194,2564.37000000,73204.28794200,0
1617496380000,28.48220000,28.54410000,28.35760000,28.35760000,1412.91000000,1617496559999,40215.60190400,152,432.34000000,12317.66531400,0
1617496560000,28.35530000,28.43760000,28.22900000,28.33470000,5397.24000000,1617496739999,152758.22983100,342,2601.74000000,73658.05814200,0
1617496740000,28.34470000,28.58290000,28.34470000,28.43380000,2329.38000000,1617496919999,66357.04379900,233,863.23000000,24582.87780100,0
1617496920000,28.43220000,28.67550000,28.41690000,28.64730000,3915.56000000,1617497099999,111832.48759700,221,2578.20000000,73638.05590300,0
1617497100000,28.66210000,28.70120000,28.59880000,28.60310000,4740.81000000,1617497279999,135900.54219800,301,2387.66000000,68435.67078900,0
1617497280000,28.62120000,28.67510000,28.42260000,28.45440000,3193.84000000,1617497459999,91131.43065300,231,1490.97000000,42580.18700400,0
1617497460000,28.46210000,28.52110000,28.34990000,28.40990000,2051.09000000,1617497639999,58303.92448000,142,721.60000000,20522.93203000,0
1617497640000,28.38520000,28.39230000,28.21370000,28.24810000,4250.30000000,1617497819999,120256.87662500,244,1593.75000000,45089.19671700,0
1617497820000,28.25720000,28.44110000,28.24610000,28.30980000,1779.09000000,1617497999999,50446.61098700,174,564.09000000,15998.29656600,0
1617498000000,28.30980000,28.30980000,27.98090000,27.98580000,7822.22000000,1617498179999,219624.15861500,466,4001.74000000,112334.30104200,0
1617498180000,27.98210000,28.20370000,27.94200000,28.04700000,5749.89000000,1617498359999,161280.50962400,326,3341.83000000,93783.27808500,0
1617498360000,28.06230000,28.19540000,27.92490000,28.19540000,6302.15000000,1617498539999,176797.36827800,347,3168.73000000,88875.86921600,0
1617498540000,28.19550000,28.43020000,28.19550000,28.43020000,16057.17000000,1617498719999,454706.96950000,502,8919.99000000,252560.37551000,0
1617498720000,28.42330000,28.48090000,28.29580000,28.47600000,2489.88000000,1617498899999,70686.68762100,168,1571.39000000,44635.64222700,0
1617498900000,28.48320000,28.66340000,28.48320000,28.65400000,5240.97000000,1617499079999,149734.51936700,320,2667.42000000,76199.85115600,0
1617499080000,28.65240000,28.72210000,28.51770000,28.51930000,7786.50000000,1617499259999,222829.42162900,511,5250.61000000,150265.65557500,0
1617499260000,28.53430000,28.55840000,28.36700000,28.42380000,3447.32000000,1617499439999,98082.82086400,277,2031.99000000,57818.07634600,0
1617499440000,28.42230000,28.46460000,28.26030000,28.40040000,7364.55000000,1617499619999,208905.24820400,424,3492.46000000,99072.37261400,0
1617499620000,28.42700000,28.69590000,28.42700000,28.66670000,2681.03000000,1617499799999,76647.27104500,305,1457.77000000,41702.86806300,0
1617499800000,28.66600000,28.68460000,28.41150000,28.41150000,3072.54000000,1617499979999,87696.57004000,294,897.38000000,25614.19892100,0
1617499980000,28.45140000,28.64620000,28.44660000,28.56770000,3715.77000000,1617500159999,106181.94237400,226,2460.39000000,70302.57246600,0
1617500160000,28.56860000,28.87450000,28.54360000,28.86070000,4438.12000000,1617500339999,127594.78589200,300,2509.59000000,72134.72875400,0
1617500340000,28.84370000,28.86500000,28.59610000,28.72040000,12421.81000000,1617500519999,356247.89204000,486,6583.84000000,188705.00508300,0
1617500520000,28.72000000,28.74280000,28.55180000,28.64070000,4169.98000000,1617500699999,119458.24379300,270,1551.97000000,44484.87320800,0
1617500700000,28.66930000,28.69740000,28.60600000,28.65810000,1983.68000000,1617500879999,56845.58259500,171,681.90000000,19551.69694900,0
1617500880000,28.68000000,28.75640000,28.55580000,28.71620000,4995.09000000,1617501059999,143337.21725200,216,3846.26000000,110433.88965900,0
1617501060000,28.70540000,28.87540000,28.69520000,28.86690000,4856.03000000,1617501239999,139787.03499800,276,3299.43000000,94987.91874400,0
1617501240000,28.85320000,28.87620000,28.71740000,28.79920000,2374.12000000,1617501419999,68377.74162100,172,822.82000000,23713.11964900,0
1617501420000,28.79990000,28.83120000,28.70650000,28.75130000,1242.28000000,1617501599999,35764.25793000,92,578.53000000,16664.47111200,0
1617501600000,28.74030000,28.82010000,28.73810000,28.82010000,1318.51000000,1617501779999,37946.58421700,70,796.61000000,22930.20479900,0
1617501780000,28.81820000,28.87710000,28.80850000,28.86110000,1562.72000000,1617501959999,45079.96236800,72,1021.80000000,29473.21704800,0
1617501960000,28.85260000,28.89990000,28.85010000,28.88160000,1273.46000000,1617502139999,36781.28273000,89,974.58000000,28151.75336000,0
1617502140000,28.88160000,28.90000000,28.83330000,28.86350000,972.31000000,1617502319999,28077.10222100,88,402.59000000,11631.22264400,0
1617502320000,28.87530000,28.93420000,28.85500000,28.89970000,2160.21000000,1617502499999,62412.38823100,120,760.42000000,21980.66194700,0
1617502500000,28.88360000,28.96100000,28.87250000,28.95280000,1032.87000000,1617502679999,29878.42896300,97,669.46000000,19371.75913400,0
1617502680000,28.95280000,29.00000000,28.90250000,28.95340000,2389.91000000,1617502859999,69185.90848300,187,1032.96000000,29925.99739500,0
1617502860000,28.98460000,29.00000000,28.89260000,28.96060000,2038.07000000,1617503039999,59007.62732100,163,1013.06000000,29332.62321200,0
1617503040000,28.92670000,29.00360000,28.86750000,28.99290000,1170.29000000,1617503219999,33866.11195700,87,573.40000000,16601.66382000,0
1617503220000,28.99280000,29.08120000,28.99100000,29.06370000,1746.94000000,1617503399999,50742.82386100,198,1147.56000000,33329.19217500,0
1617503400000,29.06620000,29.08030000,28.94240000,28.97400000,1143.32000000,1617503579999,33150.79886200,142,275.14000000,7978.76355100,0
1617503580000,28.96670000,28.96680000,28.85960000,28.85960000,1313.46000000,1617503759999,37947.02695600,101,284.96000000,8238.06297700,0
1617503760000,28.89110000,28.93730000,28.88610000,28.89180000,2303.40000000,1617503939999,66562.58465900,63,2128.31000000,61502.39779700,0
1617503940000,28.89170000,28.89180000,28.85500000,28.87850000,733.74000000,1617504119999,21190.48042900,59,496.48000000,14340.24080900,0
1617504120000,28.88930000,28.89180000,28.86260000,28.86290000,732.39000000,1617504299999,21153.49540100,54,455.20000000,13149.85690200,0
1617504300000,28.87000000,28.87980000,28.81960000,28.85830000,4006.31000000,1617504479999,115548.80272000,144,1724.37000000,49735.45817300,0
1617504480000,28.85830000,28.88240000,28.79900000,28.86440000,499.88000000,1617504659999,14413.40550400,63,326.99000000,9428.47279200,0
1617504660000,28.84880000,29.02060000,28.84880000,28.95980000,1294.27000000,1617504839999,37420.06329700,101,953.07000000,27541.99196100,0
1617504840000,28.96530000,29.03180000,28.96430000,29.01320000,942.32000000,1617505019999,27334.50380500,109,651.05000000,18885.39074000,0
1617505020000,29.00180000,29.00770000,28.90030000,28.90030000,1095.82000000,1617505199999,31738.80537000,92,313.81000000,9093.77304800,0
1617505200000,28.90060000,29.02570000,28.80630000,28.99810000,1505.76000000,1617505379999,43531.84203000,173,816.38000000,23620.67382400,0
1617505380000,29.00870000,29.10000000,28.97080000,29.05290000,2152.56000000,1617505559999,62523.86829400,167,1449.34000000,42118.37534600,0
1617505560000,29.05700000,29.17530000,29.05700000,29.14950000,4268.03000000,1617505739999,124307.25252000,289,2584.01000000,75277.87975000,0
1617505740000,29.13110000,29.22020000,29.12570000,29.21540000,1888.02000000,1617505919999,55096.69104000,218,1142.01000000,33335.76785400,0
1617505920000,29.17460000,29.28560000,29.04730000,29.17750000,4760.07000000,1617506099999,138793.56511500,320,3059.84000000,89229.74606800,0
1617506100000,29.18300000,29.27000000,29.05300000,29.06270000,3030.87000000,1617506279999,88457.64274800,177,1661.93000000,48553.92110800,0
1617506280000,29.08850000,29.13110000,29.00520000,29.10140000,1379.76000000,1617506459999,40090.10733000,83,788.25000000,22915.52545500,0
1617506460000,29.10140000,29.11790000,28.94430000,29.00840000,2297.88000000,1617506639999,66664.54763600,192,410.97000000,11932.92456900,0
1617506640000,28.97980000,29.06860000,28.95330000,29.06860000,789.04000000,1617506819999,22881.05565700,47,471.64000000,13679.56806800,0
1617506820000,29.08170000,29.08980000,28.92380000,28.93910000,2433.15000000,1617506999999,70563.54356200,104,323.36000000,9389.98736600,0
1617507000000,28.94940000,29.00460000,28.94940000,29.00460000,636.41000000,1617507179999,18446.85475600,49,458.08000000,13281.27165100,0
1617507180000,28.98490000,28.99790000,28.92540000,28.99760000,577.52000000,1617507359999,16723.24047300,58,249.86000000,7240.15900100,0
1617507360000,28.99860000,29.08710000,28.99860000,29.07500000,1576.20000000,1617507539999,45807.26832900,91,1381.89000000,40164.01726600,0
1617507540000,29.07490000,29.24230000,29.06420000,29.21440000,1757.87000000,1617507719999,51248.05219500,137,1045.93000000,30464.18526000,0
1617507720000,29.21120000,29.28050000,29.20010000,29.20390000,1411.11000000,1617507899999,41262.74389300,127,767.24000000,22437.98300700,0
1617507900000,29.23400000,29.25190000,29.02480000,29.21460000,8990.76000000,1617508079999,261665.45672000,269,1130.15000000,32924.53467100,0
1617508080000,29.18330000,29.23910000,29.09630000,29.20620000,1731.86000000,1617508259999,50486.47388400,84,1363.86000000,39748.92136000,0
1617508260000,29.20660000,29.34360000,29.19920000,29.28230000,3507.91000000,1617508439999,102764.37260700,198,2660.03000000,77928.58054400,0
1617508440000,29.25850000,29.31350000,29.25220000,29.26110000,1178.85000000,1617508619999,34512.67446600,106,240.16000000,7029.88488400,0
1617508620000,29.26690000,29.32100000,29.25000000,29.25000000,1193.94000000,1617508799999,34961.50795600,108,718.74000000,21053.00538000,0
1617508800000,29.25010000,29.33190000,29.18210000,29.22070000,1295.31000000,1617508979999,37909.92091400,127,706.60000000,20702.00226800,0
1617508980000,29.22770000,29.24060000,29.16670000,29.18080000,633.26000000,1617509159999,18486.81718000,63,177.19000000,5176.37572700,0
1617509160000,29.19950000,29.20000000,29.11300000,29.13360000,996.96000000,1617509339999,29061.23199500,83,299.62000000,8733.61489300,0
1617509340000,29.14280000,29.14280000,29.07000000,29.13520000,638.99000000,1617509519999,18595.82926700,73,278.84000000,8116.08725300,0
1617509520000,29.13510000,29.13530000,29.07000000,29.11890000,561.66000000,1617509699999,16343.36816600,54,327.12000000,9519.44598300,0
1617509700000,29.11890000,29.18370000,29.04240000,29.18370000,1150.87000000,1617509879999,33474.07088500,85,299.18000000,8711.54565000,0
1617509880000,29.17470000,29.18750000,29.11570000,29.12330000,800.09000000,1617510059999,23319.91021400,78,361.54000000,10541.17012100,0
1617510060000,29.12370000,29.21070000,29.11000000,29.11660000,1294.55000000,1617510239999,37711.83093500,94,614.11000000,17896.70204300,0
1617510240000,29.11090000,29.18020000,29.05300000,29.14290000,2851.39000000,1617510419999,83004.02063000,162,930.28000000,27091.89987900,0
1617510420000,29.12290000,29.14010000,29.06790000,29.09930000,744.10000000,1617510599999,21645.51966500,53,287.46000000,8361.91893400,0
1617510600000,29.12220000,29.15480000,29.06300000,29.06300000,701.77000000,1617510779999,20435.94335100,58,289.11000000,8420.31590900,0
1617510780000,29.06370000,29.06380000,28.91200000,28.99820000,1517.76000000,1617510959999,44007.08347200,156,483.69000000,14034.53569100,0
1617510960000,28.99820000,29.00000000,28.90000000,28.92020000,1123.54000000,1617511139999,32504.22511700,80,168.32000000,4874.33564600,0
1617511140000,28.92020000,28.94630000,28.90000000,28.92220000,659.18000000,1617511319999,19063.33196600,70,371.62000000,10749.03177300,0
1617511320000,28.92210000,28.94000000,28.88390000,28.88390000,1588.26000000,1617511499999,45924.51879900,86,545.96000000,15790.85943700,0
1617511500000,28.88390000,29.00000000,28.88390000,28.95330000,2011.62000000,1617511679999,58216.67641800,133,891.79000000,25807.61918100,0
1617511680000,28.96350000,29.03650000,28.92480000,28.93030000,1033.62000000,1617511859999,29951.06431600,90,495.93000000,14374.16000500,0
1617511860000,28.95560000,29.03220000,28.92000000,29.00830000,1404.40000000,1617512039999,40671.44070000,117,906.49000000,26256.65323800,0
1617512040000,29.01290000,29.01810000,28.92000000,28.92310000,706.78000000,1617512219999,20468.29325200,70,202.61000000,5867.98370600,0
1617512220000,28.94260000,29.00640000,28.94260000,28.96000000,324.91000000,1617512399999,9410.33830500,44,170.66000000,4943.08989500,0
1617512400000,28.95570000,29.12490000,28.95480000,29.12310000,2499.08000000,1617512579999,72564.08646000,332,1628.97000000,47327.59012400,0
1617512580000,29.13140000,29.19260000,29.09570000,29.14080000,1068.92000000,1617512759999,31146.63596700,125,290.66000000,8471.30142000,0
1617512760000,29.14070000,29.14280000,28.95260000,28.96590000,3256.26000000,1617512939999,94548.76714700,219,888.51000000,25804.38797100,0
1617512940000,28.98320000,29.00770000,28.85000000,29.00770000,2602.23000000,1617513119999,75320.21214700,181,1335.61000000,38709.98026900,0
1617513120000,28.99570000,29.05030000,28.87740000,28.87740000,1447.05000000,1617513299999,41917.20522100,103,679.58000000,19709.17475900,0
1617513300000,28.87740000,28.91000000,28.74000000,28.74000000,3572.74000000,1617513479999,102917.17442500,209,812.06000000,23432.44925100,0
1617513480000,28.74670000,28.76570000,28.69210000,28.73340000,3040.76000000,1617513659999,87348.76335600,289,946.18000000,27190.85156200,0
1617513660000,28.73370000,28.77920000,28.68060000,28.69250000,1578.60000000,1617513839999,45355.00337400,149,405.62000000,11660.07399000,0
1617513840000,28.69920000,28.71850000,28.60800000,28.60800000,1902.03000000,1617514019999,54545.69166000,195,994.73000000,28534.06372400,0
1617514020000,28.60710000,28.64400000,28.56000000,28.56840000,4124.78000000,1617514199999,118001.46910800,311,2107.35000000,60295.45231800,0
1617514200000,28.56980000,28.58390000,28.44270000,28.44310000,3567.40000000,1617514379999,101667.35456300,329,1646.46000000,46927.61171600,0
1617514380000,28.44270000,28.54060000,28.44240000,28.49320000,3774.03000000,1617514559999,107474.09465800,235,2676.82000000,76246.24756200,0
1617514560000,28.48010000,28.60000000,28.44570000,28.54070000,1965.63000000,1617514739999,56094.83515200,186,1078.23000000,30772.24776700,0
1617514740000,28.53990000,28.59460000,28.48140000,28.52880000,1255.38000000,1617514919999,35804.43781800,111,454.15000000,12959.85897900,0
1617514920000,28.54720000,28.67280000,28.50860000,28.58800000,2103.16000000,1617515099999,60116.13434200,180,746.07000000,21338.50852300,0
1617515100000,28.61040000,28.76670000,28.59230000,28.71360000,911.27000000,1617515279999,26177.94644700,186,542.82000000,15595.01254600,0
1617515280000,28.69220000,28.88080000,28.68880000,28.85410000,2941.37000000,1617515459999,84782.68855600,307,2014.50000000,58067.86679300,0
1617515460000,28.85400000,28.85400000,28.70230000,28.73880000,2520.62000000,1617515639999,72478.00642000,193,1589.12000000,45676.06500900,0
1617515640000,28.75240000,28.80570000,28.55670000,28.57000000,1714.12000000,1617515819999,49168.78353600,230,581.34000000,16680.53494800,0
1617515820000,28.58590000,28.80050000,28.57680000,28.74380000,1490.43000000,1617515999999,42764.33142600,161,769.12000000,22074.24795400,0
1617516000000,28.72460000,28.86030000,28.61520000,28.82600000,2207.19000000,1617516179999,63434.31321000,181,1387.35000000,39869.08457400,0
1617516180000,28.83000000,28.97040000,28.80100000,28.91000000,2604.74000000,1617516359999,75296.85442100,246,1069.55000000,30905.93578400,0
1617516360000,28.94260000,28.96410000,28.73430000,28.77510000,2059.02000000,1617516539999,59366.52725300,177,830.04000000,23909.88614000,0
1617516540000,28.75240000,28.78610000,28.69680000,28.69680000,3105.43000000,1617516719999,89233.95295000,199,1491.38000000,42860.76922500,0
1617516720000,28.69060000,28.75570000,28.68340000,28.68340000,2060.09000000,1617516899999,59191.94034100,153,635.61000000,18265.30628400,0
1617516900000,28.69700000,28.71880000,28.59540000,28.60920000,1833.02000000,1617517079999,52524.57509700,133,615.70000000,17647.77337000,0
1617517080000,28.60430000,28.69010000,28.60430000,28.61000000,2765.08000000,1617517259999,79226.71761300,162,1461.60000000,41877.64317400,0
1617517260000,28.61000000,28.74000000,28.56090000,28.73340000,1915.36000000,1617517439999,54852.92671100,186,1192.52000000,34136.66742200,0
1617517440000,28.70610000,28.74510000,28.62560000,28.71140000,2133.01000000,1617517619999,61202.27965500,190,1056.27000000,30314.86740900,0
1617517620000,28.70850000,28.86840000,28.66480000,28.84920000,2699.06000000,1617517799999,77634.92143800,248,2005.46000000,57696.93847400,0
1617517800000,28.86840000,28.98300000,28.86540000,28.95390000,1786.52000000,1617517979999,51674.67861000,200,908.26000000,26277.38433400,0
1617517980000,28.97370000,29.03140000,28.82080000,28.86840000,3051.65000000,1617518159999,88318.59537400,361,1750.50000000,50698.45239600,0
1617518160000,28.86770000,29.07250000,28.84310000,29.03500000,2127.77000000,1617518339999,61713.95738000,270,1646.56000000,47762.13806400,0
1617518340000,29.03710000,29.09150000,29.00000000,29.03640000,2062.04000000,1617518519999,59911.91619900,274,815.46000000,23706.70749300,0
1617518520000,29.02170000,29.08540000,29.00000000,29.03000000,3597.06000000,1617518699999,104456.01848500,273,1731.48000000,50289.00832000,0
1617518700000,29.02470000,29.17000000,28.88580000,29.12710000,4837.02000000,1617518879999,140466.70394300,443,2691.17000000,78147.16649900,0
1617518880000,29.13030000,29.16920000,29.02480000,29.02720000,3891.16000000,1617519059999,113186.02183100,374,1128.75000000,32849.73795200,0
1617519060000,29.02490000,29.02710000,28.91890000,28.94800000,1969.47000000,1617519239999,57053.87051100,246,792.50000000,22953.60756200,0
1617519240000,28.93710000,29.06770000,28.93700000,29.06770000,2764.68000000,1617519419999,80175.81074500,211,1830.48000000,53094.26889200,0
1617519420000,29.07260000,29.07670000,28.98230000,29.06570000,1338.12000000,1617519599999,38862.62998900,163,663.98000000,19284.34436900,0
1617519600000,29.06560000,29.06560000,28.83720000,28.83860000,5197.45000000,1617519779999,150367.39702900,342,1568.19000000,45316.62694200,0
1617519780000,28.83860000,28.85810000,28.76380000,28.84060000,3250.78000000,1617519959999,93635.25152600,332,824.74000000,23755.61496300,0
1617519960000,28.82050000,28.91750000,28.81340000,28.89430000,4287.14000000,1617520139999,123822.51280200,250,2293.17000000,66234.30102500,0
1617520140000,28.89340000,28.90630000,28.83450000,28.90630000,2838.70000000,1617520319999,81960.58968800,256,1476.86000000,42646.33274700,0
1617520320000,28.89660000,28.95090000,28.89000000,28.93650000,2437.89000000,1617520499999,70507.95085800,198,1256.35000000,36339.46299500,0
1617520500000,28.91420000,29.03160000,28.91420000,29.02560000,7116.33000000,1617520679999,206332.08014000,257,2338.97000000,67814.10909200,0
1617520680000,29.03660000,29.07900000,28.97160000,29.05440000,2676.46000000,1617520859999,77732.97251500,206,1524.89000000,44295.63186600,0
1617520860000,29.06970000,29.17410000,29.05400000,29.11150000,1883.30000000,1617521039999,54833.60225200,213,962.36000000,28024.86340800,0
1617521040000,29.12740000,29.18560000,29.04480000,29.06460000,2391.92000000,1617521219999,69597.89948400,222,1278.27000000,37195.18831800,0
1617521220000,29.05300000,29.13270000,29.04720000,29.10670000,1604.60000000,1617521399999,46697.19055800,152,923.49000000,26872.32411000,0
1617521400000,29.10600000,29.15510000,29.01570000,29.03240000,7712.58000000,1617521579999,224112.91715700,293,2559.19000000,74311.87637400,0
1617521580000,29.02570000,29.09630000,29.00000000,29.00750000,2266.00000000,1617521759999,65803.37075500,187,976.51000000,28361.26588700,0
1617521760000,29.00100000,29.02850000,28.96150000,28.96150000,2283.77000000,1617521939999,66215.66298300,178,1197.95000000,34729.57838900,0
1617521940000,28.96150000,29.03390000,28.94990000,28.97010000,1940.22000000,1617522119999,56217.27110400,192,558.86000000,16195.93932000,0
1617522120000,28.97390000,29.00820000,28.90000000,28.95580000,2467.51000000,1617522299999,71462.01685900,174,1721.81000000,49881.18679500,0
1617522300000,28.95290000,29.00000000,28.90340000,29.00000000,1492.12000000,1617522479999,43206.44934300,150,774.01000000,22410.97982200,0
1617522480000,29.00000000,29.31080000,29.00000000,29.27620000,8689.76000000,1617522659999,253995.92368800,457,6898.35000000,201613.63408900,0
1617522660000,29.27520000,29.30140000,29.23460000,29.30000000,913.42000000,1617522839999,26740.92547600,158,437.04000000,12800.09765700,0
1617522840000,29.30000000,29.38900000,29.28380000,29.38890000,4984.99000000,1617523019999,146248.99579200,362,1995.67000000,58554.44889400,0
1617523020000,29.38900000,29.41810000,29.30080000,29.39850000,3048.65000000,1617523199999,89613.79078900,227,2124.53000000,62460.17633100,0
1617523200000,29.41000000,29.50000000,29.33550000,29.43950000,10449.86000000,1617523379999,307655.49622100,600,6108.07000000,179814.42013100,0
1617523380000,29.45410000,29.53250000,29.43650000,29.43650000,3963.67000000,1617523559999,116866.18824400,281,1384.40000000,40827.33000900,0
1617523560000,29.42240000,29.53000000,29.40000000,29.53000000,2411.98000000,1617523739999,71040.31396000,204,1830.04000000,53910.27620800,0
1617523740000,29.51830000,29.53000000,29.50000000,29.50600000,4038.09000000,1617523919999,119154.01389400,191,2731.03000000,80593.04360300,0
1617523920000,29.50000000,29.50600000,29.30000000,29.36490000,4245.97000000,1617524099999,124706.93522600,318,1650.11000000,48433.65419300,0
1617524100000,29.33690000,29.43910000,29.33690000,29.34480000,3812.29000000,1617524279999,111967.90972900,245,2806.42000000,82422.18446000,0
1617524280000,29.34370000,29.40980000,29.33810000,29.35930000,2449.94000000,1617524459999,71955.70512600,179,903.32000000,26539.53057200,0
1617524460000,29.35550000,29.44800000,29.35520000,29.39420000,4566.01000000,1617524639999,134204.91427700,212,2491.38000000,73217.34583400,0
1617524640000,29.40780000,29.50050000,29.38220000,29.50000000,3171.59000000,1617524819999,93405.82859400,183,2313.62000000,68146.45659500,0
1617524820000,29.50000000,29.54420000,29.49220000,29.50610000,3644.72000000,1617524999999,107541.20414100,232,1274.98000000,37634.91258400,0
1617525000000,29.50610000,29.55000000,29.50000000,29.54460000,1929.03000000,1617525179999,56949.73902800,169,1075.07000000,31752.22410200,0
1617525180000,29.54460000,29.55000000,29.51100000,29.54750000,1569.45000000,1617525359999,46364.40781300,118,1067.35000000,31537.24898300,0
1617525360000,29.55000000,29.55000000,29.51690000,29.54900000,9666.03000000,1617525539999,285610.28486300,225,8429.98000000,249103.94816900,0
1617525540000,29.53140000,29.59000000,29.53140000,29.56920000,3355.32000000,1617525719999,99152.90603200,214,1999.57000000,59094.22595700,0
1617525720000,29.59010000,29.60000000,29.55000000,29.57440000,1885.24000000,1617525899999,55778.51348700,148,827.56000000,24488.07549500,0
1617525900000,29.57460000,29.58950000,29.41900000,29.41900000,3089.86000000,1617526079999,91234.42988000,245,738.53000000,21827.47943200,0
1617526080000,29.41920000,29.50280000,29.40210000,29.50170000,1160.07000000,1617526259999,34151.78514700,140,421.81000000,12422.50974200,0
1617526260000,29.51530000,29.52000000,29.42690000,29.49990000,2454.72000000,1617526439999,72375.78060200,181,1125.28000000,33185.28080500,0
1617526440000,29.49030000,29.52000000,29.41090000,29.41090000,1814.14000000,1617526619999,53490.53145300,130,1309.75000000,38628.29504500,0
1617526620000,29.42520000,29.44110000,29.35050000,29.37540000,2625.89000000,1617526799999,77180.54217000,223,1586.16000000,46617.64000000,0
1617526800000,29.39960000,29.49310000,29.39960000,29.46000000,1827.35000000,1617526979999,53799.81490200,168,1121.60000000,33031.32216800,0
1617526980000,29.46000000,29.49290000,29.45430000,29.48370000,1884.14000000,1617527159999,55533.38918200,140,937.78000000,27644.75438600,0
1617527160000,29.48370000,29.66940000,29.47580000,29.65430000,6058.32000000,1617527339999,179239.20057900,402,4404.62000000,130306.44878800,0
1617527340000,29.65730000,29.66560000,29.46600000,29.49990000,2050.66000000,1617527519999,60579.64947000,178,871.99000000,25788.16524000,0
1617527520000,29.49820000,29.61110000,29.48000000,29.52000000,3845.46000000,1617527699999,113551.40324600,200,2349.05000000,69359.35489800,0
1617527700000,29.51480000,29.54970000,29.46190000,29.51330000,2780.10000000,1617527879999,82009.38556800,183,1121.02000000,33077.96655700,0
1617527880000,29.49990000,29.56740000,29.46000000,29.54700000,4218.54000000,1617528059999,124413.67526600,218,1485.46000000,43813.17246300,0
1617528060000,29.55820000,29.55820000,29.47040000,29.49750000,1105.96000000,1617528239999,32644.48072300,116,457.49000000,13503.87544100,0
1617528240000,29.50980000,29.52880000,29.46000000,29.48810000,2529.53000000,1617528419999,74618.37282200,181,1392.46000000,41077.55779400,0
1617528420000,29.50820000,29.50820000,29.41130000,29.43440000,3414.25000000,1617528599999,100529.42489100,227,1071.23000000,31551.90596600,0
1617528600000,29.42420000,29.45290000,29.35890000,29.37580000,1888.73000000,1617528779999,55558.83833500,200,836.85000000,24634.47956700,0
1617528780000,29.36250000,29.40000000,29.35240000,29.36600000,1818.92000000,1617528959999,53432.53281800,127,891.51000000,26198.56203400,0
1617528960000,29.36600000,29.42420000,29.36590000,29.37650000,1813.87000000,1617529139999,53315.13739400,141,1389.26000000,40834.10116500,0
1617529140000,29.39050000,29.48590000,29.37580000,29.45660000,1433.56000000,1617529319999,42205.53354100,124,801.71000000,23605.47842500,0
1617529320000,29.46890000,29.48370000,29.45000000,29.47530000,3288.85000000,1617529499999,96893.77651900,125,1129.29000000,33274.89635700,0
1617529500000,29.47740000,29.49300000,29.40240000,29.49300000,4248.97000000,1617529679999,125163.46372800,193,796.30000000,23461.98901100,0
1617529680000,29.48630000,29.57470000,29.44000000,29.55280000,2714.79000000,1617529859999,80134.61968900,209,1106.61000000,32673.55470800,0
1617529860000,29.54510000,29.61430000,29.54450000,29.60480000,2777.34000000,1617530039999,82165.07191900,160,2025.00000000,59914.19949100,0
1617530040000,29.58600000,29.70000000,29.56500000,29.68740000,3463.97000000,1617530219999,102730.23902400,238,2726.46000000,80868.94329000,0
1617530220000,29.69980000,29.79660000,29.68110000,29.72300000,7549.62000000,1617530399999,224433.85598500,464,4666.44000000,138722.08387300,0
1617530400000,29.73000000,29.83720000,29.72920000,29.80160000,3914.71000000,1617530579999,116585.50449900,327,2867.75000000,85408.91377800,0
1617530580000,29.80130000,29.81910000,29.59870000,29.62660000,9254.33000000,1617530759999,274725.01629300,396,1868.27000000,55435.90898400,0
1617530760000,29.62660000,29.63610000,29.55010000,29.55010000,2613.29000000,1617530939999,77351.17616000,152,1376.03000000,40740.74093000,0
1617530940000,29.55010000,29.58200000,29.51670000,29.56990000,1461.62000000,1617531119999,43196.50221100,141,760.06000000,22466.58766400,0
1617531120000,29.55930000,29.60000000,29.55000000,29.56920000,791.31000000,1617531299999,23395.41612600,88,364.91000000,10788.41406500,0
1617531300000,29.57430000,29.59180000,29.52000000,29.53000000,1828.84000000,1617531479999,54054.80009000,169,847.33000000,25050.23776200,0
1617531480000,29.53000000,29.53990000,29.50000000,29.52260000,1766.09000000,1617531659999,52141.20090600,173,552.50000000,16316.32408700,0
1617531660000,29.52260000,29.54000000,29.50000000,29.50000000,2182.91000000,1617531839999,64461.38166300,150,1014.60000000,29968.54535500,0
1617531840000,29.50020000,29.53000000,29.50000000,29.51480000,2157.19000000,1617532019999,63667.51327500,130,1062.49000000,31364.83098500,0
1617532020000,29.50980000,29.55240000,29.50750000,29.52010000,872.65000000,1617532199999,25768.73539600,83,483.05000000,14267.78785200,0
1617532200000,29.52010000,29.55000000,29.50000000,29.50000000,1912.47000000,1617532379999,56472.60935100,136,1158.06000000,34205.53678800,0
1617532380000,29.50000000,29.52040000,29.32190000,29.38280000,4084.27000000,1617532559999,120218.94532300,347,1361.66000000,40055.24395500,0
1617532560000,29.40130000,29.50460000,29.38140000,29.44510000,2389.93000000,1617532739999,70411.67150200,175,754.83000000,22246.16216300,0
1617532740000,29.46080000,29.52750000,29.43810000,29.48910000,3176.51000000,1617532919999,93620.22864300,209,1860.53000000,54841.01963400,0
1617532920000,29.49240000,29.52350000,29.45000000,29.46100000,1616.76000000,1617533099999,47681.54892300,126,431.22000000,12724.11602800,0
1617533100000,29.46080000,29.55030000,29.46000000,29.53670000,1860.77000000,1617533279999,54881.93355000,168,1013.47000000,29899.09002900,0
1617533280000,29.51270000,29.57790000,29.51270000,29.54010000,3488.50000000,1617533459999,103052.61126600,180,1439.58000000,42526.76704700,0
1617533460000,29.54010000,29.57470000,29.48080000,29.54020000,3746.29000000,1617533639999,110627.49329500,216,1223.16000000,36112.33555900,0
1617533640000,29.54020000,29.54820000,29.40430000,29.48300000,1790.87000000,1617533819999,52806.03650300,192,849.07000000,25045.35617000,0
1617533820000,29.45910000,29.53460000,29.42340000,29.48040000,2092.14000000,1617533999999,61672.54031100,157,1112.06000000,32784.12564300,0
1617534000000,29.50130000,29.51990000,29.40380000,29.42000000,2804.10000000,1617534179999,82600.36753900,168,1218.37000000,35898.15268600,0
1617534180000,29.44070000,29.46210000,29.34280000,29.35500000,3432.88000000,1617534359999,100947.03570600,254,900.29000000,26478.90638900,0
1617534360000,29.37070000,29.37070000,29.20650000,29.27660000,8015.91000000,1617534539999,234632.47760100,659,2691.11000000,78801.10732100,0
1617534540000,29.27660000,29.27660000,29.16990000,29.22160000,4290.19000000,1617534719999,125322.07585300,280,1708.27000000,49916.66118500,0
1617534720000,29.21950000,29.22760000,29.15770000,29.19790000,3886.47000000,1617534899999,113438.08803900,202,2258.13000000,65915.03122500,0
1617534900000,29.19290000,29.31730000,29.15000000,29.29920000,2626.86000000,1617535079999,76774.45688800,225,1491.93000000,43606.89202800,0
1617535080000,29.31090000,29.32170000,29.23890000,29.30080000,1459.35000000,1617535259999,42748.74543800,117,895.85000000,26249.89572000,0
1617535260000,29.31350000,29.34380000,29.22840000,29.22920000,2046.07000000,1617535439999,59907.76750100,176,886.31000000,25949.52250500,0
1617535440000,29.22900000,29.29840000,29.19020000,29.21080000,2404.14000000,1617535619999,70301.95952900,197,1147.04000000,33552.60975700,0
1617535620000,29.22590000,29.22600000,29.07020000,29.12060000,8715.10000000,1617535799999,253852.17298600,336,2207.17000000,64289.31826900,0
1617535800000,29.11430000,29.28850000,29.09810000,29.28830000,5303.06000000,1617535979999,154885.35791000,306,4449.18000000,129980.10631100,0
1617535980000,29.26770000,29.27250000,29.16240000,29.17420000,1371.92000000,1617536159999,40102.97240500,159,808.83000000,23647.46850900,0
1617536160000,29.16240000,29.28720000,29.16230000,29.27460000,3472.54000000,1617536339999,101484.91993300,229,2392.58000000,69928.80513600,0
1617536340000,29.27460000,29.28000000,29.05310000,29.05310000,4259.50000000,1617536519999,124354.30154700,347,1426.07000000,41686.61118700,0
1617536520000,29.05310000,29.18450000,29.00000000,29.06210000,7793.09000000,1617536699999,226398.54072700,477,3410.88000000,99133.69586600,0
1617536700000,29.07570000,29.19990000,29.04500000,29.19990000,3189.20000000,1617536879999,92892.59411500,249,1822.20000000,53087.88280200,0
1617536880000,29.19620000,29.28050000,29.16130000,29.23490000,4093.11000000,1617537059999,119575.79943700,330,2121.45000000,62003.93299600,0
1617537060000,29.23560000,29.26000000,29.10690000,29.12560000,2563.95000000,1617537239999,74852.28563200,218,989.68000000,28893.89160500,0
1617537240000,29.12560000,29.19320000,28.97880000,28.99550000,5223.62000000,1617537419999,151802.23660100,386,1866.14000000,54275.68899200,0
1617537420000,29.02560000,29.07250000,28.75970000,28.97750000,31517.68000000,1617537599999,909233.76146700,1123,18433.77000000,531372.59572300,0
1617537600000,28.97090000,29.06820000,28.68410000,28.71730000,8038.04000000,1617537779999,231986.99684500,730,2071.40000000,59785.34582100,0
1617537780000,28.70900000,28.93080000,28.67930000,28.84540000,6363.18000000,1617537959999,183408.51290900,541,4325.74000000,124648.94109300,0
1617537960000,28.83540000,28.90540000,28.73430000,28.85360000,2650.86000000,1617538139999,76337.60778400,266,1218.41000000,35090.12761600,0
1617538140000,28.86920000,29.09660000,28.83360000,29.03690000,4895.89000000,1617538319999,141824.88038800,425,2819.21000000,81710.95528700,0
1617538320000,29.03690000,29.23300000,28.96760000,29.15510000,6026.43000000,1617538499999,175567.19910000,459,2404.16000000,70072.26299700,0
1617538500000,29.15140000,29.39260000,29.08200000,29.37290000,4702.06000000,1617538679999,137570.54906600,408,3153.70000000,92311.68685300,0
1617538680000,29.38690000,29.44200000,29.33070000,29.37430000,5850.73000000,1617538859999,171915.09446200,383,1724.84000000,50683.91871600,0
1617538860000,29.37490000,29.39450000,29.22090000,29.29810000,10800.41000000,1617539039999,316721.63783500,404,1937.28000000,56786.90878900,0
1617539040000,29.32550000,29.41940000,29.23970000,29.28360000,6856.07000000,1617539219999,201100.31501700,370,3198.82000000,93799.53176500,0
1617539220000,29.30950000,29.35000000,29.25000000,29.27620000,3810.45000000,1617539399999,111672.86256900,221,2222.89000000,65159.27902300,0
1617539400000,29.26770000,29.35100000,29.25000000,29.28990000,2507.93000000,1617539579999,73505.01929400,240,1174.31000000,34420.64121300,0
1617539580000,29.27000000,29.28870000,29.20000000,29.23380000,3098.78000000,1617539759999,90594.52441600,253,1193.95000000,34912.79275300,0
1617539760000,29.24650000,29.30720000,29.20050000,29.27040000,6320.12000000,1617539939999,184885.14897600,343,3700.92000000,108275.72662900,0
1617539940000,29.28170000,29.36000000,29.24350000,29.34620000,3204.22000000,1617540119999,93919.21213200,231,2005.91000000,58810.76498500,0
1617540120000,29.35230000,29.42850000,29.32300000,29.42030000,2669.10000000,1617540299999,78369.32690200,189,2144.98000000,62984.31176500,0
1617540300000,29.40850000,29.50000000,29.37290000,29.46300000,4540.27000000,1617540479999,133782.01818600,307,1355.42000000,39926.84227300,0
1617540480000,29.45000000,29.53500000,29.41050000,29.51100000,2323.26000000,1617540659999,68484.85648600,245,1406.07000000,41453.78570300,0
1617540660000,29.52580000,29.53670000,29.50000000,29.52000000,1500.72000000,1617540839999,44287.49973200,193,596.04000000,17591.87586200,0
1617540840000,29.50500000,29.62000000,29.50000000,29.51970000,3707.03000000,1617541019999,109537.38357800,334,2484.04000000,73412.87669400,0
1617541020000,29.51370000,29.62320000,29.51370000,29.57630000,3278.60000000,1617541199999,96966.52625900,225,1842.39000000,54507.38809400,0
1617541200000,29.58010000,29.62400000,29.56580000,29.58180000,2726.58000000,1617541379999,80705.44022600,246,1926.02000000,57015.58983100,0
1617541380000,29.60000000,29.61000000,29.56560000,29.58290000,4113.30000000,1617541559999,121764.04180200,258,2784.73000000,82452.06250400,0
1617541560000,29.59990000,29.62400000,29.52580000,29.52580000,10590.25000000,1617541739999,313591.86890500,320,8412.20000000,249159.87924300,0
1617541740000,29.55150000,29.57770000,29.52130000,29.56580000,1401.64000000,1617541919999,41429.52503200,109,936.23000000,27676.56676200,0
1617541920000,29.56580000,29.59360000,29.46500000,29.46950000,3104.08000000,1617542099999,91665.23424600,190,716.06000000,21158.98720400,0
1617542100000,29.47700000,29.66530000,29.47250000,29.66020000,9183.18000000,1617542279999,271771.30192200,352,6598.56000000,195309.98015700,0
1617542280000,29.66150000,29.79360000,29.66150000,29.76960000,3097.99000000,1617542459999,92101.85638100,347,1562.46000000,46464.77773600,0
1617542460000,29.76960000,29.87800000,29.71120000,29.80300000,6263.20000000,1617542639999,186616.34157300,384,3860.19000000,115008.68823500,0
1617542640000,29.81340000,29.82000000,29.68790000,29.70000000,5963.68000000,1617542819999,177548.49731000,292,1751.54000000,52146.91012800,0
1617542820000,29.70930000,29.79020000,29.64540000,29.76330000,2970.34000000,1617542999999,88284.67758100,221,1338.52000000,39811.42385200,0
1617543000000,29.76380000,29.89860000,29.76370000,29.82280000,6583.43000000,1617543179999,196544.86123000,344,4414.02000000,131796.31614700,0
1617543180000,29.82350000,29.91710000,29.68970000,29.80070000,9867.06000000,1617543359999,294299.18476700,407,5271.81000000,157415.23191000,0
1617543360000,29.78890000,29.82800000,29.73160000,29.75720000,4960.13000000,1617543539999,147668.83950200,238,2468.48000000,73510.69392200,0
1617543540000,29.75720000,29.78000000,29.63720000,29.67300000,4393.57000000,1617543719999,130476.30932800,262,1999.57000000,59392.12614200,0
1617543720000,29.67300000,29.70000000,29.56960000,29.58800000,4155.36000000,1617543899999,123095.94867400,296,1347.28000000,39920.30666700,0
1617543900000,29.57850000,29.67580000,29.54220000,29.55330000,3228.07000000,1617544079999,95594.66808900,197,1366.54000000,40482.07153400,0
1617544080000,29.54120000,29.62930000,29.53840000,29.61000000,2438.88000000,1617544259999,72113.58358400,183,1545.71000000,45696.78770200,0
1617544260000,29.60940000,29.68000000,29.56160000,29.61880000,3831.94000000,1617544439999,113534.22075100,179,1889.58000000,55998.54952300,0
1617544440000,29.64020000,29.65560000,29.57540000,29.59660000,1985.63000000,1617544619999,58797.02901900,128,738.99000000,21887.16834700,0
1617544620000,29.59670000,29.61440000,29.54910000,29.58150000,4280.63000000,1617544799999,126582.16530100,185,1249.74000000,36963.61104800,0
1617544800000,29.57480000,29.69280000,29.57480000,29.61390000,1951.75000000,1617544979999,57838.56071800,160,1330.89000000,39451.27213900,0
1617544980000,29.61360000,29.64710000,29.60160000,29.60170000,1766.63000000,1617545159999,52324.57668900,163,719.33000000,21312.58316800,0
1617545160000,29.60990000,29.60990000,29.50000000,29.55730000,3402.76000000,1617545339999,100536.36672300,242,1617.73000000,47780.14223900,0
1617545340000,29.56040000,29.57970000,29.52800000,29.55190000,3954.54000000,1617545519999,116855.99402400,130,2275.14000000,67251.20758000,0
1617545520000,29.55960000,29.61640000,29.52800000,29.54070000,3122.58000000,1617545699999,92298.92024000,167,701.32000000,20736.36347500,0
1617545700000,29.54070000,29.72610000,29.53340000,29.69310000,3765.16000000,1617545879999,111584.39858200,226,2164.24000000,64128.62710200,0
1617545880000,29.69360000,29.72350000,29.66360000,29.67820000,2339.10000000,1617546059999,69433.51466200,135,529.63000000,15732.00733700,0
1617546060000,29.67350000,29.69200000,29.59190000,29.60840000,2259.25000000,1617546239999,66923.94839900,145,954.56000000,28272.84770200,0
1617546240000,29.60820000,29.64290000,29.58330000,29.60810000,2899.86000000,1617546419999,85864.86825200,179,1353.76000000,40086.73630500,0
1617546420000,29.60820000,29.65810000,29.58340000,29.60010000,2780.75000000,1617546599999,82366.99361000,124,1084.29000000,32118.55169500,0
1617546600000,29.60010000,29.68170000,29.60000000,29.62230000,2494.11000000,1617546779999,73931.50321500,172,1084.04000000,32127.27341500,0
1617546780000,29.62460000,29.63000000,29.52800000,29.54420000,6312.39000000,1617546959999,186739.53193100,218,2748.25000000,81283.32327900,0
1617546960000,29.53990000,29.53990000,29.50000000,29.53000000,2404.04000000,1617547139999,70958.42105800,153,686.40000000,20266.24901300,0
1617547140000,29.52010000,29.52350000,29.36350000,29.39460000,9655.91000000,1617547319999,284339.43848500,437,2422.22000000,71262.43628600,0
1617547320000,29.36870000,29.39460000,29.35240000,29.35240000,5871.85000000,1617547499999,172459.21874400,289,1572.28000000,46191.43984700,0
1617547500000,29.35000000,29.44320000,29.34990000,29.36480000,2347.48000000,1617547679999,69005.68399000,184,1808.72000000,53169.00283300,0
1617547680000,29.37440000,29.41130000,29.36470000,29.40130000,1598.02000000,1617547859999,46953.25781500,140,526.39000000,15467.34262600,0
1617547860000,29.39510000,29.44560000,29.36490000,29.40980000,2426.68000000,1617548039999,71326.38212000,226,1092.41000000,32122.26576100,0
1617548040000,29.41610000,29.46510000,29.36490000,29.43580000,2470.07000000,1617548219999,72664.25504800,189,1688.16000000,49659.17786400,0
1617548220000,29.43570000,29.49230000,29.42530000,29.45850000,1508.40000000,1617548399999,44424.46260100,95,679.29000000,20018.08499500,0
1617548400000,29.45840000,29.52540000,29.39080000,29.41420000,4642.41000000,1617548579999,136723.23182000,300,1416.16000000,41706.57927100,0
1617548580000,29.38870000,29.40720000,29.34450000,29.37420000,2108.69000000,1617548759999,61929.11807000,216,899.78000000,26429.11439800,0
1617548760000,29.38250000,29.38250000,29.30000000,29.30190000,2228.61000000,1617548939999,65381.49872800,239,633.31000000,18582.43136200,0
1617548940000,29.33070000,29.46680000,29.33070000,29.38990000,6190.87000000,1617549119999,181974.30014900,258,4868.47000000,143101.15208400,0
1617549120000,29.39070000,29.43240000,29.31590000,29.34610000,2234.24000000,1617549299999,65626.42827200,167,702.09000000,20624.71247700,0
1617549300000,29.33850000,29.42500000,29.32800000,29.35300000,4236.69000000,1617549479999,124397.37010400,241,2588.88000000,76033.04295400,0
1617549480000,29.35300000,29.40000000,29.29000000,29.36000000,6795.40000000,1617549659999,199467.05813000,313,4039.65000000,118608.67873300,0
1617549660000,29.36010000,29.43810000,29.34000000,29.39890000,2013.31000000,1617549839999,59146.46672600,158,737.73000000,21678.17087100,0
1617549840000,29.38260000,29.45550000,29.35900000,29.45550000,1453.44000000,1617550019999,42734.27867800,141,1065.12000000,31321.34740800,0
1617550020000,29.45550000,29.65350000,29.43790000,29.55510000,10366.39000000,1617550199999,306633.85722300,509,7265.22000000,214995.02449200,0
1617550200000,29.55510000,29.65770000,29.53130000,29.55770000,6533.68000000,1617550379999,193362.15855400,338,4030.21000000,119341.38044400,0
1617550380000,29.53140000,29.65230000,29.47840000,29.56900000,5851.62000000,1617550559999,173131.55987700,310,4157.13000000,123061.49384200,0
1617550560000,29.58250000,29.63260000,29.50000000,29.51810000,3293.95000000,1617550739999,97393.58764300,212,561.54000000,16616.49261500,0
1617550740000,29.50420000,29.50420000,29.29000000,29.37460000,10282.82000000,1617550919999,301958.49458700,385,3401.20000000,100051.38486200,0
1617550920000,29.36010000,29.42770000,29.14480000,29.28220000,16378.68000000,1617551099999,478983.22961100,923,8446.27000000,246886.30466700,0
1617551100000,29.26230000,29.29520000,29.15540000,29.24700000,17679.05000000,1617551279999,516319.77390200,600,10178.46000000,297228.75489400,0
1617551280000,29.24610000,29.31510000,29.20000000,29.26900000,8524.73000000,1617551459999,249252.51731900,373,3660.93000000,107009.13274900,0
1617551460000,29.26870000,29.29860000,29.21050000,29.24270000,2531.10000000,1617551639999,74034.88938900,204,1219.97000000,35689.94029100,0
1617551640000,29.23170000,29.26120000,29.12720000,29.12720000,4068.41000000,1617551819999,118817.01124400,223,875.50000000,25544.81179000,0
1617551820000,29.14500000,29.14500000,28.98060000,29.06330000,7878.12000000,1617551999999,228859.25720600,574,1848.19000000,53702.81681800,0
1617552000000,29.05400000,29.12970000,29.00000000,29.03290000,4420.27000000,1617552179999,128397.40261900,461,1654.37000000,48063.52481900,0
1617552180000,29.04000000,29.12610000,29.04000000,29.07000000,3170.10000000,1617552359999,92247.30064300,243,2678.08000000,77943.99906000,0
1617552360000,29.08760000,29.11360000,29.00170000,29.08660000,4533.26000000,1617552539999,131735.40907100,310,2539.43000000,73792.14481800,0
1617552540000,29.08660000,29.08710000,29.04590000,29.06970000,1582.27000000,1617552719999,45990.39212100,153,427.52000000,12430.98905900,0
1617552720000,29.06100000,29.18210000,29.03600000,29.16690000,3349.43000000,1617552899999,97480.97070700,236,2146.53000000,62475.15846600,0
1617552900000,29.16680000,29.16680000,29.07930000,29.11550000,1253.20000000,1617553079999,36483.09459700,140,851.44000000,24786.61783800,0
1617553080000,29.11210000,29.11440000,29.05530000,29.08010000,1879.53000000,1617553259999,54643.41092400,159,619.21000000,18008.72118500,0
1617553260000,29.08010000,29.08760000,29.00640000,29.02950000,5094.12000000,1617553439999,148062.82943500,204,1777.58000000,51663.17942500,0
1617553440000,29.03300000,29.04760000,28.94850000,28.95810000,5079.45000000,1617553619999,147270.09165800,257,2100.28000000,60894.11588500,0
1617553620000,28.95830000,29.05790000,28.95490000,28.97940000,4302.97000000,1617553799999,124755.23618400,182,3198.81000000,92741.64266300,0
1617553800000,28.98050000,29.08880000,28.98050000,29.04890000,2765.44000000,1617553979999,80270.85443100,223,1439.29000000,41794.19870600,0
1617553980000,29.04900000,29.08010000,29.00000000,29.03850000,2992.09000000,1617554159999,86923.36169300,211,1538.39000000,44697.91857900,0
1617554160000,29.02230000,29.04560000,28.99190000,29.03320000,2240.03000000,1617554339999,64992.91485900,167,1028.21000000,29836.32039800,0
1617554340000,29.03320000,29.13110000,28.98900000,29.07600000,3748.90000000,1617554519999,108927.08659000,227,2368.53000000,68851.21792800,0
1617554520000,29.07170000,29.09430000,28.95000000,29.00730000,2582.66000000,1617554699999,74886.33505200,215,1264.39000000,36662.46524400,0
1617554700000,29.00080000,29.15720000,28.98400000,29.14030000,3461.44000000,1617554879999,100658.09004200,212,2325.66000000,67650.06813200,0
1617554880000,29.15990000,29.22840000,29.10440000,29.16620000,3186.27000000,1617555059999,92930.24750500,237,1746.29000000,50959.62913400,0
1617555060000,29.16610000,29.19070000,29.13000000,29.13000000,2186.06000000,1617555239999,63736.35508400,174,1168.58000000,34075.12525800,0
1617555240000,29.14480000,29.18240000,29.12710000,29.17000000,1069.09000000,1617555419999,31169.57888500,150,582.89000000,16997.47297600,0
1617555420000,29.17200000,29.30000000,29.17010000,29.25980000,5507.73000000,1617555599999,161131.88644200,339,3892.38000000,113867.23747800,0
1617555600000,29.25960000,29.30000000,29.24460000,29.30000000,2289.32000000,1617555779999,67007.51849700,214,738.94000000,21637.24230300,0
1617555780000,29.30000000,29.42160000,29.29290000,29.41070000,2253.31000000,1617555959999,66124.54244500,280,1741.43000000,51103.37454100,0
1617555960000,29.40020000,29.42510000,29.35530000,29.40490000,2568.79000000,1617556139999,75522.16024000,173,1080.10000000,31755.73337500,0
1617556140000,29.41490000,29.43000000,29.40490000,29.41510000,3107.19000000,1617556319999,91393.92378200,182,1469.02000000,43214.76501000,0
1617556320000,29.41200000,29.49000000,29.40490000,29.47870000,2875.77000000,1617556499999,84681.67067300,246,1162.36000000,34230.95892600,0
1617556500000,29.47870000,29.54350000,29.32600000,29.39500000,6281.71000000,1617556679999,184868.28706500,431,1816.19000000,53524.22690100,0
1617556680000,29.39520000,29.47550000,29.35100000,29.38880000,3296.36000000,1617556859999,96962.09186300,219,1933.99000000,56923.88958600,0
1617556860000,29.38820000,29.40000000,29.35090000,29.36000000,2076.91000000,1617557039999,61020.34733900,180,872.97000000,25655.84719500,0
1617557040000,29.37000000,29.54860000,29.36340000,29.43010000,4651.16000000,1617557219999,137018.31361600,464,2922.89000000,86095.95225700,0
1617557220000,29.44760000,29.44770000,29.32640000,29.35750000,3156.07000000,1617557399999,92651.08679600,331,1090.51000000,32013.61638200,0
1617557400000,29.35780000,29.40690000,29.34160000,29.34690000,1982.65000000,1617557579999,58229.01526900,235,1014.31000000,29797.49912800,0
1617557580000,29.36090000,29.42000000,29.33490000,29.37760000,2840.89000000,1617557759999,83460.41419900,249,1493.59000000,43890.45584200,0
1617557760000,29.37770000,29.40000000,29.29730000,29.29990000,9260.62000000,1617557939999,271551.63597900,417,4810.29000000,141019.60837800,0
1617557940000,29.29650000,29.35290000,29.27780000,29.35150000,2578.28000000,1617558119999,75564.41763900,321,1948.24000000,57106.26916700,0
1617558120000,29.35210000,29.35270000,29.28000000,29.28720000,2648.07000000,1617558299999,77614.44862100,268,1228.49000000,36008.56124100,0
1617558300000,29.29840000,29.46380000,29.29840000,29.44570000,3617.40000000,1617558479999,106234.02744000,369,2796.59000000,82150.33670500,0
1617558480000,29.44570000,29.49160000,29.38310000,29.43330000,1866.03000000,1617558659999,54928.36404200,295,1142.25000000,33637.06588300,0
1617558660000,29.43100000,29.43100000,29.37860000,29.41700000,1907.88000000,1617558839999,56104.69748500,192,725.29000000,21337.57729800,0
1617558840000,29.41030000,29.43660000,29.37030000,29.43660000,2728.14000000,1617559019999,80234.32633600,288,1663.80000000,48941.47880000,0
1617559020000,29.43850000,29.60350000,29.43000000,29.59080000,10519.73000000,1617559199999,310836.03852900,515,7880.77000000,232832.84671000,0
1617559200000,29.59080000,29.62960000,29.58410000,29.62820000,3035.92000000,1617559379999,89896.51028700,317,2194.64000000,64988.88078400,0
1617559380000,29.62820000,29.71000000,29.59420000,29.71000000,4795.20000000,1617559559999,142047.08420800,382,2747.95000000,81429.87484700,0
1617559560000,29.71000000,29.74030000,29.68590000,29.73940000,2578.25000000,1617559739999,76624.30765400,356,1208.72000000,35929.73351000,0
1617559740000,29.73940000,29.84350000,29.73020000,29.79900000,9795.76000000,1617559919999,291947.06740600,473,6089.10000000,181461.27784500,0
1617559920000,29.80000000,29.85240000,29.78000000,29.82070000,5459.40000000,1617560099999,162744.27915100,347,2973.20000000,88653.03439300,0
1617560100000,29.81840000,29.83510000,29.61890000,29.72590000,5432.26000000,1617560279999,161491.80605600,444,1246.72000000,37086.76646200,0
1617560280000,29.70300000,29.78400000,29.69310000,29.73640000,3083.07000000,1617560459999,91676.32193700,210,2143.20000000,63736.15436100,0
1617560460000,29.72410000,29.74960000,29.67910000,29.73850000,3570.00000000,1617560639999,106086.76390200,216,1830.44000000,54404.70983900,0
1617560640000,29.73850000,29.83930000,29.72580000,29.78710000,1997.63000000,1617560819999,59507.70356200,256,1493.20000000,44486.41161400,0
1617560820000,29.78640000,29.81110000,29.71290000,29.72740000,1398.09000000,1617560999999,41622.85101000,155,740.40000000,22045.07663700,0
1617561000000,29.71190000,29.75000000,29.70000000,29.72000000,1812.51000000,1617561179999,53864.30169100,228,594.72000000,17681.29623400,0
1617561180000,29.72000000,29.74300000,29.70000000,29.72280000,2048.35000000,1617561359999,60870.51227300,192,990.17000000,29430.79133600,0
1617561360000,29.70720000,29.72560000,29.65680000,29.65680000,3157.88000000,1617561539999,93779.49105800,204,1256.07000000,37316.06480900,0
1617561540000,29.67450000,29.69930000,29.60000000,29.61960000,5676.86000000,1617561719999,168170.88232900,298,3315.98000000,98228.08440800,0
1617561720000,29.61000000,29.61980000,29.50000000,29.51860000,7538.32000000,1617561899999,223064.31930900,352,977.30000000,28926.09007600,0
1617561900000,29.50010000,29.61250000,29.47690000,29.58090000,2663.44000000,1617562079999,78681.16185700,250,1213.18000000,35853.54254300,0
1617562080000,29.55160000,29.58410000,29.47080000,29.48990000,1966.98000000,1617562259999,58073.67834400,182,1000.69000000,29546.06261200,0
1617562260000,29.50800000,29.59140000,29.49020000,29.53440000,2322.55000000,1617562439999,68629.77725300,210,990.63000000,29274.87385200,0
1617562440000,29.53440000,29.55490000,29.50000000,29.54980000,2115.89000000,1617562619999,62483.64636600,159,1499.68000000,44286.69920500,0
1617562620000,29.54010000,29.55490000,29.50010000,29.52830000,2013.77000000,1617562799999,59470.24369200,138,655.31000000,19354.79161300,0
1617562800000,29.52810000,29.60970000,29.52640000,29.60780000,2135.22000000,1617562979999,63133.98693100,189,1515.54000000,44820.76433000,0
1617562980000,29.57370000,29.59220000,29.53190000,29.55910000,1786.42000000,1617563159999,52818.10832800,177,587.28000000,17369.45665600,0
1617563160000,29.54150000,29.57320000,29.50000000,29.51770000,1823.27000000,1617563339999,53846.13932900,207,574.64000000,16975.83584700,0
1617563340000,29.51820000,29.52240000,29.45000000,29.49410000,4555.14000000,1617563519999,134258.95206900,262,2344.62000000,69127.83895600,0
1617563520000,29.49400000,29.50000000,29.36100000,29.38980000,3128.37000000,1617563699999,92010.55486400,268,849.65000000,24997.35242000,0
1617563700000,29.36230000,29.45470000,29.36230000,29.41780000,1613.62000000,1617563879999,47464.85857400,244,949.58000000,27932.04835700,0
1617563880000,29.41490000,29.41490000,29.26180000,29.28920000,3818.67000000,1617564059999,111963.41723100,387,1456.78000000,42717.35422900,0
1617564060000,29.28920000,29.32710000,29.20090000,29.27990000,6565.24000000,1617564239999,192108.46611900,448,2696.80000000,78925.33795900,0
1617564240000,29.25490000,29.29130000,29.06000000,29.20370000,7277.23000000,1617564419999,212336.75866100,568,2356.09000000,68839.95540900,0
1617564420000,29.22110000,29.22840000,29.10000000,29.11000000,3546.92000000,1617564599999,103341.39210200,234,1735.84000000,50583.43213400,0
1617564600000,29.10000000,29.20740000,29.07660000,29.15130000,2947.48000000,1617564779999,85867.36731000,241,1072.66000000,31248.05991300,0
1617564780000,29.14390000,29.20140000,29.12600000,29.20130000,1549.74000000,1617564959999,45208.65790300,164,1252.94000000,36550.79819100,0
1617564960000,29.20120000,29.28690000,29.18280000,29.21110000,1215.07000000,1617565139999,35519.57344600,147,744.00000000,21749.70347500,0
1617565140000,29.20010000,29.20030000,29.15000000,29.19180000,2697.12000000,1617565319999,78663.64959200,141,758.18000000,22112.46489100,0
1617565320000,29.18460000,29.23150000,29.15070000,29.18800000,2299.21000000,1617565499999,67087.14081400,156,808.17000000,23586.59583100,0
1617565500000,29.18390000,29.22300000,29.15520000,29.17190000,1749.54000000,1617565679999,51054.86620300,151,881.65000000,25735.73893400,0
1617565680000,29.19870000,29.21700000,29.17710000,29.18370000,2879.84000000,1617565859999,84066.23920700,101,2074.68000000,60569.38554100,0
1617565860000,29.18790000,29.24670000,29.18000000,29.22430000,1303.75000000,1617566039999,38084.41297600,109,822.99000000,24040.25434700,0
1617566040000,29.22440000,29.27840000,29.22440000,29.25360000,1247.67000000,1617566219999,36497.16168400,106,830.30000000,24289.09196800,0
1617566220000,29.25480000,29.25490000,29.20010000,29.21430000,3602.90000000,1617566399999,105282.12202800,155,2135.17000000,62391.29070300,0
1617566400000,29.20010000,29.25360000,29.19320000,29.25360000,2970.23000000,1617566579999,86790.91042800,265,2180.80000000,63729.71572400,0
1617566580000,29.25360000,29.33330000,29.23850000,29.29000000,2187.12000000,1617566759999,64070.36863900,184,1181.83000000,34622.44416100,0
1617566760000,29.28260000,29.28260000,29.18000000,29.23940000,4384.40000000,1617566939999,128173.12819800,204,1205.37000000,35253.43964300,0
1617566940000,29.22500000,29.30300000,29.15490000,29.19980000,4533.66000000,1617567119999,132496.47287100,216,2275.83000000,66592.30361300,0
1617567120000,29.19380000,29.31990000,29.19380000,29.26440000,4020.60000000,1617567299999,117634.83899400,204,3614.32000000,105748.65537300,0
1617567300000,29.25690000,29.37790000,29.25180000,29.35930000,4234.32000000,1617567479999,124123.63076400,202,2517.51000000,73825.72519100,0
1617567480000,29.34030000,29.34030000,29.25090000,29.27300000,1682.02000000,1617567659999,49280.61584700,117,963.72000000,28244.64160500,0
1617567660000,29.27300000,29.27300000,29.15380000,29.15670000,2878.07000000,1617567839999,84069.11018500,189,796.80000000,23270.95333900,0
1617567840000,29.17760000,29.24040000,29.13760000,29.15620000,1684.57000000,1617568019999,49164.99326500,165,654.54000000,19104.01211000,0
1617568020000,29.15600000,29.20570000,29.05030000,29.05710000,3849.42000000,1617568199999,112073.23971600,290,1580.20000000,46044.33406900,0
1617568200000,29.05060000,29.08600000,28.99110000,29.05880000,6582.26000000,1617568379999,191043.60114200,402,2816.07000000,81752.89414500,0
1617568380000,29.05870000,29.06570000,29.03000000,29.03380000,1708.65000000,1617568559999,49628.45895500,122,902.62000000,26220.86870400,0
1617568560000,29.04260000,29.05990000,28.97000000,28.98550000,1700.71000000,1617568739999,49326.93239000,200,987.98000000,28656.40798200,0
1617568740000,28.99710000,29.03960000,28.98040000,29.01590000,2121.33000000,1617568919999,61535.90181600,145,1084.47000000,31463.48078500,0
1617568920000,29.00500000,29.05140000,28.99440000,29.05140000,2983.13000000,1617569099999,86585.64760600,172,1054.98000000,30633.02019100,0
1617569100000,29.03790000,29.05200000,28.98020000,29.02140000,2073.24000000,1617569279999,60168.23670100,150,824.32000000,23925.36666300,0
1617569280000,29.02140000,29.09690000,28.99280000,29.09590000,3049.07000000,1617569459999,88505.74862400,223,2498.78000000,72545.95447900,0
1617569460000,29.06290000,29.18000000,29.01650000,29.16960000,1952.29000000,1617569639999,56770.95333800,168,1505.42000000,43773.07045300,0
1617569640000,29.15700000,29.17980000,29.00860000,29.07100000,5071.35000000,1617569819999,147332.62657700,274,922.09000000,26801.56444500,0
1617569820000,29.07220000,29.15340000,29.04320000,29.14100000,2958.62000000,1617569999999,86138.55394200,175,2051.65000000,59739.65046800,0
1617570000000,29.14100000,29.15850000,29.10010000,29.12180000,2722.87000000,1617570179999,79310.80470700,181,1048.87000000,30556.83039300,0
1617570180000,29.10010000,29.15970000,29.03860000,29.14780000,1173.62000000,1617570359999,34142.59218500,169,514.84000000,14985.05239800,0
1617570360000,29.14780000,29.14880000,29.08400000,29.10770000,720.11000000,1617570539999,20961.18255200,114,322.26000000,9378.85102200,0
1617570540000,29.09940000,29.14000000,29.07000000,29.11540000,1511.89000000,1617570719999,44008.09838400,134,850.47000000,24755.94459200,0
1617570720000,29.10130000,29.15000000,29.10020000,29.14790000,1947.81000000,1617570899999,56739.20190700,106,1124.59000000,32764.28227400,0
1617570900000,29.14750000,29.23090000,29.14560000,29.20050000,2023.17000000,1617571079999,59064.10878800,178,1290.32000000,37672.68092000,0
1617571080000,29.19690000,29.27380000,29.19690000,29.27360000,1424.11000000,1617571259999,41640.93482800,155,903.49000000,26416.84621900,0
1617571260000,29.27000000,29.29030000,29.19710000,29.19710000,3669.63000000,1617571439999,107351.31139400,191,828.67000000,24260.08113000,0
1617571440000,29.19710000,29.19710000,29.14550000,29.15500000,1300.36000000,1617571619999,37914.27907900,110,391.26000000,11408.33575800,0
1617571620000,29.15500000,29.19630000,29.14550000,29.18870000,743.62000000,1617571799999,21691.63387900,74,300.46000000,8764.81867800,0
1617571800000,29.18550000,29.21000000,29.10000000,29.10000000,2359.64000000,1617571979999,68789.69991800,179,1202.82000000,35082.93987200,0
1617571980000,29.12320000,29.19430000,29.10000000,29.19280000,1622.74000000,1617572159999,47293.01633900,115,1039.01000000,30284.11047700,0
1617572160000,29.19280000,29.21760000,29.16200000,29.17340000,1687.73000000,1617572339999,49271.27059000,110,1145.99000000,33456.77807000,0
1617572340000,29.17340000,29.22500000,29.13850000,29.21610000,1198.51000000,1617572519999,34959.98602600,125,621.66000000,18135.40373800,0
1617572520000,29.21370000,29.24570000,29.18480000,29.24570000,1685.19000000,1617572699999,49233.66286500,119,1099.95000000,32143.07226100,0
1617572700000,29.24900000,29.33060000,29.24130000,29.32110000,1753.83000000,1617572879999,51399.56549100,150,1078.64000000,31610.67625500,0
1617572880000,29.32080000,29.32990000,29.19740000,29.24940000,2352.91000000,1617573059999,68865.21412400,168,949.40000000,27809.57629700,0
1617573060000,29.22830000,29.32940000,29.22830000,29.29990000,2603.54000000,1617573239999,76246.54541800,151,2096.24000000,61391.08849500,0
1617573240000,29.30940000,29.35160000,29.26470000,29.31000000,3405.13000000,1617573419999,99764.79516400,192,2597.50000000,76105.24004800,0
1617573420000,29.28840000,29.34290000,29.28830000,29.31580000,1807.84000000,1617573599999,52994.34335500,125,1288.69000000,37777.75370800,0
1617573600000,29.33090000,29.35000000,29.25520000,29.29370000,1916.09000000,1617573779999,56117.71730500,189,1370.31000000,40129.55301600,0
1617573780000,29.29380000,29.29380000,29.16850000,29.17650000,6872.80000000,1617573959999,200757.14207700,275,1286.41000000,37557.45321700,0
1617573960000,29.17650000,29.24530000,29.07690000,29.07690000,4157.08000000,1617574139999,121141.23997300,281,1830.16000000,53372.14940200,0
1617574140000,29.07690000,29.13000000,29.05020000,29.12900000,1987.74000000,1617574319999,57844.06251800,184,1187.19000000,34550.24184100,0
1617574320000,29.13050000,29.19990000,29.09360000,29.16520000,2600.22000000,1617574499999,75818.30199100,228,1190.05000000,34707.36587500,0
1617574500000,29.17410000,29.30760000,29.16550000,29.28400000,1602.20000000,1617574679999,46886.13030800,197,839.78000000,24582.45902800,0
1617574680000,29.28190000,29.29240000,29.21670000,29.24220000,2419.90000000,1617574859999,70804.13672600,195,949.21000000,27780.88599400,0
1617574860000,29.21690000,29.27070000,29.19500000,29.22540000,3848.75000000,1617575039999,112474.13891500,194,1258.62000000,36788.89555700,0
1617575040000,29.22520000,29.26970000,29.19240000,29.26390000,2561.22000000,1617575219999,74896.11179100,151,1820.46000000,53243.68190100,0
1617575220000,29.26500000,29.26880000,29.18810000,29.20670000,2087.43000000,1617575399999,61003.60332900,134,498.86000000,14583.00440500,0
1617575400000,29.20670000,29.24440000,29.17320000,29.18830000,1371.59000000,1617575579999,40065.25129800,145,296.53000000,8665.20286400,0
1617575580000,29.18830000,29.22160000,29.09640000,29.12940000,2148.10000000,1617575759999,62597.40593600,141,1311.67000000,38207.98379100,0
1617575760000,29.11110000,29.18280000,29.09700000,29.14360000,2322.54000000,1617575939999,67694.01190900,159,1146.33000000,33417.62294700,0
1617575940000,29.16460000,29.21800000,29.12100000,29.17210000,1433.36000000,1617576119999,41808.54835500,139,759.77000000,22157.75372300,0
1617576120000,29.17210000,29.23930000,29.17210000,29.21660000,1057.18000000,1617576299999,30876.39467700,113,637.61000000,18623.00425700,0
1617576300000,29.22600000,29.25790000,29.19330000,29.19330000,3170.98000000,1617576479999,92664.07484600,113,1696.32000000,49572.08143200,0
1617576480000,29.18960000,29.25000000,29.14340000,29.21340000,3245.40000000,1617576659999,94794.15033200,139,1222.11000000,35697.79399500,0
1617576660000,29.20360000,29.24440000,29.20360000,29.22900000,866.80000000,1617576839999,25333.52993200,70,420.42000000,12287.91096000,0
1617576840000,29.21360000,29.22900000,29.20000000,29.22760000,1342.45000000,1617577019999,39224.65513300,92,345.54000000,10097.37935100,0
1617577020000,29.22760000,29.29160000,29.20090000,29.26280000,2369.48000000,1617577199999,69300.02642000,141,1569.17000000,45904.90770100,0
1617577200000,29.27080000,29.33010000,29.24660000,29.33010000,2855.02000000,1617577379999,83668.05226500,171,1476.01000000,43243.58166900,0
1617577380000,29.33010000,29.34870000,29.20340000,29.27870000,5987.47000000,1617577559999,175371.66118800,301,1063.91000000,31132.07476100,0
1617577560000,29.27860000,29.33430000,29.25080000,29.29290000,3056.16000000,1617577739999,89545.00523000,212,2031.67000000,59539.22338900,0
1617577740000,29.29300000,29.34820000,29.28570000,29.31200000,2530.25000000,1617577919999,74183.41678200,201,722.96000000,21195.17893800,0
1617577920000,29.30490000,29.38730000,29.30480000,29.37170000,2139.73000000,1617578099999,62807.10169300,256,1072.86000000,31492.79399000,0
1617578100000,29.36360000,29.39930000,29.30120000,29.32880000,2697.20000000,1617578279999,79139.70471600,304,1363.96000000,40026.57230400,0
1617578280000,29.32140000,29.36270000,29.32100000,29.33050000,1244.89000000,1617578459999,36518.26267500,129,590.55000000,17324.20643700,0
1617578460000,29.33500000,29.36370000,29.32150000,29.35050000,1358.27000000,1617578639999,39852.31540200,135,937.74000000,27515.53175700,0
1617578640000,29.35050000,29.38000000,29.28740000,29.34970000,2386.14000000,1617578819999,69987.36382000,234,899.27000000,26374.81640600,0
1617578820000,29.34950000,29.34960000,29.28200000,29.30270000,1385.16000000,1617578999999,40587.58457000,106,430.46000000,12613.06630000,0
1617579000000,29.30280000,29.34900000,29.25710000,29.25980000,3475.94000000,1617579179999,101849.32083000,272,1509.98000000,44242.59625400,0
1617579180000,29.28110000,29.31000000,29.22840000,29.30440000,3073.07000000,1617579359999,89949.43689200,249,2018.83000000,59108.72335600,0
1617579360000,29.30430000,29.30990000,29.17240000,29.18880000,3889.38000000,1617579539999,113648.30309400,257,2236.14000000,65347.83736400,0
1617579540000,29.18880000,29.21360000,29.15790000,29.16810000,2861.82000000,1617579719999,83521.96381700,443,1570.54000000,45849.56699000,0
1617579720000,29.16810000,29.23070000,29.15990000,29.21360000,2340.80000000,1617579899999,68329.44201500,204,1253.11000000,36583.77289500,0
1617579900000,29.20000000,29.26000000,29.18030000,29.21720000,2080.60000000,1617580079999,60784.99740000,144,756.99000000,22125.90850600,0
1617580080000,29.22540000,29.28370000,29.15180000,29.23330000,7038.69000000,1617580259999,205618.99356100,261,1631.33000000,47681.95079800,0
1617580260000,29.23340000,29.28480000,29.20050000,29.22080000,1733.02000000,1617580439999,50655.89923800,139,1061.44000000,31024.09664700,0
1617580440000,29.21150000,29.23990000,29.19030000,29.23990000,1820.81000000,1617580619999,53186.23165000,115,668.00000000,19518.55774700,0
1617580620000,29.23990000,29.23990000,29.15730000,29.15730000,1640.43000000,1617580799999,47903.56715200,141,383.92000000,11220.45630100,0
