1623024000000,9.53800000,9.53800000,9.53800000,9.53800000,8.46600000,1623024059999,80.74870800,1,8.46600000,80.74870800,0
1623024060000,9.54400000,9.56200000,9.54400000,9.55000000,209.42600000,1623024119999,2000.63845600,10,119.22800000,1139.24755600,0
1623024120000,9.55000000,9.55000000,9.55000000,9.55000000,0.00000000,1623024179999,0.00000000,0,0.00000000,0.00000000,0
1623024180000,9.54500000,9.55000000,9.53200000,9.55000000,364.89900000,1623024239999,3481.74233600,8,52.35600000,499.99980000,0
1623024240000,9.48900000,9.48900000,9.48800000,9.48800000,95.13000000,1623024299999,902.66222100,2,0.00000000,0.00000000,0
1623024300000,9.48800000,9.48800000,9.48800000,9.48800000,0.00000000,1623024359999,0.00000000,0,0.00000000,0.00000000,0
1623024360000,9.46000000,9.46000000,9.41200000,9.41200000,152.45900000,1623024419999,1441.51801800,6,0.00000000,0.00000000,0
1623024420000,9.44900000,9.44900000,9.44900000,9.44900000,1.43500000,1623024479999,13.55931500,1,0.00000000,0.00000000,0
1623024480000,9.44900000,9.46800000,9.44400000,9.46800000,130.83000000,1623024539999,1238.04474900,7,115.73200000,1095.39441200,0
1623024540000,9.47400000,9.47700000,9.47400000,9.47700000,72.84200000,1623024599999,690.16510800,12,72.84200000,690.16510800,0
1623024600000,9.49400000,9.54000000,9.49400000,9.54000000,120.69400000,1623024659999,1147.07330000,5,120.69400000,1147.07330000,0
1623024660000,9.54000000,9.59500000,9.54000000,9.59500000,48.68800000,1623024719999,465.90813000,10,44.78700000,428.69259000,0
1623024720000,9.56300000,9.56300000,9.56300000,9.56300000,1.57300000,1623024779999,15.04259900,1,0.00000000,0.00000000,0
1623024780000,9.59700000,9.60800000,9.59700000,9.59900000,69.48700000,1623024839999,667.12170000,9,68.34200000,656.13084500,0
1623024840000,9.58000000,9.60100000,9.57000000,9.60100000,331.23100000,1623024899999,3179.02687900,7,1.24900000,11.99164900,0
1623024900000,9.61500000,9.62100000,9.59900000,9.59900000,74.95700000,1623024959999,720.70753900,7,66.87700000,643.12526700,0
1623024960000,9.63000000,9.63000000,9.63000000,9.63000000,121.20200000,1623025019999,1167.17526000,3,1.20200000,11.57526000,0
1623025020000,9.63000000,9.63000000,9.63000000,9.63000000,0.00000000,1623025079999,0.00000000,0,0.00000000,0.00000000,0
1623025080000,9.61300000,9.61300000,9.61200000,9.61200000,37.25900000,1623025139999,358.15204100,3,0.00000000,0.00000000,0
1623025140000,9.60200000,9.60200000,9.58900000,9.58900000,16.77800000,1623025199999,161.04012600,3,0.00000000,0.00000000,0
1623025200000,9.58300000,9.59300000,9.58200000,9.59300000,5.05200000,1623025259999,48.43200200,3,0.00000000,0.00000000,0
1623025260000,9.59300000,9.59300000,9.59200000,9.59200000,71.75100000,1623025319999,688.28763700,11,0.00000000,0.00000000,0
1623025320000,9.59200000,9.59200000,9.59200000,9.59200000,0.00000000,1623025379999,0.00000000,0,0.00000000,0.00000000,0
1623025380000,9.59200000,9.59200000,9.59200000,9.59200000,1.23700000,1623025439999,11.86530400,1,1.23700000,11.86530400,0
1623025440000,9.60700000,9.60900000,9.60700000,9.60900000,95.64800000,1623025499999,918.96952200,18,95.64800000,918.96952200,0
1623025500000,9.60900000,9.62100000,9.60900000,9.62100000,504.19600000,1623025559999,4848.61154400,13,504.19600000,4848.61154400,0
1623025560000,9.62300000,9.63900000,9.62300000,9.63900000,150.33200000,1623025619999,1447.77410400,11,150.33200000,1447.77410400,0
1623025620000,9.62100000,9.63200000,9.62000000,9.63200000,182.25400000,1623025679999,1754.36383100,10,83.10000000,800.41920000,0
1623025680000,9.63400000,9.64700000,9.62700000,9.63200000,97.47000000,1623025739999,939.18183300,8,62.66600000,603.93703800,0
1623025740000,9.63200000,9.64000000,9.61100000,9.63500000,241.40900000,1623025799999,2324.05185400,21,31.55900000,304.07876000,0
1623025800000,9.63300000,9.63300000,9.63300000,9.63300000,11.42900000,1623025859999,110.09555700,3,11.42900000,110.09555700,0
1623025860000,9.61000000,9.61000000,9.58400000,9.58400000,33.18700000,1623025919999,318.89719600,3,1.14900000,11.01201600,0
1623025920000,9.60800000,9.60800000,9.60800000,9.60800000,5.87500000,1623025979999,56.44700000,2,5.87500000,56.44700000,0
1623025980000,9.59800000,9.59800000,9.57200000,9.57200000,20.98800000,1623026039999,201.15100000,3,9.76400000,93.71487200,0
1623026040000,9.59500000,9.59800000,9.57200000,9.59600000,172.99300000,1623026099999,1660.16764800,11,54.49300000,522.93662400,0
1623026100000,9.59600000,9.59600000,9.59600000,9.59600000,0.00000000,1623026159999,0.00000000,0,0.00000000,0.00000000,0
1623026160000,9.59400000,9.59800000,9.59400000,9.59800000,68.36800000,1623026219999,656.01980600,3,68.36800000,656.01980600,0
1623026220000,9.59900000,9.61200000,9.59900000,9.61200000,148.73600000,1623026279999,1428.87873700,7,148.73600000,1428.87873700,0
1623026280000,9.61200000,9.61200000,9.61200000,9.61200000,0.00000000,1623026339999,0.00000000,0,0.00000000,0.00000000,0
1623026340000,9.59800000,9.61200000,9.59800000,9.61200000,3.41500000,1623026399999,32.80531000,2,0.00000000,0.00000000,0
1623026400000,9.61200000,9.61200000,9.61200000,9.61200000,0.00000000,1623026459999,0.00000000,0,0.00000000,0.00000000,0
1623026460000,9.62000000,9.66000000,9.62000000,9.65300000,441.75800000,1623026519999,4255.89635400,31,307.82000000,2966.06836600,0
1623026520000,9.65300000,9.66900000,9.64600000,9.66900000,76.03300000,1623026579999,733.95831700,3,74.16900000,715.97817300,0
1623026580000,9.63500000,9.63500000,9.63500000,9.63500000,11.00000000,1623026639999,105.98500000,1,0.00000000,0.00000000,0
1623026640000,9.63500000,9.63500000,9.63500000,9.63500000,0.00000000,1623026699999,0.00000000,0,0.00000000,0.00000000,0
1623026700000,9.63200000,9.63200000,9.61300000,9.61300000,11.84300000,1623026759999,113.94436600,3,0.00000000,0.00000000,0
1623026760000,9.61300000,9.61300000,9.61300000,9.61300000,0.00000000,1623026819999,0.00000000,0,0.00000000,0.00000000,0
1623026820000,9.61300000,9.61300000,9.61300000,9.61300000,0.00000000,1623026879999,0.00000000,0,0.00000000,0.00000000,0
1623026880000,9.62800000,9.62800000,9.62800000,9.62800000,5.80300000,1623026939999,55.87128400,2,0.00000000,0.00000000,0
1623026940000,9.62800000,9.62800000,9.61600000,9.61600000,148.74600000,1623026999999,1431.73195100,19,0.00000000,0.00000000,0
1623027000000,9.61600000,9.61600000,9.61600000,9.61600000,0.00000000,1623027059999,0.00000000,0,0.00000000,0.00000000,0
1623027060000,9.61600000,9.61600000,9.61600000,9.61600000,0.00000000,1623027119999,0.00000000,0,0.00000000,0.00000000,0
1623027120000,9.63500000,9.63500000,9.63500000,9.63500000,11.56800000,1623027179999,111.45768000,1,11.56800000,111.45768000,0
1623027180000,9.61100000,9.61100000,9.61100000,9.61100000,5.85300000,1623027239999,56.25318300,2,0.00000000,0.00000000,0
1623027240000,9.61100000,9.61100000,9.61100000,9.61100000,0.00000000,1623027299999,0.00000000,0,0.00000000,0.00000000,0
1623027300000,9.61100000,9.61100000,9.61100000,9.61100000,0.00000000,1623027359999,0.00000000,0,0.00000000,0.00000000,0
1623027360000,9.63500000,9.63500000,9.63500000,9.63500000,15.56800000,1623027419999,149.99768000,1,0.00000000,0.00000000,0
1623027420000,9.64600000,9.64700000,9.64600000,9.64700000,12.16400000,1623027479999,117.34013400,2,12.16400000,117.34013400,0
1623027480000,9.64900000,9.66500000,9.64000000,9.66500000,103.72300000,1623027539999,1001.60364000,10,92.16700000,890.20380000,0
1623027540000,9.65100000,9.66600000,9.65100000,9.65100000,32.98500000,1623027599999,318.47459900,5,22.05500000,212.98916900,0
1623027600000,9.66900000,9.67900000,9.66900000,9.67900000,9.04700000,1623027659999,87.51495400,3,9.04700000,87.51495400,0
1623027660000,9.66500000,9.66500000,9.65900000,9.65900000,19.23700000,1623027719999,185.91751700,2,17.88900000,172.89718500,0
1623027720000,9.65900000,9.65900000,9.65900000,9.65900000,0.00000000,1623027779999,0.00000000,0,0.00000000,0.00000000,0
1623027780000,9.67800000,9.67800000,9.65100000,9.65100000,40.70200000,1623027839999,393.19677200,5,11.61200000,112.38093600,0
1623027840000,9.65100000,9.65100000,9.65100000,9.65100000,0.00000000,1623027899999,0.00000000,0,0.00000000,0.00000000,0
1623027900000,9.66600000,9.67400000,9.63600000,9.67400000,552.41700000,1623027959999,5336.94240100,19,530.18500000,5122.53517600,0
1623027960000,9.67400000,9.67800000,9.67400000,9.67800000,17.14100000,1623028019999,165.83749400,2,17.14100000,165.83749400,0
1623028020000,9.66700000,9.66700000,9.65800000,9.65800000,327.25200000,1623028079999,3161.92381400,3,0.00000000,0.00000000,0
1623028080000,9.65400000,9.65400000,9.64300000,9.64300000,13.64100000,1623028139999,131.60990500,3,0.00000000,0.00000000,0
1623028140000,9.65400000,9.65400000,9.65400000,9.65400000,10.00000000,1623028199999,96.54000000,1,10.00000000,96.54000000,0
1623028200000,9.65400000,9.65400000,9.65400000,9.65400000,0.00000000,1623028259999,0.00000000,0,0.00000000,0.00000000,0
1623028260000,9.65400000,9.65400000,9.65400000,9.65400000,0.00000000,1623028319999,0.00000000,0,0.00000000,0.00000000,0
1623028320000,9.65800000,9.65800000,9.62900000,9.62900000,111.09000000,1623028379999,1070.55967100,8,5.85100000,56.50895800,0
1623028380000,9.62700000,9.62700000,9.61800000,9.61800000,7.21400000,1623028439999,69.42477000,3,0.00000000,0.00000000,0
1623028440000,9.64500000,9.66000000,9.64300000,9.64300000,671.90200000,1623028499999,6487.17866500,31,577.04400000,5571.02235700,0
1623028500000,9.63000000,9.63000000,9.63000000,9.63000000,65.97700000,1623028559999,635.35851000,4,0.00000000,0.00000000,0
1623028560000,9.62300000,9.62300000,9.62200000,9.62200000,24.96100000,1623028619999,240.18354200,2,0.00000000,0.00000000,0
1623028620000,9.62200000,9.62200000,9.62200000,9.62200000,0.00000000,1623028679999,0.00000000,0,0.00000000,0.00000000,0
1623028680000,9.62800000,9.63800000,9.62000000,9.63800000,119.26900000,1623028739999,1148.44891600,9,107.66400000,1036.72640200,0
1623028740000,9.62500000,9.62500000,9.62500000,9.62500000,2.50000000,1623028799999,24.06250000,1,0.00000000,0.00000000,0
1623028800000,9.63200000,9.63200000,9.63200000,9.63200000,3.70400000,1623028859999,35.67692800,1,0.00000000,0.00000000,0
1623028860000,9.63400000,9.63400000,9.63400000,9.63400000,10.67100000,1623028919999,102.80441400,1,10.67100000,102.80441400,0
1623028920000,9.63500000,9.63500000,9.63400000,9.63400000,163.04700000,1623028979999,1570.84665700,12,0.00000000,0.00000000,0
1623028980000,9.63400000,9.63400000,9.63400000,9.63400000,0.00000000,1623029039999,0.00000000,0,0.00000000,0.00000000,0
1623029040000,9.63300000,9.63300000,9.63300000,9.63300000,10.01800000,1623029099999,96.50339400,1,0.00000000,0.00000000,0
1623029100000,9.63300000,9.63300000,9.63300000,9.63300000,0.00000000,1623029159999,0.00000000,0,0.00000000,0.00000000,0
1623029160000,9.65300000,9.65600000,9.65300000,9.65600000,70.42900000,1623029219999,679.98473000,4,70.42900000,679.98473000,0
1623029220000,9.64300000,9.64300000,9.64300000,9.64300000,10.58100000,1623029279999,102.03258300,1,10.58100000,102.03258300,0
1623029280000,9.64300000,9.64300000,9.64300000,9.64300000,0.00000000,1623029339999,0.00000000,0,0.00000000,0.00000000,0
1623029340000,9.64300000,9.64300000,9.64300000,9.64300000,0.00000000,1623029399999,0.00000000,0,0.00000000,0.00000000,0
1623029400000,9.64600000,9.64600000,9.64600000,9.64600000,10.07200000,1623029459999,97.15451200,1,10.07200000,97.15451200,0
1623029460000,9.64600000,9.64600000,9.64600000,9.64600000,0.00000000,1623029519999,0.00000000,0,0.00000000,0.00000000,0
1623029520000,9.66000000,9.66900000,9.66000000,9.66900000,20.40000000,1623029579999,197.17268400,2,20.40000000,197.17268400,0
1623029580000,9.66300000,9.66300000,9.66300000,9.66300000,10.12200000,1623029639999,97.80888600,1,10.12200000,97.80888600,0
1623029640000,9.66300000,9.66300000,9.66300000,9.66300000,0.00000000,1623029699999,0.00000000,0,0.00000000,0.00000000,0
1623029700000,9.66300000,9.66300000,9.66300000,9.66300000,0.00000000,1623029759999,0.00000000,0,0.00000000,0.00000000,0
1623029760000,9.66900000,9.66900000,9.66300000,9.66300000,23.11400000,1623029819999,223.41265200,4,22.02800000,212.91863400,0
1623029820000,9.66300000,9.66300000,9.66300000,9.66300000,53.49600000,1623029879999,516.93184800,11,3.49600000,33.78184800,0
1623029880000,9.67100000,9.67100000,9.65400000,9.65400000,34.55200000,1623029939999,333.77686800,6,0.00000000,0.00000000,0
1623029940000,9.66600000,9.66600000,9.66600000,9.66600000,10.05800000,1623029999999,97.22062800,1,0.00000000,0.00000000,0
1623030000000,9.67900000,9.67900000,9.67900000,9.67900000,15.11400000,1623030059999,146.28840600,2,15.11400000,146.28840600,0
1623030060000,9.67100000,9.67100000,9.67100000,9.67100000,10.71000000,1623030119999,103.57641000,1,10.71000000,103.57641000,0
1623030120000,9.67100000,9.67100000,9.67100000,9.67100000,0.00000000,1623030179999,0.00000000,0,0.00000000,0.00000000,0
1623030180000,9.68400000,9.68400000,9.68400000,9.68400000,3.40000000,1623030239999,32.92560000,1,3.40000000,32.92560000,0
1623030240000,9.67300000,9.67600000,9.67300000,9.67600000,123.31300000,1623030299999,1193.16845500,12,17.41200000,168.47851200,0
1623030300000,9.68500000,9.70600000,9.68000000,9.70600000,460.24400000,1623030359999,4459.89375600,37,457.13900000,4429.77836100,0
1623030360000,9.70600000,9.75000000,9.70600000,9.75000000,1107.93900000,1623030419999,10773.73064800,75,934.32200000,9085.81394000,0
1623030420000,9.75000000,9.78200000,9.73300000,9.78200000,655.24700000,1623030479999,6396.39867700,48,473.64900000,4625.23692000,0
1623030480000,9.78200000,9.78500000,9.75700000,9.77600000,139.08200000,1623030539999,1358.56317800,9,57.37800000,561.37725000,0
1623030540000,9.74900000,9.77300000,9.74300000,9.77300000,584.49500000,1623030599999,5706.94640600,31,486.52600000,4750.94818200,0
1623030600000,9.75900000,9.75900000,9.75900000,9.75900000,42.21700000,1623030659999,411.99570300,2,0.00000000,0.00000000,0
1623030660000,9.75800000,9.75800000,9.72900000,9.73800000,119.28300000,1623030719999,1163.50781800,6,7.04200000,68.57499600,0
1623030720000,9.75000000,9.75800000,9.75000000,9.75800000,91.98300000,1623030779999,897.49011400,3,81.98300000,799.99011400,0
1623030780000,9.75800000,9.75800000,9.75800000,9.75800000,0.00000000,1623030839999,0.00000000,0,0.00000000,0.00000000,0
1623030840000,9.77000000,9.77000000,9.77000000,9.77000000,15.35200000,1623030899999,149.98904000,2,15.35200000,149.98904000,0
1623030900000,9.77000000,9.77000000,9.77000000,9.77000000,0.00000000,1623030959999,0.00000000,0,0.00000000,0.00000000,0
1623030960000,9.75000000,9.75200000,9.69500000,9.71000000,299.56200000,1623031019999,2913.50971600,26,54.48500000,529.56905800,0
1623031020000,9.73200000,9.74000000,9.72100000,9.74000000,517.10500000,1623031079999,5036.09587700,7,67.10900000,653.17836600,0
1623031080000,9.75600000,9.77100000,9.75600000,9.75600000,35.40100000,1623031139999,345.53424800,6,28.80100000,281.14464800,0
1623031140000,9.75600000,9.75600000,9.75600000,9.75600000,13.30000000,1623031199999,129.75480000,3,0.00000000,0.00000000,0
1623031200000,9.78400000,9.78400000,9.78400000,9.78400000,27.35000000,1623031259999,267.59240000,6,27.35000000,267.59240000,0
1623031260000,9.76100000,9.77500000,9.75100000,9.75100000,26.37600000,1623031319999,257.49863000,5,14.50000000,141.59421400,0
1623031320000,9.75100000,9.75100000,9.74300000,9.74300000,14.40000000,1623031379999,140.33120000,2,0.00000000,0.00000000,0
1623031380000,9.74500000,9.74500000,9.74500000,9.74500000,144.66500000,1623031439999,1409.76042500,2,144.66500000,1409.76042500,0
1623031440000,9.74600000,9.77300000,9.74600000,9.76300000,23.62900000,1623031499999,230.72174500,3,22.48300000,219.55282900,0
1623031500000,9.76300000,9.76300000,9.74000000,9.74000000,1152.20000000,1623031559999,11233.10386400,9,758.50600000,7389.82124200,0
1623031560000,9.74000000,9.74000000,9.74000000,9.74000000,0.00000000,1623031619999,0.00000000,0,0.00000000,0.00000000,0
1623031620000,9.77100000,9.77100000,9.76000000,9.76000000,76.07200000,1623031679999,743.18945700,3,66.06700000,645.54065700,0
1623031680000,9.76000000,9.76800000,9.74100000,9.74700000,1052.25000000,1623031739999,10275.46522500,14,484.96700000,4736.31468900,0
1623031740000,9.76700000,9.76800000,9.76700000,9.76800000,95.49700000,1623031799999,932.73455500,3,95.49700000,932.73455500,0
1623031800000,9.76800000,9.76800000,9.76800000,9.76800000,0.00000000,1623031859999,0.00000000,0,0.00000000,0.00000000,0
1623031860000,9.76200000,9.76200000,9.76200000,9.76200000,10.65400000,1623031919999,104.00434800,1,10.65400000,104.00434800,0
1623031920000,9.76200000,9.76200000,9.76200000,9.76200000,13.47100000,1623031979999,131.50390200,1,13.47100000,131.50390200,0
1623031980000,9.76200000,9.76200000,9.76200000,9.76200000,5.97600000,1623032039999,58.33771200,1,5.97600000,58.33771200,0
1623032040000,9.76100000,9.76100000,9.76100000,9.76100000,10.77500000,1623032099999,105.17477500,1,0.00000000,0.00000000,0
1623032100000,9.76200000,9.76200000,9.76200000,9.76200000,13.90000000,1623032159999,135.69180000,1,0.00000000,0.00000000,0
1623032160000,9.76700000,9.76700000,9.76700000,9.76700000,10.67700000,1623032219999,104.28225900,1,10.67700000,104.28225900,0
1623032220000,9.76800000,9.76800000,9.76800000,9.76800000,365.38600000,1623032279999,3569.09044800,6,0.00000000,0.00000000,0
1623032280000,9.76800000,9.76800000,9.76800000,9.76800000,0.00000000,1623032339999,0.00000000,0,0.00000000,0.00000000,0
1623032340000,9.76100000,9.76600000,9.76100000,9.76600000,21.06600000,1623032399999,205.67522600,2,0.00000000,0.00000000,0
1623032400000,9.77200000,9.77400000,9.77200000,9.77400000,43.99700000,1623032459999,429.98984000,2,43.99700000,429.98984000,0
1623032460000,9.76100000,9.76100000,9.76100000,9.76100000,40.15800000,1623032519999,391.98223800,2,0.00000000,0.00000000,0
1623032520000,9.76400000,9.76400000,9.74200000,9.74200000,23.97200000,1623032579999,233.81433300,5,0.00000000,0.00000000,0
1623032580000,9.74400000,9.74400000,9.74400000,9.74400000,1.23100000,1623032639999,11.99486400,1,0.00000000,0.00000000,0
1623032640000,9.74400000,9.74400000,9.74400000,9.74400000,0.00000000,1623032699999,0.00000000,0,0.00000000,0.00000000,0
1623032700000,9.76500000,9.76500000,9.76500000,9.76500000,10.44900000,1623032759999,102.03448500,1,10.44900000,102.03448500,0
1623032760000,9.76500000,9.76500000,9.76500000,9.76500000,0.00000000,1623032819999,0.00000000,0,0.00000000,0.00000000,0
1623032820000,9.77500000,9.78300000,9.75100000,9.75100000,22.44300000,1623032879999,219.46800700,5,21.24800000,207.81556200,0
1623032880000,9.75100000,9.75100000,9.75100000,9.75100000,0.00000000,1623032939999,0.00000000,0,0.00000000,0.00000000,0
1623032940000,9.75100000,9.76600000,9.75100000,9.76600000,12.80800000,1623032999999,125.04466300,2,12.80800000,125.04466300,0
1623033000000,9.76600000,9.76600000,9.76600000,9.76600000,0.00000000,1623033059999,0.00000000,0,0.00000000,0.00000000,0
1623033060000,9.76500000,9.76600000,9.76500000,9.76600000,19.22800000,1623033119999,187.77852000,2,2.12800000,20.77992000,0
1623033120000,9.76900000,9.76900000,9.76600000,9.76600000,31.79800000,1623033179999,310.57436500,4,10.47200000,102.30096800,0
1623033180000,9.78000000,9.78000000,9.78000000,9.78000000,10.22400000,1623033239999,99.99072000,1,10.22400000,99.99072000,0
1623033240000,9.78000000,9.78000000,9.78000000,9.78000000,0.00000000,1623033299999,0.00000000,0,0.00000000,0.00000000,0
1623033300000,9.77000000,9.77000000,9.77000000,9.77000000,46.64000000,1623033359999,455.67280000,2,46.64000000,455.67280000,0
1623033360000,9.78500000,9.79000000,9.77100000,9.79000000,330.84900000,1623033419999,3237.73320300,9,329.14100000,3221.04433500,0
1623033420000,9.79800000,9.80000000,9.79800000,9.80000000,20.21900000,1623033479999,198.12387200,4,20.21900000,198.12387200,0
1623033480000,9.80000000,9.81500000,9.79600000,9.79600000,63.10300000,1623033539999,618.39352900,7,63.10300000,618.39352900,0
1623033540000,9.79600000,9.79600000,9.79600000,9.79600000,0.00000000,1623033599999,0.00000000,0,0.00000000,0.00000000,0
1623033600000,9.81500000,9.81500000,9.81500000,9.81500000,11.30000000,1623033659999,110.90950000,2,11.30000000,110.90950000,0
1623033660000,9.81600000,9.82000000,9.81600000,9.82000000,58.06900000,1623033719999,570.09759900,6,57.04000000,559.99693500,0
1623033720000,9.81200000,9.81200000,9.81200000,9.81200000,10.43700000,1623033779999,102.40784400,1,10.43700000,102.40784400,0
1623033780000,9.81100000,9.83600000,9.80800000,9.83600000,34.92400000,1623033839999,342.96656600,10,17.29500000,170.01156600,0
1623033840000,9.80900000,9.81200000,9.80200000,9.80200000,64.58500000,1623033899999,633.49223600,6,0.00000000,0.00000000,0
1623033900000,9.80200000,9.81300000,9.80200000,9.81300000,31.07100000,1623033959999,304.67355200,5,20.07200000,196.86135400,0
1623033960000,9.82700000,9.83500000,9.82700000,9.83500000,377.07400000,1623034019999,3707.48350200,5,377.07400000,3707.48350200,0
1623034020000,9.83500000,9.83500000,9.83500000,9.83500000,70.69300000,1623034079999,695.26565500,1,70.69300000,695.26565500,0
1623034080000,9.81400000,9.81400000,9.81400000,9.81400000,10.00000000,1623034139999,98.14000000,1,10.00000000,98.14000000,0
1623034140000,9.83500000,9.87400000,9.83500000,9.85500000,2732.33100000,1623034199999,26958.53007400,114,2234.31200000,22043.57776000,0
1623034200000,9.84700000,9.90000000,9.84600000,9.90000000,353.56100000,1623034259999,3493.92100800,52,244.68300000,2418.94404200,0
1623034260000,9.88200000,9.88400000,9.88200000,9.88300000,41.52600000,1623034319999,410.39620000,6,0.00000000,0.00000000,0
1623034320000,9.89900000,9.90000000,9.86400000,9.86400000,327.37800000,1623034379999,3233.92658600,26,5.23700000,51.84175800,0
1623034380000,9.89300000,9.90000000,9.85200000,9.90000000,1026.02900000,1623034439999,10153.43015100,25,1012.05200000,10015.70492800,0
1623034440000,9.86700000,9.87800000,9.86700000,9.87800000,20.00000000,1623034499999,197.45000000,2,0.00000000,0.00000000,0
1623034500000,9.90000000,9.90000000,9.87800000,9.87800000,228.91100000,1623034559999,2265.62245800,7,201.80000000,1997.82000000,0
1623034560000,9.89900000,9.90000000,9.88800000,9.88800000,72.66000000,1623034619999,719.12478900,13,57.05100000,564.78299700,0
1623034620000,9.90200000,9.95200000,9.87400000,9.95200000,1830.35200000,1623034679999,18147.35503600,90,1791.64700000,17763.44489200,0
1623034680000,9.94100000,9.96300000,9.94000000,9.96300000,491.06700000,1623034739999,4885.76658300,52,217.53400000,2166.29321500,0
1623034740000,9.94600000,9.96100000,9.94100000,9.95000000,198.86900000,1623034799999,1978.41180600,13,1.53400000,15.28017400,0
1623034800000,9.95000000,9.95000000,9.94500000,9.94500000,93.72800000,1623034859999,932.58423000,10,0.00000000,0.00000000,0
1623034860000,9.94500000,9.96300000,9.94500000,9.94900000,85.13900000,1623034919999,847.57280600,8,63.66800000,634.00671200,0
1623034920000,9.94900000,9.94900000,9.94900000,9.94900000,17.32200000,1623034979999,172.33657800,2,0.00000000,0.00000000,0
1623034980000,9.93000000,9.93100000,9.90400000,9.92700000,104.94700000,1623035039999,1041.39483100,16,29.46000000,292.44486900,0
1623035040000,9.91900000,9.91900000,9.91800000,9.91800000,29.23700000,1623035099999,289.99877100,3,0.00000000,0.00000000,0
1623035100000,9.92000000,9.94200000,9.91300000,9.91300000,71.95500000,1623035159999,713.77958600,10,0.00000000,0.00000000,0
1623035160000,9.91300000,9.91300000,9.87900000,9.88500000,88.93500000,1623035219999,880.37670800,14,0.00000000,0.00000000,0
1623035220000,9.88500000,9.88500000,9.88500000,9.88500000,0.00000000,1623035279999,0.00000000,0,0.00000000,0.00000000,0
1623035280000,9.91500000,9.91500000,9.89700000,9.89700000,29.68800000,1623035339999,294.02352000,3,0.00000000,0.00000000,0
1623035340000,9.89700000,9.90000000,9.89700000,9.89900000,39.52600000,1623035399999,391.25068600,3,20.71800000,205.10791000,0
1623035400000,9.88500000,9.89900000,9.88500000,9.89900000,60.71200000,1623035459999,600.34471800,5,50.63300000,500.71380300,0
1623035460000,9.89900000,9.89900000,9.89400000,9.89400000,26.91200000,1623035519999,266.31379300,3,9.29300000,91.99140700,0
1623035520000,9.89400000,9.89400000,9.89400000,9.89400000,0.00000000,1623035579999,0.00000000,0,0.00000000,0.00000000,0
1623035580000,9.87900000,9.89700000,9.87100000,9.87100000,403.92100000,1623035639999,3994.96315300,19,0.00000000,0.00000000,0
1623035640000,9.87400000,9.87500000,9.87400000,9.87500000,293.99600000,1623035699999,2902.93581500,3,0.00000000,0.00000000,0
1623035700000,9.88300000,9.88300000,9.88300000,9.88300000,13.42600000,1623035759999,132.68915800,1,0.00000000,0.00000000,0
1623035760000,9.87500000,9.87500000,9.84700000,9.85900000,613.26100000,1623035819999,6041.07988900,10,565.68700000,5571.48018300,0
1623035820000,9.85900000,9.85900000,9.85900000,9.85900000,0.00000000,1623035879999,0.00000000,0,0.00000000,0.00000000,0
1623035880000,9.86900000,9.86900000,9.86700000,9.86800000,136.77000000,1623035939999,1349.63695200,4,126.19200000,1245.25324800,0
1623035940000,9.86800000,9.86800000,9.86800000,9.86800000,0.00000000,1623035999999,0.00000000,0,0.00000000,0.00000000,0
1623036000000,9.86800000,9.86800000,9.86800000,9.86800000,0.00000000,1623036059999,0.00000000,0,0.00000000,0.00000000,0
1623036060000,9.89000000,9.94400000,9.87200000,9.87200000,575.95700000,1623036119999,5705.18809900,41,546.85200000,5417.85836300,0
1623036120000,9.90800000,9.90800000,9.89900000,9.89900000,114.27800000,1623036179999,1132.17642400,3,10.00000000,98.99000000,0
1623036180000,9.90300000,9.90400000,9.87700000,9.90300000,70.41700000,1623036239999,696.51950700,7,10.09800000,99.99583700,0
1623036240000,9.88800000,9.88800000,9.88800000,9.88800000,10.78300000,1623036299999,106.62230400,1,10.78300000,106.62230400,0
1623036300000,9.86800000,9.86800000,9.79600000,9.80100000,884.99700000,1623036359999,8708.08600200,38,181.73700000,1781.56551300,0
1623036360000,9.80100000,9.81700000,9.78100000,9.81700000,572.91400000,1623036419999,5607.09710100,16,99.85400000,978.82631100,0
1623036420000,9.81600000,9.90900000,9.81600000,9.90900000,185.44400000,1623036479999,1823.37367300,22,185.44400000,1823.37367300,0
1623036480000,9.87800000,9.87800000,9.87800000,9.87800000,8.67000000,1623036539999,85.64226000,1,0.00000000,0.00000000,0
1623036540000,9.90200000,9.90200000,9.88600000,9.89400000,66.29200000,1623036599999,656.02883500,8,37.04900000,366.68795000,0
1623036600000,9.90800000,9.90800000,9.90800000,9.90800000,18.16700000,1623036659999,179.99863600,1,18.16700000,179.99863600,0
1623036660000,9.89700000,9.91800000,9.89600000,9.91800000,23.00700000,1623036719999,227.75267300,6,3.02700000,30.02178600,0
1623036720000,9.89900000,9.89900000,9.89900000,9.89900000,15.69400000,1623036779999,155.35490600,2,10.04200000,99.40575800,0
1623036780000,9.90700000,9.90800000,9.90700000,9.90800000,2.30800000,1623036839999,22.86637500,2,2.30800000,22.86637500,0
1623036840000,9.90800000,9.90800000,9.86300000,9.86400000,899.11200000,1623036899999,8896.11206100,26,0.00000000,0.00000000,0
1623036900000,9.89400000,9.89600000,9.89400000,9.89600000,294.41700000,1623036959999,2913.38477800,15,294.41700000,2913.38477800,0
1623036960000,9.83200000,9.87000000,9.83100000,9.86800000,235.45800000,1623037019999,2317.91130600,16,69.02000000,681.10504200,0
1623037020000,9.86400000,9.86900000,9.86400000,9.86900000,84.51500000,1623037079999,834.06446000,4,81.70000000,806.29730000,0
1623037080000,9.86900000,9.87000000,9.86900000,9.87000000,141.27000000,1623037139999,1394.20622400,7,130.33900000,1286.31725400,0
1623037140000,9.86700000,9.86800000,9.86400000,9.86800000,63.11400000,1623037199999,622.69655800,5,31.12000000,307.09216000,0
1623037200000,9.85000000,9.85000000,9.81600000,9.81600000,190.88100000,1623037259999,1874.68921400,9,0.00000000,0.00000000,0
1623037260000,9.84600000,9.87000000,9.84600000,9.86700000,577.10300000,1623037319999,5692.46053600,40,567.10300000,5593.79053600,0
1623037320000,9.86700000,9.86700000,9.86700000,9.86700000,0.00000000,1623037379999,0.00000000,0,0.00000000,0.00000000,0
1623037380000,9.84500000,9.85800000,9.83100000,9.85800000,49.87300000,1623037439999,491.34754800,5,37.74600000,372.00848700,0
1623037440000,9.81800000,9.84700000,9.80000000,9.84700000,358.67600000,1623037499999,3518.48996900,14,92.69600000,908.62172500,0
1623037500000,9.84400000,9.84400000,9.84400000,9.84400000,12.91400000,1623037559999,127.12541600,1,0.00000000,0.00000000,0
1623037560000,9.82500000,9.83300000,9.82500000,9.83300000,45.08500000,1623037619999,443.30927700,2,0.00000000,0.00000000,0
1623037620000,9.84100000,9.84100000,9.84100000,9.84100000,10.62200000,1623037679999,104.53110200,1,0.00000000,0.00000000,0
1623037680000,9.82600000,9.84700000,9.82600000,9.84700000,41.25200000,1623037739999,405.63557800,6,38.48600000,378.45686200,0
1623037740000,9.83600000,9.83600000,9.83600000,9.83600000,35.67000000,1623037799999,350.85012000,1,35.67000000,350.85012000,0
1623037800000,9.83600000,9.83600000,9.83600000,9.83600000,0.00000000,1623037859999,0.00000000,0,0.00000000,0.00000000,0
1623037860000,9.84700000,9.84900000,9.84100000,9.84100000,47.41200000,1623037919999,466.81853200,5,37.40200000,368.31012200,0
1623037920000,9.84100000,9.84100000,9.84100000,9.84100000,0.00000000,1623037979999,0.00000000,0,0.00000000,0.00000000,0
1623037980000,9.81500000,9.83900000,9.80500000,9.83900000,179.16600000,1623038039999,1757.02393800,5,140.81200000,1380.72626000,0
1623038040000,9.83700000,9.83700000,9.82600000,9.83000000,122.42400000,1623038099999,1203.79285000,6,59.27300000,583.02442800,0
1623038100000,9.83900000,9.84400000,9.83900000,9.84400000,169.84000000,1623038159999,1671.85241000,3,159.33000000,1568.44452000,0
1623038160000,9.82900000,9.84400000,9.82900000,9.84400000,16.91100000,1623038219999,166.30965900,7,6.09600000,60.00902400,0
1623038220000,9.83000000,9.83000000,9.80700000,9.80700000,61.75500000,1623038279999,606.31461500,9,0.00000000,0.00000000,0
1623038280000,9.80800000,9.82300000,9.80000000,9.82300000,181.40800000,1623038339999,1778.36942000,8,126.21500000,1236.90700000,0
1623038340000,9.83400000,9.83400000,9.80600000,9.80600000,42.16400000,1623038399999,413.65288000,6,1.88200000,18.50758800,0
1623038400000,9.80600000,9.80600000,9.80600000,9.80600000,0.00000000,1623038459999,0.00000000,0,0.00000000,0.00000000,0
1623038460000,9.84700000,9.84900000,9.84700000,9.84800000,12.65500000,1623038519999,124.62016300,3,12.65500000,124.62016300,0
1623038520000,9.83900000,9.89100000,9.83900000,9.89100000,1096.79900000,1623038579999,10798.48838900,24,1096.79900000,10798.48838900,0
1623038580000,9.86400000,9.89200000,9.86400000,9.89100000,16.86200000,1623038639999,166.48728800,4,15.34600000,151.49253200,0
1623038640000,9.86800000,9.86800000,9.86800000,9.86800000,8.63200000,1623038699999,85.18057600,1,0.00000000,0.00000000,0
1623038700000,9.86600000,9.86600000,9.85900000,9.85900000,93.29500000,1623038759999,920.15413700,8,10.12200000,99.86365200,0
1623038760000,9.86100000,9.88500000,9.86100000,9.88500000,257.19700000,1623038819999,2540.10186700,10,121.33200000,1197.65714200,0
1623038820000,9.87300000,9.87300000,9.87300000,9.87300000,4.76400000,1623038879999,47.03497200,1,0.00000000,0.00000000,0
1623038880000,9.88900000,9.89200000,9.88900000,9.89200000,13.09400000,1623038939999,129.49558700,3,7.80700000,77.21244400,0
1623038940000,9.87400000,9.89200000,9.87400000,9.87400000,17.29500000,1623038999999,170.86180200,3,15.12300000,149.41547400,0
1623039000000,9.87400000,9.89200000,9.87400000,9.89200000,134.57500000,1623039059999,1330.98855400,6,126.67800000,1253.01357600,0
1623039060000,9.89200000,9.90000000,9.87600000,9.90000000,66.41600000,1623039119999,656.87404000,5,26.26100000,259.66078000,0
1623039120000,9.90000000,9.90000000,9.90000000,9.90000000,3.90600000,1623039179999,38.66940000,1,3.90600000,38.66940000,0
1623039180000,9.87600000,9.87600000,9.87000000,9.87000000,13.52600000,1623039239999,133.56162000,5,0.00000000,0.00000000,0
1623039240000,9.87000000,9.87000000,9.87000000,9.87000000,15.65400000,1623039299999,154.50498000,1,15.65400000,154.50498000,0
1623039300000,9.86900000,9.89900000,9.86900000,9.89900000,39.56200000,1623039359999,390.65011500,12,7.98400000,79.00683300,0
1623039360000,9.88400000,9.88400000,9.87300000,9.87300000,59.97700000,1623039419999,592.29330300,9,12.76200000,126.13960800,0
1623039420000,9.85800000,9.85800000,9.85000000,9.85000000,295.61300000,1623039479999,2912.98439400,7,0.00000000,0.00000000,0
1623039480000,9.85000000,9.85000000,9.85000000,9.85000000,0.00000000,1623039539999,0.00000000,0,0.00000000,0.00000000,0
1623039540000,9.89100000,9.89100000,9.86900000,9.87500000,50.95400000,1623039599999,503.28911200,5,25.65200000,253.47593200,0
1623039600000,9.87200000,9.87200000,9.87200000,9.87200000,7.30000000,1623039659999,72.06560000,1,7.30000000,72.06560000,0
1623039660000,9.89700000,9.89900000,9.87600000,9.87600000,41.23600000,1623039719999,407.96073400,8,33.03600000,326.97753400,0
1623039720000,9.87600000,9.87600000,9.85400000,9.85400000,24.50000000,1623039779999,241.53548600,6,0.00000000,0.00000000,0
1623039780000,9.85500000,9.85600000,9.80300000,9.80300000,457.05100000,1623039839999,4494.99143800,21,12.09700000,119.21593500,0
1623039840000,9.82600000,9.82600000,9.82600000,9.82600000,1.07200000,1623039899999,10.53347200,1,0.00000000,0.00000000,0
1623039900000,9.82800000,9.82800000,9.82700000,9.82700000,13.84000000,1623039959999,136.01618200,2,0.00000000,0.00000000,0
1623039960000,9.85200000,9.87400000,9.74000000,9.75900000,6483.77600000,1623040019999,63462.99842500,139,622.11400000,6093.05714200,0
1623040020000,9.76800000,9.83300000,9.76800000,9.82800000,548.72700000,1623040079999,5377.83213500,56,446.78100000,4379.05826500,0
1623040080000,9.82200000,9.84300000,9.82200000,9.84100000,129.73100000,1623040139999,1275.46199900,15,102.77500000,1010.60861900,0
1623040140000,9.84100000,9.84100000,9.83300000,9.83300000,25.42200000,1623040199999,250.09654200,6,15.25200000,150.09493200,0
1623040200000,9.83000000,9.83100000,9.80800000,9.80800000,49.54300000,1623040259999,486.59356800,6,13.89400000,136.59191400,0
1623040260000,9.80900000,9.80900000,9.80900000,9.80900000,15.82500000,1623040319999,155.22742500,1,0.00000000,0.00000000,0
1623040320000,9.80800000,9.80800000,9.80800000,9.80800000,5.09800000,1623040379999,50.00118400,1,0.00000000,0.00000000,0
1623040380000,9.83200000,9.83200000,9.83200000,9.83200000,10.00000000,1623040439999,98.32000000,1,10.00000000,98.32000000,0
1623040440000,9.83200000,9.83200000,9.83200000,9.83200000,0.00000000,1623040499999,0.00000000,0,0.00000000,0.00000000,0
1623040500000,9.85200000,9.86000000,9.84100000,9.84100000,44.81900000,1623040559999,441.25524600,4,12.50000000,123.20396700,0
1623040560000,9.83900000,9.83900000,9.83900000,9.83900000,1.22000000,1623040619999,12.00358000,1,0.00000000,0.00000000,0
1623040620000,9.84900000,9.84900000,9.84900000,9.84900000,17.33800000,1623040679999,170.76196200,1,17.33800000,170.76196200,0
1623040680000,9.84300000,9.84300000,9.82300000,9.82300000,38.98000000,1623040739999,383.22404600,4,0.00000000,0.00000000,0
1623040740000,9.81600000,9.85300000,9.81600000,9.82600000,364.06500000,1623040799999,3581.81641900,27,188.02900000,1852.10863800,0
1623040800000,9.82600000,9.82600000,9.82600000,9.82600000,0.00000000,1623040859999,0.00000000,0,0.00000000,0.00000000,0
1623040860000,9.81900000,9.81900000,9.81000000,9.81000000,36.77700000,1623040919999,360.93722400,4,0.00000000,0.00000000,0
1623040920000,9.80300000,9.81900000,9.80300000,9.81900000,101.10000000,1623040979999,991.32203600,18,101.10000000,991.32203600,0
1623040980000,9.81900000,9.81900000,9.81900000,9.81900000,0.00000000,1623041039999,0.00000000,0,0.00000000,0.00000000,0
1623041040000,9.80400000,9.80400000,9.80400000,9.80400000,17.64300000,1623041099999,172.97197200,1,0.00000000,0.00000000,0
1623041100000,9.79900000,9.80000000,9.79900000,9.80000000,34.34300000,1623041159999,336.52873600,3,0.00000000,0.00000000,0
1623041160000,9.79300000,9.79300000,9.78600000,9.78600000,52.31300000,1623041219999,512.03105800,3,0.00000000,0.00000000,0
1623041220000,9.78800000,9.78800000,9.78800000,9.78800000,10.77900000,1623041279999,105.50485200,1,0.00000000,0.00000000,0
1623041280000,9.78800000,9.78800000,9.78800000,9.78800000,15.77300000,1623041339999,154.38612400,1,0.00000000,0.00000000,0
1623041340000,9.81800000,9.81800000,9.78300000,9.78300000,11.84100000,1623041399999,115.89398300,2,1.52800000,15.00190400,0
1623041400000,9.78300000,9.78300000,9.78300000,9.78300000,0.00000000,1623041459999,0.00000000,0,0.00000000,0.00000000,0
1623041460000,9.79400000,9.79400000,9.78900000,9.78900000,16.28300000,1623041519999,159.45963200,2,13.06900000,127.99778600,0
1623041520000,9.78500000,9.78500000,9.78500000,9.78500000,4.90000000,1623041579999,47.94650000,1,4.90000000,47.94650000,0
1623041580000,9.80400000,9.80400000,9.80400000,9.80400000,3.15700000,1623041639999,30.95122800,1,3.15700000,30.95122800,0
1623041640000,9.77300000,9.77300000,9.75600000,9.75600000,21.02400000,1623041699999,205.29202700,3,0.00000000,0.00000000,0
1623041700000,9.75600000,9.78100000,9.75500000,9.75500000,42.91000000,1623041759999,418.65062500,4,2.05000000,20.05105000,0
1623041760000,9.75700000,9.77500000,9.75700000,9.77500000,26.16000000,1623041819999,255.43932000,2,10.90000000,106.54750000,0
1623041820000,9.75700000,9.75700000,9.75700000,9.75700000,1.35900000,1623041879999,13.25976300,1,0.00000000,0.00000000,0
1623041880000,9.79300000,9.79300000,9.77400000,9.77400000,15.51200000,1623041939999,151.74593900,3,14.37700000,140.65244900,0
1623041940000,9.77400000,9.78000000,9.77400000,9.78000000,156.75800000,1623041999999,1532.75793400,21,156.75800000,1532.75793400,0
1623042000000,9.78000000,9.85000000,9.78000000,9.85000000,1591.98200000,1623042059999,15638.33476900,36,1591.98200000,15638.33476900,0
1623042060000,9.82100000,9.82900000,9.80100000,9.82600000,398.25200000,1623042119999,3907.94781200,17,1.14000000,11.19480000,0
1623042120000,9.82800000,9.82900000,9.82800000,9.82900000,3.29200000,1623042179999,32.35517600,2,3.29200000,32.35517600,0
1623042180000,9.81900000,9.81900000,9.81000000,9.81100000,358.48800000,1623042239999,3518.71294800,17,17.71300000,173.78224300,0
1623042240000,9.80200000,9.80200000,9.78600000,9.78600000,213.18400000,1623042299999,2087.38744200,15,0.00000000,0.00000000,0
1623042300000,9.78000000,9.78000000,9.78000000,9.78000000,10.00100000,1623042359999,97.80978000,1,0.00000000,0.00000000,0
1623042360000,9.78000000,9.78000000,9.78000000,9.78000000,0.00000000,1623042419999,0.00000000,0,0.00000000,0.00000000,0
1623042420000,9.77800000,9.78600000,9.75700000,9.75700000,42.73700000,1623042479999,417.78227800,4,4.51400000,44.10178000,0
1623042480000,9.75700000,9.75700000,9.75700000,9.75700000,0.00000000,1623042539999,0.00000000,0,0.00000000,0.00000000,0
1623042540000,9.75700000,9.75700000,9.75700000,9.75700000,0.00000000,1623042599999,0.00000000,0,0.00000000,0.00000000,0
1623042600000,9.78300000,9.78300000,9.75600000,9.76700000,964.00400000,1623042659999,9404.91211200,6,938.37900000,9154.91461200,0
1623042660000,9.76300000,9.76400000,9.76300000,9.76400000,5.70800000,1623042719999,55.72986900,3,0.00000000,0.00000000,0
1623042720000,9.76400000,9.77600000,9.76400000,9.77600000,97.89600000,1623042779999,956.93576400,6,84.64100000,827.45041600,0
1623042780000,9.77600000,9.77600000,9.77500000,9.77600000,187.81100000,1623042839999,1835.98914600,15,167.81100000,1640.46914600,0
1623042840000,9.76300000,9.77600000,9.76300000,9.77600000,291.05400000,1623042899999,2845.28180500,11,287.07700000,2806.45435400,0
1623042900000,9.78500000,9.79800000,9.78500000,9.78700000,21.95400000,1623042959999,214.95946100,4,21.95400000,214.95946100,0
1623042960000,9.78700000,9.78700000,9.78700000,9.78700000,0.00000000,1623043019999,0.00000000,0,0.00000000,0.00000000,0
1623043020000,9.77900000,9.78300000,9.77900000,9.78300000,24.62000000,1623043079999,240.80842800,2,0.00000000,0.00000000,0
1623043080000,9.78300000,9.78300000,9.78300000,9.78300000,0.00000000,1623043139999,0.00000000,0,0.00000000,0.00000000,0
1623043140000,9.78300000,9.78300000,9.78300000,9.78300000,5.20000000,1623043199999,50.87160000,1,5.20000000,50.87160000,0
1623043200000,9.78200000,9.78300000,9.77100000,9.77100000,266.69300000,1623043259999,2608.67058100,16,248.91200000,2434.93243000,0
1623043260000,9.77700000,9.77700000,9.77700000,9.77700000,30.64300000,1623043319999,299.59661100,3,30.64300000,299.59661100,0
1623043320000,9.77700000,9.77700000,9.75700000,9.76200000,1575.64600000,1623043379999,15399.93038100,27,210.58400000,2058.54126800,0
1623043380000,9.76200000,9.76200000,9.76200000,9.76200000,0.00000000,1623043439999,0.00000000,0,0.00000000,0.00000000,0
1623043440000,9.75700000,9.75700000,9.74900000,9.74900000,54.24800000,1623043499999,529.24812000,6,43.99400000,429.24945800,0
1623043500000,9.74900000,9.76900000,9.70400000,9.70700000,2022.73800000,1623043559999,19655.10549300,60,202.53700000,1967.80000500,0
1623043560000,9.74400000,9.74400000,9.73000000,9.73000000,117.64200000,1623043619999,1144.79996400,4,116.29000000,1131.64500400,0
1623043620000,9.73100000,9.73100000,9.71400000,9.72700000,111.93700000,1623043679999,1088.40528600,11,1.99800000,19.42655400,0
1623043680000,9.72700000,9.74100000,9.72700000,9.74100000,25.75500000,1623043739999,250.72283500,3,15.47500000,150.72927500,0
1623043740000,9.74000000,9.74000000,9.74000000,9.74000000,1.68100000,1623043799999,16.37294000,1,1.68100000,16.37294000,0
1623043800000,9.74000000,9.74200000,9.74000000,9.74200000,65.06100000,1623043859999,633.77774000,14,65.06100000,633.77774000,0
1623043860000,9.71500000,9.72900000,9.68200000,9.69500000,962.95900000,1623043919999,9342.63481500,42,123.20500000,1196.69688500,0
1623043920000,9.70400000,9.70500000,9.70400000,9.70500000,987.89900000,1623043979999,9587.55523600,6,25.15900000,244.16353600,0
1623043980000,9.70500000,9.70500000,9.70500000,9.70500000,0.00000000,1623044039999,0.00000000,0,0.00000000,0.00000000,0
1623044040000,9.70500000,9.72500000,9.69600000,9.72500000,365.50000000,1623044099999,3550.86731000,29,361.41500000,3511.14477000,0
1623044100000,9.69800000,9.69800000,9.69800000,9.69800000,1.89100000,1623044159999,18.33891800,1,0.00000000,0.00000000,0
1623044160000,9.69800000,9.69800000,9.69800000,9.69800000,1.05300000,1623044219999,10.21199400,1,0.00000000,0.00000000,0
1623044220000,9.72200000,9.75100000,9.71000000,9.75100000,744.90700000,1623044279999,7250.30945200,55,744.90700000,7250.30945200,0
1623044280000,9.75100000,9.75100000,9.75100000,9.75100000,0.00000000,1623044339999,0.00000000,0,0.00000000,0.00000000,0
1623044340000,9.75100000,9.75100000,9.75100000,9.75100000,0.00000000,1623044399999,0.00000000,0,0.00000000,0.00000000,0
1623044400000,9.74500000,9.78300000,9.74500000,9.78300000,643.57800000,1623044459999,6278.12985700,26,340.35100000,3321.36338000,0
1623044460000,9.78800000,9.79200000,9.78800000,9.79200000,3.18500000,1623044519999,31.18299600,2,3.18500000,31.18299600,0
1623044520000,9.80500000,9.80500000,9.79400000,9.79400000,287.74900000,1623044579999,2818.87265000,24,21.66700000,212.44493500,0
1623044580000,9.80400000,9.84100000,9.80400000,9.84100000,146.94600000,1623044639999,1442.20844200,21,145.91500000,1432.10051800,0
1623044640000,9.84100000,9.84800000,9.84100000,9.84800000,866.66800000,1623044699999,8529.79713300,15,40.28300000,396.49885900,0
1623044700000,9.84800000,9.84800000,9.82000000,9.82000000,274.07100000,1623044759999,2691.55811100,15,0.00000000,0.00000000,0
1623044760000,9.84300000,9.84600000,9.83200000,9.83200000,1218.75400000,1623044819999,11999.60538400,4,70.80000000,696.85030000,0
1623044820000,9.83200000,9.83200000,9.83200000,9.83200000,0.00000000,1623044879999,0.00000000,0,0.00000000,0.00000000,0
1623044880000,9.85100000,9.85100000,9.84200000,9.84200000,22.26900000,1623044939999,219.21533700,2,4.87100000,47.98422100,0
1623044940000,9.82100000,9.85000000,9.82100000,9.85000000,60.33600000,1623044999999,594.15176100,4,5.10000000,50.22480000,0
1623045000000,9.82300000,9.85200000,9.82300000,9.85200000,15.92900000,1623045059999,156.61672500,5,5.07700000,50.01752900,0
1623045060000,9.84300000,9.84300000,9.82700000,9.84300000,38.59000000,1623045119999,379.44454600,8,13.31700000,131.07923100,0
1623045120000,9.84300000,9.85000000,9.84300000,9.85000000,45.67000000,1623045179999,449.79090300,7,45.67000000,449.79090300,0
1623045180000,9.82900000,9.83300000,9.79500000,9.79500000,2852.75400000,1623045239999,27949.61832500,31,2616.89400000,25637.05704200,0
1623045240000,9.79200000,9.80900000,9.78900000,9.78900000,257.52000000,1623045299999,2521.62688800,19,15.57200000,152.68676500,0
1623045300000,9.80300000,9.80300000,9.80300000,9.80300000,17.63800000,1623045359999,172.90531400,2,17.63800000,172.90531400,0
1623045360000,9.80100000,9.80100000,9.78000000,9.78000000,435.60200000,1623045419999,4269.01712100,8,16.02100000,156.70374000,0
1623045420000,9.78000000,9.79800000,9.78000000,9.79800000,11.60000000,1623045479999,113.50707600,2,11.60000000,113.50707600,0
1623045480000,9.76100000,9.82400000,9.76100000,9.79200000,523.30500000,1623045539999,5123.83829600,29,374.26400000,3664.37794400,0
1623045540000,9.79400000,9.80100000,9.79100000,9.80100000,51.04800000,1623045599999,500.08514100,7,49.00600000,480.09191900,0
1623045600000,9.81800000,9.81800000,9.80300000,9.80300000,10.43600000,1623045659999,102.34453300,2,2.69500000,26.45951000,0
1623045660000,9.81300000,9.84100000,9.81300000,9.84100000,61.79800000,1623045719999,607.12078400,6,56.70900000,557.12644800,0
1623045720000,9.84100000,9.84100000,9.84100000,9.84100000,39.56800000,1623045779999,389.38868800,1,0.00000000,0.00000000,0
1623045780000,9.81600000,9.81600000,9.80000000,9.80000000,143.06600000,1623045839999,1402.37405400,6,0.00000000,0.00000000,0
1623045840000,9.79800000,9.79800000,9.79800000,9.79800000,5.09700000,1623045899999,49.94040600,1,5.09700000,49.94040600,0
1623045900000,9.79800000,9.79800000,9.79800000,9.79800000,8.16600000,1623045959999,80.01046800,1,8.16600000,80.01046800,0
1623045960000,9.80800000,9.81300000,9.78000000,9.78400000,128.26600000,1623046019999,1254.96264900,10,42.76200000,418.41152900,0
1623046020000,9.78400000,9.78400000,9.75600000,9.75600000,2.00300000,1623046079999,19.56114800,2,0.00000000,0.00000000,0
1623046080000,9.75600000,9.75600000,9.75600000,9.75600000,0.00000000,1623046139999,0.00000000,0,0.00000000,0.00000000,0
1623046140000,9.77000000,9.80000000,9.75000000,9.79800000,2402.63400000,1623046199999,23442.64313600,35,1962.55500000,19148.24913700,0
1623046200000,9.78600000,9.81200000,9.78600000,9.81200000,62.62800000,1623046259999,614.43305800,4,59.82500000,587.00290000,0
1623046260000,9.81100000,9.81200000,9.81100000,9.81200000,11.60100000,1623046319999,113.82647900,2,11.60100000,113.82647900,0
1623046320000,9.79000000,9.86200000,9.79000000,9.86200000,823.42000000,1623046379999,8098.05803500,60,822.08600000,8084.99817500,0
1623046380000,9.85600000,9.85900000,9.85600000,9.85900000,73.97400000,1623046439999,729.28964400,5,0.00000000,0.00000000,0
1623046440000,9.85400000,9.90000000,9.84800000,9.90000000,1219.59600000,1623046499999,12065.34058600,61,712.96800000,7050.27321200,0
1623046500000,9.90000000,9.90400000,9.88100000,9.88100000,215.40800000,1623046559999,2131.17555200,8,96.98700000,960.39697800,0
1623046560000,9.85600000,9.85600000,9.82400000,9.82400000,164.64500000,1623046619999,1620.21115200,9,10.61600000,104.63129600,0
1623046620000,9.82900000,9.82900000,9.82900000,9.82900000,4.26900000,1623046679999,41.96000100,1,0.00000000,0.00000000,0
1623046680000,9.84400000,9.84400000,9.84400000,9.84400000,10.26000000,1623046739999,100.99944000,1,0.00000000,0.00000000,0
1623046740000,9.84800000,9.85600000,9.84800000,9.85600000,234.71500000,1623046799999,2312.62272500,7,234.71500000,2312.62272500,0
1623046800000,9.84300000,9.84300000,9.84300000,9.84300000,10.00000000,1623046859999,98.43000000,1,0.00000000,0.00000000,0
1623046860000,9.84300000,9.84300000,9.84300000,9.84300000,35.84800000,1623046919999,352.85186400,3,0.00000000,0.00000000,0
1623046920000,9.84300000,9.84300000,9.84300000,9.84300000,24.15600000,1623046979999,237.76750800,2,0.00000000,0.00000000,0
1623046980000,9.84300000,9.84300000,9.82700000,9.84000000,35.42200000,1623047039999,348.60423300,5,0.00000000,0.00000000,0
1623047040000,9.84000000,9.84000000,9.84000000,9.84000000,0.00000000,1623047099999,0.00000000,0,0.00000000,0.00000000,0
1623047100000,9.81200000,9.81200000,9.81200000,9.81200000,8.80000000,1623047159999,86.34560000,1,0.00000000,0.00000000,0
1623047160000,9.81200000,9.88900000,9.81200000,9.88900000,2030.97300000,1623047219999,20022.74328700,47,2030.97300000,20022.74328700,0
1623047220000,9.88700000,9.88800000,9.86400000,9.87700000,96.04100000,1623047279999,949.20789200,11,96.04100000,949.20789200,0
1623047280000,9.85600000,9.85600000,9.85500000,9.85500000,101.21400000,1623047339999,997.54298400,2,0.00000000,0.00000000,0
1623047340000,9.85500000,9.85500000,9.85500000,9.85500000,0.00000000,1623047399999,0.00000000,0,0.00000000,0.00000000,0
1623047400000,9.83100000,9.83800000,9.83100000,9.83300000,31.35900000,1623047459999,308.36917900,3,18.30900000,179.99577900,0
1623047460000,9.82600000,9.82600000,9.79700000,9.79700000,87.83200000,1623047519999,862.68488800,15,0.00000000,0.00000000,0
1623047520000,9.79300000,9.79300000,9.79300000,9.79300000,14.95300000,1623047579999,146.43472900,2,0.00000000,0.00000000,0
1623047580000,9.82800000,9.83800000,9.81900000,9.83800000,110.28500000,1623047639999,1084.13132600,6,90.71900000,891.67155100,0
1623047640000,9.83800000,9.83800000,9.83800000,9.83800000,0.00000000,1623047699999,0.00000000,0,0.00000000,0.00000000,0
1623047700000,9.83900000,9.83900000,9.83800000,9.83800000,2.74600000,1623047759999,27.01677400,2,0.00000000,0.00000000,0
1623047760000,9.83100000,9.83500000,9.82200000,9.82200000,79.43800000,1623047819999,780.54443400,9,1.60000000,15.73600000,0
1623047820000,9.81700000,9.81700000,9.81400000,9.81400000,27.13500000,1623047879999,266.35789500,5,0.00000000,0.00000000,0
1623047880000,9.82700000,9.82700000,9.82700000,9.82700000,1.86300000,1623047939999,18.30770100,1,0.00000000,0.00000000,0
1623047940000,9.83100000,9.83100000,9.83100000,9.83100000,6.27100000,1623047999999,61.65020100,1,0.00000000,0.00000000,0
1623048000000,9.82900000,9.82900000,9.82900000,9.82900000,10.06200000,1623048059999,98.89939800,1,0.00000000,0.00000000,0
1623048060000,9.82400000,9.84200000,9.82400000,9.84200000,20.29300000,1623048119999,199.61403200,3,16.90000000,166.28120000,0
1623048120000,9.84200000,9.84200000,9.84200000,9.84200000,0.00000000,1623048179999,0.00000000,0,0.00000000,0.00000000,0
1623048180000,9.86200000,9.86200000,9.83700000,9.83800000,125.06400000,1623048239999,1232.10936100,13,84.57900000,833.83053100,0
1623048240000,9.84100000,9.84100000,9.84100000,9.84100000,2.20000000,1623048299999,21.65020000,1,0.00000000,0.00000000,0
1623048300000,9.84100000,9.84100000,9.84100000,9.84100000,10.15600000,1623048359999,99.94519600,2,0.00000000,0.00000000,0
1623048360000,9.84100000,9.84100000,9.78800000,9.82900000,388.29800000,1623048419999,3819.00442900,30,49.50000000,486.53550000,0
1623048420000,9.82500000,9.82500000,9.82500000,9.82500000,11.03400000,1623048479999,108.40905000,1,0.00000000,0.00000000,0
1623048480000,9.86100000,9.87200000,9.86100000,9.87200000,63.57000000,1623048539999,627.18878500,5,63.57000000,627.18878500,0
1623048540000,9.87200000,9.87200000,9.85900000,9.85900000,9.21000000,1623048599999,90.81582000,2,0.00000000,0.00000000,0
1623048600000,9.87800000,9.89600000,9.87000000,9.89600000,57.08000000,1623048659999,564.18252000,8,35.08000000,346.95519200,0
1623048660000,9.87000000,9.89400000,9.85200000,9.85300000,329.03800000,1623048719999,3248.59646800,15,32.99700000,326.47231800,0
1623048720000,9.85300000,9.85400000,9.85300000,9.85400000,10.28300000,1623048779999,101.32346900,2,5.21300000,51.36368900,0
1623048780000,9.85400000,9.85400000,9.85300000,9.85300000,62.70000000,1623048839999,617.80140000,3,0.00000000,0.00000000,0
1623048840000,9.84600000,9.84600000,9.84600000,9.84600000,12.76600000,1623048899999,125.69403600,1,0.00000000,0.00000000,0
1623048900000,9.87400000,9.87400000,9.87400000,9.87400000,10.53200000,1623048959999,103.99296800,1,0.00000000,0.00000000,0
1623048960000,9.85000000,9.85400000,9.76500000,9.76500000,796.86200000,1623049019999,7824.89332700,31,3.49500000,34.43973000,0
1623049020000,9.76000000,9.80100000,9.76000000,9.80100000,24.70700000,1623049079999,241.98026500,4,10.00800000,98.08682800,0
1623049080000,9.77500000,9.77500000,9.75500000,9.75500000,288.04300000,1623049139999,2814.65249300,7,0.00000000,0.00000000,0
1623049140000,9.74600000,9.77600000,9.74200000,9.74800000,1457.16500000,1623049199999,14206.67102400,53,775.71800000,7564.39217600,0
1623049200000,9.74800000,9.76800000,9.73300000,9.76800000,177.19200000,1623049259999,1725.51199100,11,1.70800000,16.68374400,0
1623049260000,9.75300000,9.75300000,9.70200000,9.70200000,73.67800000,1623049319999,716.64488000,12,40.36500000,393.13476500,0
1623049320000,9.70100000,9.73400000,9.69600000,9.73400000,406.48900000,1623049379999,3943.99359000,18,360.20400000,3494.92877900,0
1623049380000,9.70300000,9.73600000,9.67800000,9.72200000,1202.15100000,1623049439999,11670.50268900,37,468.87500000,4562.82152100,0
1623049440000,9.69700000,9.70100000,9.69700000,9.70100000,12.88600000,1623049499999,124.96415800,2,0.00000000,0.00000000,0
1623049500000,9.70300000,9.70400000,9.70300000,9.70400000,31.85900000,1623049559999,309.14806000,3,0.00000000,0.00000000,0
1623049560000,9.70500000,9.71700000,9.69500000,9.71700000,42.40800000,1623049619999,411.60520600,9,9.93700000,96.48665300,0
1623049620000,9.70200000,9.70400000,9.70200000,9.70400000,32.95800000,1623049679999,319.80443200,3,0.00000000,0.00000000,0
1623049680000,9.70000000,9.70000000,9.69000000,9.69000000,44.89400000,1623049739999,435.35341800,3,0.00000000,0.00000000,0
1623049740000,9.70000000,9.70000000,9.69300000,9.69300000,407.36200000,1623049799999,3949.60673700,9,32.64300000,316.63710000,0
1623049800000,9.68600000,9.69300000,9.68600000,9.69300000,23.21500000,1623049859999,224.93121100,3,10.10300000,97.92837900,0
1623049860000,9.69300000,9.70300000,9.69300000,9.70300000,179.12700000,1623049919999,1736.79306500,5,168.39900000,1632.78510500,0
1623049920000,9.69000000,9.69000000,9.69000000,9.69000000,18.57500000,1623049979999,179.99175000,1,0.00000000,0.00000000,0
1623049980000,9.68800000,9.69000000,9.68800000,9.69000000,263.67300000,1623050039999,2554.92557000,10,243.07300000,2355.35277000,0
1623050040000,9.69000000,9.69000000,9.67700000,9.68100000,368.11500000,1623050099999,3562.80356100,10,0.00000000,0.00000000,0
1623050100000,9.68100000,9.69600000,9.67900000,9.69000000,41.91900000,1623050159999,406.15150800,7,40.31100000,390.58767600,0
1623050160000,9.67800000,9.67800000,9.64000000,9.66600000,2436.18400000,1623050219999,23521.71276900,48,1143.79800000,11035.48479700,0
1623050220000,9.66900000,9.68400000,9.65100000,9.67300000,381.23400000,1623050279999,3687.89909100,24,368.21000000,3561.98431300,0
1623050280000,9.65600000,9.66200000,9.63400000,9.65700000,438.04900000,1623050339999,4226.41111900,28,161.32800000,1558.09973000,0
1623050340000,9.66000000,9.66000000,9.66000000,9.66000000,12.50000000,1623050399999,120.75000000,1,12.50000000,120.75000000,0
1623050400000,9.66900000,9.67000000,9.65200000,9.65400000,38.65100000,1623050459999,373.60588400,7,20.80000000,201.11520000,0
1623050460000,9.65700000,9.66900000,9.65700000,9.66900000,27.05300000,1623050519999,261.27347700,2,1.88800000,18.25507200,0
1623050520000,9.69300000,9.72600000,9.69300000,9.72600000,747.92600000,1623050579999,7268.26342000,29,260.64200000,2531.86294000,0
1623050580000,9.72900000,9.74000000,9.71500000,9.71500000,1348.23800000,1623050639999,13131.05815500,10,72.67500000,707.47480000,0
1623050640000,9.69900000,9.71100000,9.69900000,9.71100000,111.60300000,1623050699999,1083.59424900,14,0.00000000,0.00000000,0
1623050700000,9.71000000,9.73000000,9.71000000,9.72000000,179.16700000,1623050759999,1740.55756000,10,79.16700000,769.55756000,0
1623050760000,9.71600000,9.72900000,9.71600000,9.72900000,6.01700000,1623050819999,58.50017200,3,3.01700000,29.31317200,0
1623050820000,9.72000000,9.72000000,9.70700000,9.70700000,990.58300000,1623050879999,9616.16176600,8,973.27400000,9448.14330300,0
1623050880000,9.70400000,9.71900000,9.70200000,9.71800000,61.54800000,1623050939999,597.51997300,5,20.58100000,199.99973900,0
1623050940000,9.71800000,9.71800000,9.68800000,9.68800000,53.59300000,1623050999999,519.90891000,4,20.00000000,194.36000000,0
1623051000000,9.69000000,9.70000000,9.68900000,9.69800000,1149.91600000,1623051059999,11151.67244200,9,963.94300000,9348.31921400,0
1623051060000,9.71200000,9.72800000,9.70600000,9.71600000,250.73000000,1623051119999,2437.29092300,11,135.65900000,1318.45267800,0
1623051120000,9.71500000,9.72700000,9.71500000,9.72700000,78.18000000,1623051179999,759.53342400,4,1.22700000,11.93502900,0
1623051180000,9.72700000,9.72700000,9.72700000,9.72700000,0.00000000,1623051239999,0.00000000,0,0.00000000,0.00000000,0
1623051240000,9.72800000,9.73500000,9.71900000,9.71900000,164.47300000,1623051299999,1600.82030400,10,50.93200000,495.49866900,0
1623051300000,9.72000000,9.72000000,9.71900000,9.71900000,191.86500000,1623051359999,1864.74053600,3,178.86400000,1738.37921600,0
1623051360000,9.71900000,9.71900000,9.71900000,9.71900000,0.00000000,1623051419999,0.00000000,0,0.00000000,0.00000000,0
1623051420000,9.71100000,9.73000000,9.71000000,9.71000000,147.72900000,1623051479999,1434.67462500,11,132.98600000,1291.45460900,0
1623051480000,9.71500000,9.71500000,9.70500000,9.70500000,626.14200000,1623051539999,6081.52395500,16,72.93200000,707.80506000,0
1623051540000,9.71200000,9.73600000,9.71200000,9.73500000,583.63200000,1623051599999,5669.14682200,20,581.63200000,5649.67682200,0
1623051600000,9.72000000,9.72800000,9.72000000,9.72800000,1079.82300000,1623051659999,10500.35148000,27,1079.82300000,10500.35148000,0
1623051660000,9.73300000,9.73300000,9.73300000,9.73300000,1.13100000,1623051719999,11.00802300,1,1.13100000,11.00802300,0
1623051720000,9.71500000,9.71500000,9.71500000,9.71500000,9.30000000,1623051779999,90.34950000,1,9.30000000,90.34950000,0
1623051780000,9.71500000,9.71500000,9.69700000,9.69800000,162.66000000,1623051839999,1577.86642900,6,0.70000000,6.80050000,0
1623051840000,9.71300000,9.71300000,9.71300000,9.71300000,1.88400000,1623051899999,18.29929200,1,1.88400000,18.29929200,0
1623051900000,9.70100000,9.70100000,9.68500000,9.68900000,78.45000000,1623051959999,760.21723000,3,58.62100000,567.97886900,0
1623051960000,9.69100000,9.69800000,9.69100000,9.69800000,66.63500000,1623052019999,646.17270100,3,0.00000000,0.00000000,0
1623052020000,9.69800000,9.69800000,9.69800000,9.69800000,1424.90600000,1623052079999,13818.73838800,3,0.00000000,0.00000000,0
1623052080000,9.69700000,9.71000000,9.69700000,9.71000000,1603.50100000,1623052139999,15555.28543800,7,1603.50100000,15555.28543800,0
1623052140000,9.71000000,9.71000000,9.71000000,9.71000000,0.00000000,1623052199999,0.00000000,0,0.00000000,0.00000000,0
1623052200000,9.71200000,9.71200000,9.71000000,9.71000000,102.68400000,1623052259999,997.16402200,4,0.00000000,0.00000000,0
1623052260000,9.69700000,9.69700000,9.68900000,9.68900000,248.47500000,1623052319999,2407.95208400,17,118.10100000,1144.39869000,0
1623052320000,9.69200000,9.71400000,9.67800000,9.71400000,21.30000000,1623052379999,206.31340000,5,4.00000000,38.81200000,0
1623052380000,9.68200000,9.70100000,9.67000000,9.67700000,74.48800000,1623052439999,720.78247600,7,2.00000000,19.36400000,0
1623052440000,9.67600000,9.72000000,9.67100000,9.72000000,634.51200000,1623052499999,6163.65058300,15,61.26200000,594.46874500,0
1623052500000,9.72000000,9.72000000,9.72000000,9.72000000,463.37000000,1623052559999,4503.95640000,6,0.00000000,0.00000000,0
1623052560000,9.72000000,9.72700000,9.72000000,9.72700000,45.73400000,1623052619999,444.57939700,4,45.73400000,444.57939700,0
1623052620000,9.72600000,9.72700000,9.72600000,9.72700000,30.84100000,1623052679999,299.96984600,3,30.84100000,299.96984600,0
1623052680000,9.70900000,9.70900000,9.70900000,9.70900000,17.65900000,1623052739999,171.45123100,1,17.65900000,171.45123100,0
1623052740000,9.70900000,9.70900000,9.70900000,9.70900000,0.00000000,1623052799999,0.00000000,0,0.00000000,0.00000000,0
1623052800000,9.72400000,9.72400000,9.72400000,9.72400000,12.39700000,1623052859999,120.54842800,1,0.00000000,0.00000000,0
1623052860000,9.71900000,9.73900000,9.70300000,9.73900000,302.16900000,1623052919999,2936.71817300,21,92.30200000,898.55813000,0
1623052920000,9.74000000,9.77600000,9.74000000,9.74900000,335.13800000,1623052979999,3266.95203400,25,196.49500000,1915.25990500,0
1623052980000,9.72400000,9.77000000,9.72300000,9.73400000,1927.85500000,1623053039999,18819.92773700,31,1501.15000000,14654.01567400,0
1623053040000,9.76300000,9.76500000,9.71800000,9.71800000,629.88200000,1623053099999,6146.39796700,23,279.59800000,2729.46282400,0
1623053100000,9.71100000,9.71100000,9.69300000,9.69300000,298.82400000,1623053159999,2898.62689200,6,0.00000000,0.00000000,0
1623053160000,9.72000000,9.72000000,9.69300000,9.69400000,263.21800000,1623053219999,2551.98418500,22,0.00000000,0.00000000,0
1623053220000,9.69400000,9.70400000,9.69400000,9.70400000,104.30100000,1623053279999,1011.91420400,3,94.00100000,912.05570400,0
1623053280000,9.72300000,9.72400000,9.70000000,9.70000000,1046.62500000,1623053339999,10156.96907700,26,185.67900000,1801.37366200,0
1623053340000,9.70000000,9.70000000,9.70000000,9.70000000,0.00000000,1623053399999,0.00000000,0,0.00000000,0.00000000,0
1623053400000,9.72000000,9.73100000,9.69100000,9.73100000,26.91700000,1623053459999,261.53962700,7,10.27800000,99.99139200,0
1623053460000,9.73100000,9.73100000,9.73100000,9.73100000,0.00000000,1623053519999,0.00000000,0,0.00000000,0.00000000,0
1623053520000,9.69500000,9.69500000,9.69400000,9.69400000,14.58600000,1623053579999,141.40718600,2,0.00000000,0.00000000,0
1623053580000,9.69100000,9.69100000,9.69000000,9.69100000,44.44000000,1623053639999,430.65006000,5,0.00000000,0.00000000,0
1623053640000,9.67800000,9.67800000,9.67800000,9.67800000,5.42000000,1623053699999,52.45476000,3,0.00000000,0.00000000,0
1623053700000,9.68500000,9.69100000,9.68500000,9.69100000,173.25700000,1623053759999,1678.45036900,8,173.25700000,1678.45036900,0
1623053760000,9.71800000,9.71800000,9.68300000,9.68300000,5.21200000,1623053819999,50.61315100,2,4.15300000,40.35885400,0
1623053820000,9.71500000,9.71600000,9.69800000,9.71600000,28.57200000,1623053879999,277.38973500,3,28.57200000,277.38973500,0
1623053880000,9.71600000,9.71600000,9.71600000,9.71600000,0.00000000,1623053939999,0.00000000,0,0.00000000,0.00000000,0
1623053940000,9.70600000,9.70600000,9.69800000,9.69800000,22.47900000,1623053999999,218.09317400,2,11.47900000,111.41517400,0
1623054000000,9.66200000,9.66300000,9.65100000,9.66300000,35.89100000,1623054059999,346.60161100,6,0.00000000,0.00000000,0
1623054060000,9.68500000,9.68500000,9.68500000,9.68500000,10.77900000,1623054119999,104.39461500,1,0.00000000,0.00000000,0
1623054120000,9.70000000,9.70000000,9.60200000,9.60200000,534.60900000,1623054179999,5146.55103800,29,5.15400000,49.99380000,0
1623054180000,9.62000000,9.63800000,9.60600000,9.63500000,2073.58900000,1623054239999,19928.47500300,42,789.76900000,7590.78830300,0
1623054240000,9.61400000,9.62600000,9.60900000,9.61500000,513.27400000,1623054299999,4934.64966400,10,94.17100000,906.35364600,0
1623054300000,9.62100000,9.64400000,9.60600000,9.64400000,245.03000000,1623054359999,2357.75124200,15,233.81300000,2249.99467700,0
1623054360000,9.62000000,9.64800000,9.62000000,9.64800000,44.41600000,1623054419999,428.45073900,6,43.21600000,416.90673900,0
1623054420000,9.64000000,9.64800000,9.62800000,9.62800000,1956.87000000,1623054479999,18879.53984000,9,48.86700000,471.37041600,0
1623054480000,9.64500000,9.65100000,9.64200000,9.64200000,36.15800000,1623054539999,348.73974000,5,36.15800000,348.73974000,0
1623054540000,9.64200000,9.64200000,9.64200000,9.64200000,10.65800000,1623054599999,102.76443600,1,0.00000000,0.00000000,0
1623054600000,9.65000000,9.67400000,9.63100000,9.65900000,1234.03700000,1623054659999,11894.04567800,39,503.95700000,4858.91115100,0
1623054660000,9.64900000,9.64900000,9.64800000,9.64800000,32.11800000,1623054719999,309.87966000,2,0.00000000,0.00000000,0
1623054720000,9.66700000,9.67400000,9.66700000,9.66900000,35.50800000,1623054779999,343.39836600,6,34.15800000,330.34521600,0
1623054780000,9.67700000,9.67700000,9.67700000,9.67700000,11.70900000,1623054839999,113.30799300,2,11.70900000,113.30799300,0
1623054840000,9.67700000,9.67700000,9.64800000,9.64800000,202.12700000,1623054899999,1955.29937900,10,0.00000000,0.00000000,0
1623054900000,9.66600000,9.67800000,9.66600000,9.67800000,113.99000000,1623054959999,1103.01561300,13,103.33200000,999.99538500,0
1623054960000,9.66200000,9.68300000,9.66200000,9.68300000,79.20800000,1623055019999,765.38663500,14,4.43500000,42.92990900,0
1623055020000,9.68100000,9.68100000,9.68100000,9.68100000,34.00800000,1623055079999,329.23144800,1,34.00800000,329.23144800,0
1623055080000,9.68200000,9.68200000,9.67100000,9.67800000,29.75700000,1623055139999,287.95827900,6,27.87600000,269.76712800,0
1623055140000,9.67100000,9.67100000,9.67100000,9.67100000,8.11900000,1623055199999,78.51884900,1,0.00000000,0.00000000,0
1623055200000,9.65000000,9.65000000,9.64300000,9.64500000,1054.87200000,1623055259999,10176.65337900,32,655.55300000,6324.59877000,0
1623055260000,9.64500000,9.66800000,9.64000000,9.65800000,1028.72700000,1623055319999,9921.06655700,23,692.54900000,6678.37281000,0
1623055320000,9.65600000,9.65600000,9.65300000,9.65400000,97.08100000,1623055379999,937.22061300,5,87.06100000,840.48753300,0
1623055380000,9.65100000,9.65100000,9.65000000,9.65000000,306.62700000,1623055439999,2959.00229600,18,0.00000000,0.00000000,0
1623055440000,9.62900000,9.62900000,9.62900000,9.62900000,62.82300000,1623055499999,604.92266700,4,4.28800000,41.28915200,0
1623055500000,9.65600000,9.65600000,9.63000000,9.63000000,16.81100000,1623055559999,162.08895000,4,2.07000000,19.98792000,0
1623055560000,9.64200000,9.64200000,9.64200000,9.64200000,14.82700000,1623055619999,142.96193400,1,0.00000000,0.00000000,0
1623055620000,9.65000000,9.65000000,9.65000000,9.65000000,19.32000000,1623055679999,186.43800000,1,19.32000000,186.43800000,0
1623055680000,9.65000000,9.65000000,9.65000000,9.65000000,0.00000000,1623055739999,0.00000000,0,0.00000000,0.00000000,0
1623055740000,9.63100000,9.63100000,9.62400000,9.62800000,105.68600000,1623055799999,1017.19871500,6,102.33300000,984.91363400,0
1623055800000,9.63200000,9.65300000,9.62500000,9.64000000,230.92400000,1623055859999,2225.48340900,14,213.12700000,2053.92032900,0
1623055860000,9.64000000,9.64000000,9.64000000,9.64000000,0.00000000,1623055919999,0.00000000,0,0.00000000,0.00000000,0
1623055920000,9.65600000,9.68700000,9.65600000,9.66400000,224.42000000,1623055979999,2168.87864800,8,98.82000000,955.08024800,0
1623055980000,9.65500000,9.65500000,9.65500000,9.65500000,8.46600000,1623056039999,81.73923000,1,0.00000000,0.00000000,0
1623056040000,9.65500000,9.65500000,9.64200000,9.64200000,28.56200000,1623056099999,275.60705400,4,13.94700000,134.60672000,0
1623056100000,9.64200000,9.64200000,9.64200000,9.64200000,10.73400000,1623056159999,103.49722800,1,10.73400000,103.49722800,0
1623056160000,9.64000000,9.64200000,9.63600000,9.63600000,80.00000000,1623056219999,771.11530000,5,7.45800000,71.91003600,0
1623056220000,9.63200000,9.63200000,9.61700000,9.62600000,305.73000000,1623056279999,2942.12462100,11,0.00000000,0.00000000,0
1623056280000,9.62600000,9.62600000,9.62600000,9.62600000,0.00000000,1623056339999,0.00000000,0,0.00000000,0.00000000,0
1623056340000,9.62600000,9.62600000,9.62000000,9.62000000,45.38800000,1623056399999,436.79889800,3,27.72300000,266.86159800,0
1623056400000,9.62600000,9.63900000,9.62000000,9.63700000,262.40900000,1623056459999,2528.73844100,31,262.40900000,2528.73844100,0
1623056460000,9.63500000,9.63600000,9.62400000,9.62400000,172.86300000,1623056519999,1665.41114800,3,172.86300000,1665.41114800,0
1623056520000,9.61700000,9.63100000,9.61300000,9.63100000,360.11800000,1623056579999,3465.44786400,11,276.81800000,2663.92715600,0
1623056580000,9.60600000,9.61700000,9.57800000,9.59300000,554.79100000,1623056639999,5324.88806800,29,134.83500000,1295.09242100,0
1623056640000,9.59800000,9.60600000,9.58200000,9.58900000,1039.69500000,1623056699999,9985.56004100,16,208.57000000,2002.28798200,0
1623056700000,9.60500000,9.60500000,9.60500000,9.60500000,1.56100000,1623056759999,14.99340500,1,1.56100000,14.99340500,0
1623056760000,9.59700000,9.59700000,9.58700000,9.58700000,31.02300000,1623056819999,297.55173100,2,13.42300000,128.82053100,0
1623056820000,9.59800000,9.60500000,9.59800000,9.60500000,20.68100000,1623056879999,198.50425300,2,19.53600000,187.50652800,0
1623056880000,9.60500000,9.60500000,9.60500000,9.60500000,149.02100000,1623056939999,1431.34670500,6,149.02100000,1431.34670500,0
1623056940000,9.61000000,9.63100000,9.61000000,9.63100000,674.98600000,1623056999999,6496.22204500,13,370.84600000,3567.22345000,0
1623057000000,9.62800000,9.62800000,9.61000000,9.62800000,67.23400000,1623057059999,646.23056200,4,14.57900000,140.21601200,0
1623057060000,9.63300000,9.63300000,9.63300000,9.63300000,2.00000000,1623057119999,19.26600000,1,2.00000000,19.26600000,0
1623057120000,9.61800000,9.61800000,9.61800000,9.61800000,8.70100000,1623057179999,83.68621800,2,0.00000000,0.00000000,0
1623057180000,9.63400000,9.64000000,9.63400000,9.64000000,24.34600000,1623057239999,234.56597000,4,17.85600000,172.02470400,0
1623057240000,9.64100000,9.66400000,9.64000000,9.66400000,25.65900000,1623057299999,247.79384200,4,18.38700000,177.68744400,0
1623057300000,9.66300000,9.66500000,9.66300000,9.66500000,252.61500000,1623057359999,2441.38857500,5,80.10000000,774.03110000,0
1623057360000,9.64300000,9.65500000,9.64000000,9.65500000,205.15700000,1623057419999,1979.42673800,7,51.79000000,499.99690800,0
1623057420000,9.65500000,9.65500000,9.62700000,9.62700000,87.87900000,1623057479999,846.21993600,14,1.99900000,19.30034500,0
1623057480000,9.63500000,9.63500000,9.63500000,9.63500000,10.27600000,1623057539999,99.00926000,1,10.27600000,99.00926000,0
1623057540000,9.63500000,9.69600000,9.63500000,9.66100000,1358.33600000,1623057599999,13115.24184600,41,1211.32300000,11696.37707100,0
1623057600000,9.64600000,9.66800000,9.64600000,9.65000000,432.70600000,1623057659999,4174.29260500,18,135.21900000,1304.66573600,0
1623057660000,9.64900000,9.66200000,9.64900000,9.65300000,33.83700000,1623057719999,326.54733100,3,11.08600000,107.02293200,0
1623057720000,9.65000000,9.65000000,9.65000000,9.65000000,12.22100000,1623057779999,117.93265000,1,12.22100000,117.93265000,0
1623057780000,9.64400000,9.65000000,9.63900000,9.65000000,324.95500000,1623057839999,3133.59044500,14,172.08500000,1659.89912500,0
1623057840000,9.66700000,9.66700000,9.66700000,9.66700000,27.41200000,1623057899999,264.99180400,1,27.41200000,264.99180400,0
1623057900000,9.66700000,9.66700000,9.66700000,9.66700000,0.00000000,1623057959999,0.00000000,0,0.00000000,0.00000000,0
1623057960000,9.67300000,9.68100000,9.67100000,9.68100000,26.90800000,1623058019999,260.26221400,3,0.00000000,0.00000000,0
1623058020000,9.69200000,9.69200000,9.69100000,9.69100000,16.68100000,1623058079999,161.66606100,4,16.68100000,161.66606100,0
1623058080000,9.67600000,9.69600000,9.67600000,9.69600000,23.07100000,1623058139999,223.43091000,3,19.44600000,188.35541000,0
1623058140000,9.69600000,9.69600000,9.69600000,9.69600000,15.05400000,1623058199999,145.96358400,2,15.05400000,145.96358400,0
1623058200000,9.68700000,9.68800000,9.67100000,9.67100000,278.17300000,1623058259999,2691.93211900,21,79.12400000,766.54498700,0
1623058260000,9.69100000,9.69500000,9.68600000,9.69500000,62.54400000,1623058319999,606.06499400,4,62.54400000,606.06499400,0
1623058320000,9.69500000,9.69500000,9.69500000,9.69500000,0.00000000,1623058379999,0.00000000,0,0.00000000,0.00000000,0
1623058380000,9.68500000,9.68500000,9.68500000,9.68500000,1.76100000,1623058439999,17.05528500,1,1.76100000,17.05528500,0
1623058440000,9.67900000,9.69500000,9.67900000,9.69500000,260.64800000,1623058499999,2525.46377100,9,248.35700000,2406.49918200,0
1623058500000,9.68800000,9.68800000,9.67700000,9.67700000,54.80900000,1623058559999,530.49169300,8,5.00000000,48.44000000,0
1623058560000,9.69300000,9.70000000,9.69300000,9.69700000,193.23300000,1623058619999,1873.92117200,13,193.23300000,1873.92117200,0
1623058620000,9.69700000,9.69700000,9.69700000,9.69700000,0.00000000,1623058679999,0.00000000,0,0.00000000,0.00000000,0
1623058680000,9.69800000,9.69800000,9.69800000,9.69800000,10.00000000,1623058739999,96.98000000,1,10.00000000,96.98000000,0
1623058740000,9.70100000,9.70100000,9.68600000,9.68600000,60.10900000,1623058799999,582.99041900,5,0.00000000,0.00000000,0
1623058800000,9.68600000,9.68600000,9.67600000,9.67600000,24.14800000,1623058859999,233.70766800,3,0.00000000,0.00000000,0
1623058860000,9.68300000,9.68300000,9.68300000,9.68300000,17.58800000,1623058919999,170.30460400,1,0.00000000,0.00000000,0
1623058920000,9.68300000,9.68300000,9.68300000,9.68300000,0.00000000,1623058979999,0.00000000,0,0.00000000,0.00000000,0
1623058980000,9.68800000,9.68800000,9.68400000,9.68400000,20.95500000,1623059039999,202.97022000,3,20.95500000,202.97022000,0
1623059040000,9.68400000,9.68400000,9.68400000,9.68400000,2.14500000,1623059099999,20.77218000,1,2.14500000,20.77218000,0
1623059100000,9.68400000,9.68400000,9.68300000,9.68300000,23.66900000,1623059159999,229.20034800,2,0.00000000,0.00000000,0
1623059160000,9.69000000,9.69100000,9.69000000,9.69100000,36.24200000,1623059219999,351.19542300,2,36.24200000,351.19542300,0
1623059220000,9.69100000,9.69100000,9.69100000,9.69100000,0.00000000,1623059279999,0.00000000,0,0.00000000,0.00000000,0
1623059280000,9.68300000,9.68300000,9.68300000,9.68300000,25.30000000,1623059339999,244.97990000,1,0.00000000,0.00000000,0
1623059340000,9.69200000,9.69200000,9.69200000,9.69200000,11.85200000,1623059399999,114.86958400,1,11.85200000,114.86958400,0
1623059400000,9.69200000,9.69200000,9.69200000,9.69200000,0.00000000,1623059459999,0.00000000,0,0.00000000,0.00000000,0
1623059460000,9.69200000,9.69200000,9.69200000,9.69200000,99.48200000,1623059519999,964.17954400,3,99.48200000,964.17954400,0
1623059520000,9.68700000,9.69800000,9.68700000,9.69800000,16.72300000,1623059579999,162.01215700,2,1.49600000,14.50820800,0
1623059580000,9.69100000,9.69100000,9.69100000,9.69100000,10.00000000,1623059639999,96.91000000,1,0.00000000,0.00000000,0
1623059640000,9.69100000,9.69100000,9.69100000,9.69100000,0.00000000,1623059699999,0.00000000,0,0.00000000,0.00000000,0
1623059700000,9.69400000,9.70100000,9.69400000,9.70100000,287.20400000,1623059759999,2785.93403900,13,173.87000000,1686.48090500,0
1623059760000,9.68400000,9.68400000,9.68300000,9.68300000,16.32800000,1623059819999,158.12032400,2,0.00000000,0.00000000,0
1623059820000,9.67800000,9.68700000,9.67700000,9.67700000,290.31500000,1623059879999,2809.77056500,9,0.00000000,0.00000000,0
1623059880000,9.67700000,9.67700000,9.67700000,9.67700000,0.00000000,1623059939999,0.00000000,0,0.00000000,0.00000000,0
1623059940000,9.67000000,9.67000000,9.67000000,9.67000000,10.76100000,1623059999999,104.05887000,2,0.00000000,0.00000000,0
1623060000000,9.68900000,9.70100000,9.68900000,9.70100000,219.99500000,1623060059999,2133.42759900,17,198.78400000,1927.65968800,0
1623060060000,9.70100000,9.70100000,9.70100000,9.70100000,0.00000000,1623060119999,0.00000000,0,0.00000000,0.00000000,0
1623060120000,9.69300000,9.70000000,9.69300000,9.70000000,20.49800000,1623060179999,198.76029900,3,20.49800000,198.76029900,0
1623060180000,9.70800000,9.73500000,9.70000000,9.73500000,116.84000000,1623060239999,1135.98048600,8,116.84000000,1135.98048600,0
1623060240000,9.72200000,9.72200000,9.72200000,9.72200000,5.29300000,1623060299999,51.45854600,1,0.00000000,0.00000000,0
1623060300000,9.73900000,9.74700000,9.73500000,9.73500000,118.70400000,1623060359999,1156.19812000,7,118.70400000,1156.19812000,0
1623060360000,9.73500000,9.73500000,9.73500000,9.73500000,4.89000000,1623060419999,47.60415000,2,0.00000000,0.00000000,0
1623060420000,9.72300000,9.74700000,9.72300000,9.74500000,275.98400000,1623060479999,2689.22657000,11,86.54700000,843.42087700,0
1623060480000,9.73500000,9.73500000,9.71500000,9.72000000,173.22900000,1623060539999,1684.59805100,16,13.45900000,130.84318000,0
1623060540000,9.72000000,9.74000000,9.72000000,9.74000000,4.12600000,1623060599999,40.15578000,2,2.55300000,24.86622000,0
1623060600000,9.74000000,9.74000000,9.74000000,9.74000000,0.00000000,1623060659999,0.00000000,0,0.00000000,0.00000000,0
1623060660000,9.74000000,9.75200000,9.74000000,9.74300000,103.05700000,1623060719999,1004.51867000,10,52.92100000,516.08559200,0
1623060720000,9.74700000,9.74700000,9.74700000,9.74700000,337.03800000,1623060779999,3285.10938600,3,337.03800000,3285.10938600,0
1623060780000,9.74700000,9.76600000,9.74600000,9.74800000,265.16700000,1623060839999,2587.93412200,10,233.31600000,2277.47520000,0
1623060840000,9.75300000,9.77400000,9.74800000,9.75900000,135.65200000,1623060899999,1323.10465000,15,38.00400000,370.95404600,0
1623060900000,9.74900000,9.76400000,9.74900000,9.75300000,19.32300000,1623060959999,188.53037400,3,9.72900000,94.99395600,0
1623060960000,9.76800000,9.76800000,9.75100000,9.76400000,31.20400000,1623061019999,304.60423200,6,20.25000000,197.79177800,0
1623061020000,9.76900000,9.78800000,9.76900000,9.77000000,455.97000000,1623061079999,4460.86572900,18,166.09700000,1624.85235400,0
1623061080000,9.76000000,9.77100000,9.76000000,9.77100000,5.37100000,1623061139999,52.43499600,2,0.00000000,0.00000000,0
1623061140000,9.78800000,9.78800000,9.75700000,9.76600000,980.90300000,1623061199999,9579.62630800,17,23.90900000,233.90389200,0
1623061200000,9.77400000,9.77400000,9.77400000,9.77400000,5.00700000,1623061259999,48.93841800,1,5.00700000,48.93841800,0
1623061260000,9.77400000,9.77700000,9.77400000,9.77700000,12.04900000,1623061319999,117.79692600,2,10.00000000,97.77000000,0
1623061320000,9.77700000,9.77700000,9.77700000,9.77700000,39.39800000,1623061379999,385.19424600,2,38.34400000,374.88928800,0
1623061380000,9.78900000,9.81400000,9.78100000,9.78100000,338.21600000,1623061439999,3311.72019200,27,168.72800000,1653.80391900,0
1623061440000,9.80500000,9.80500000,9.79600000,9.79600000,31.04800000,1623061499999,304.23560200,5,19.29400000,189.08108200,0
1623061500000,9.79500000,9.79500000,9.78900000,9.78900000,16.57200000,1623061559999,162.26206200,2,16.57200000,162.26206200,0
1623061560000,9.81600000,9.82000000,9.81500000,9.82000000,102.99500000,1623061619999,1011.02141100,15,102.99500000,1011.02141100,0
1623061620000,9.79800000,9.80000000,9.79800000,9.80000000,17.39200000,1623061679999,170.40948400,2,0.00000000,0.00000000,0
1623061680000,9.80400000,9.81300000,9.79700000,9.81300000,301.74600000,1623061739999,2960.40225000,13,109.31000000,1072.48291600,0
1623061740000,9.79200000,9.81700000,9.79000000,9.79000000,706.66000000,1623061799999,6923.91124400,41,77.82000000,763.45054000,0
1623061800000,9.80600000,9.80600000,9.78500000,9.78500000,799.20000000,1623061859999,7827.49243100,15,0.00000000,0.00000000,0
1623061860000,9.80000000,9.80700000,9.79300000,9.80500000,143.47400000,1623061919999,1406.56095200,9,111.98900000,1098.08665500,0
1623061920000,9.80300000,9.80400000,9.80000000,9.80400000,72.62200000,1623061979999,711.90228000,9,72.62200000,711.90228000,0
1623061980000,9.78600000,9.80600000,9.78600000,9.80400000,360.04700000,1623062039999,3524.79402500,15,113.46100000,1110.77013200,0
1623062040000,9.80400000,9.80400000,9.80400000,9.80400000,0.00000000,1623062099999,0.00000000,0,0.00000000,0.00000000,0
1623062100000,9.80300000,9.80300000,9.79100000,9.79600000,17.49900000,1623062159999,171.40566600,3,12.30100000,120.51204800,0
1623062160000,9.80000000,9.80400000,9.80000000,9.80400000,182.43200000,1623062219999,1788.21218000,29,182.43200000,1788.21218000,0
1623062220000,9.79900000,9.80300000,9.79900000,9.79900000,8.12400000,1623062279999,79.62227600,3,3.80000000,37.25140000,0
1623062280000,9.79500000,9.81000000,9.79500000,9.80600000,79.56600000,1623062339999,779.95152300,14,57.29500000,561.71743600,0
1623062340000,9.82000000,9.82500000,9.81900000,9.82400000,109.44800000,1623062399999,1075.13672200,14,107.74000000,1058.36587000,0
1623062400000,9.82000000,9.82100000,9.82000000,9.82100000,58.42500000,1623062459999,573.75133300,5,17.83300000,175.13789300,0
1623062460000,9.82100000,9.82100000,9.81900000,9.82000000,241.13300000,1623062519999,2367.79409300,9,155.50000000,1526.86020000,0
1623062520000,9.82000000,9.83000000,9.82000000,9.82600000,25.00200000,1623062579999,245.74235000,5,18.40200000,180.89075000,0
1623062580000,9.82600000,9.83700000,9.82600000,9.83600000,33.53600000,1623062639999,329.85157800,5,33.53600000,329.85157800,0
1623062640000,9.83900000,9.84200000,9.83200000,9.83200000,71.98300000,1623062699999,708.28304900,6,63.51200000,624.99617700,0
1623062700000,9.84500000,9.85500000,9.84400000,9.85100000,392.57900000,1623062759999,3867.36256500,24,387.93700000,3821.65890500,0
1623062760000,9.85400000,9.86700000,9.85400000,9.86700000,29.47200000,1623062819999,290.47605000,5,12.21900000,120.43293600,0
1623062820000,9.87000000,9.87500000,9.87000000,9.87500000,41.54900000,1623062879999,410.24727400,8,41.54900000,410.24727400,0
1623062880000,9.88900000,9.89000000,9.87700000,9.88800000,321.89200000,1623062939999,3182.03021500,23,197.09900000,1948.98981200,0
1623062940000,9.88800000,9.91200000,9.88800000,9.91200000,498.86100000,1623062999999,4940.30488400,29,492.13500000,4873.73664800,0
1623063000000,9.91800000,9.91800000,9.89800000,9.91000000,339.47200000,1623063059999,3365.82139500,12,25.47600000,252.67096800,0
1623063060000,9.92700000,9.95100000,9.92700000,9.95100000,849.52400000,1623063119999,8445.75980000,32,710.82600000,7065.71470000,0
1623063120000,9.95100000,9.96500000,9.95000000,9.96500000,107.08400000,1623063179999,1066.30242300,7,104.53400000,1040.92992300,0
1623063180000,9.95600000,9.95600000,9.95600000,9.95600000,3.16900000,1623063239999,31.55056400,1,0.00000000,0.00000000,0
1623063240000,9.96500000,10.05000000,9.96500000,9.97000000,5220.15800000,1623063299999,52190.45592500,181,4184.18600000,41842.78985500,0
1623063300000,9.95600000,10.02900000,9.93600000,10.00000000,2971.95400000,1623063359999,29645.59348900,86,1453.85300000,14519.19559200,0
1623063360000,10.01100000,10.05000000,10.01000000,10.01500000,524.37100000,1623063419999,5265.91971600,29,261.79900000,2629.34382600,0
1623063420000,10.01700000,10.05100000,10.00400000,10.02800000,574.72000000,1623063479999,5762.45736500,36,298.15500000,2991.32379400,0
1623063480000,10.00400000,10.02200000,9.95700000,9.96200000,533.93700000,1623063539999,5334.57469100,35,97.75900000,976.07020800,0
1623063540000,9.96200000,9.96200000,9.96100000,9.96200000,27.49900000,1623063599999,273.92529500,3,7.75600000,77.26527200,0
1623063600000,9.97500000,9.97500000,9.94100000,9.96600000,436.77300000,1623063659999,4344.60865900,14,27.05500000,269.73396500,0
1623063660000,9.96600000,9.96600000,9.90700000,9.93500000,191.88500000,1623063719999,1908.60392700,20,100.85400000,1004.72882400,0
1623063720000,9.93500000,9.93500000,9.91300000,9.93500000,152.71200000,1623063779999,1516.20178500,10,134.05600000,1331.21344300,0
1623063780000,9.93500000,9.93500000,9.93200000,9.93200000,50.00000000,1623063839999,496.60360000,3,0.00000000,0.00000000,0
1623063840000,9.95000000,9.98300000,9.94000000,9.94000000,286.93600000,1623063899999,2858.50279000,29,79.75700000,795.17897700,0
1623063900000,9.94600000,9.94600000,9.93800000,9.93800000,1180.96800000,1623063959999,11738.63271400,7,1101.15600000,10945.46105800,0
1623063960000,9.93800000,9.93900000,9.93500000,9.93900000,25.02200000,1623064019999,248.62081500,4,0.04500000,0.44721000,0
1623064020000,9.93900000,9.93900000,9.93600000,9.93600000,158.48700000,1623064079999,1575.17178900,6,143.31200000,1424.37796800,0
1623064080000,9.93500000,9.93500000,9.90900000,9.90900000,593.41700000,1623064139999,5891.77412500,35,285.11700000,2830.71189000,0
1623064140000,9.90800000,9.92400000,9.90800000,9.91200000,60.81600000,1623064199999,603.05103000,13,19.95000000,197.98380000,0
1623064200000,9.91100000,9.91100000,9.91100000,9.91100000,24.22100000,1623064259999,240.05433100,1,24.22100000,240.05433100,0
1623064260000,9.92800000,9.95300000,9.92800000,9.94600000,1024.04400000,1623064319999,10182.98944600,56,566.62000000,5633.46094600,0
1623064320000,9.96000000,10.01300000,9.96000000,10.01100000,409.73700000,1623064379999,4085.98527900,17,407.29600000,4061.59968900,0
1623064380000,10.00000000,10.00200000,10.00000000,10.00200000,214.70100000,1623064439999,2147.12595000,15,60.70200000,607.03065400,0
1623064440000,10.00200000,10.01000000,9.97100000,10.00000000,212.82400000,1623064499999,2127.11265200,39,81.42300000,814.20906900,0
1623064500000,10.00000000,10.02100000,10.00000000,10.02100000,331.34900000,1623064559999,3318.22092700,20,331.34900000,3318.22092700,0
1623064560000,10.02100000,10.02100000,10.02100000,10.02100000,66.20600000,1623064619999,663.45032600,4,54.46100000,545.75368100,0
1623064620000,10.02100000,10.02100000,10.02100000,10.02100000,0.00000000,1623064679999,0.00000000,0,0.00000000,0.00000000,0
1623064680000,10.02100000,10.02100000,9.99700000,9.99700000,682.77700000,1623064739999,6831.00119600,18,14.10400000,141.30769600,0
1623064740000,9.98500000,9.98500000,9.95300000,9.95600000,203.25600000,1623064799999,2027.02990500,14,1.81400000,18.08013800,0
1623064800000,9.95000000,9.96100000,9.95000000,9.96000000,150.36300000,1623064859999,1496.85950800,8,145.93500000,1452.77434000,0
1623064860000,9.97400000,9.97800000,9.97400000,9.97800000,97.76600000,1623064919999,975.23834800,3,97.76600000,975.23834800,0
1623064920000,9.97000000,9.99000000,9.97000000,9.99000000,75.32400000,1623064979999,751.41187600,5,65.21600000,650.51382000,0
1623064980000,9.99000000,9.99000000,9.99000000,9.99000000,0.00000000,1623065039999,0.00000000,0,0.00000000,0.00000000,0
1623065040000,9.95800000,9.96000000,9.95400000,9.96000000,782.32000000,1623065099999,7791.84240000,9,9.94300000,98.97262200,0
1623065100000,9.94300000,9.95600000,9.94300000,9.94500000,52.74600000,1623065159999,524.92539000,3,33.50000000,333.52600000,0
1623065160000,9.94400000,9.96300000,9.94400000,9.94500000,52.49400000,1623065219999,522.32766600,4,5.60500000,55.84261500,0
1623065220000,9.94100000,9.94200000,9.94100000,9.94200000,11.00000000,1623065279999,109.35540000,3,0.00000000,0.00000000,0
1623065280000,9.94100000,9.94100000,9.93400000,9.93500000,54.72000000,1623065339999,543.80090800,5,0.00000000,0.00000000,0
1623065340000,9.93300000,9.94600000,9.91700000,9.91700000,151.31900000,1623065399999,1502.76978400,17,27.11600000,269.64544600,0
1623065400000,9.91700000,9.92800000,9.91200000,9.91200000,199.55700000,1623065459999,1978.19603900,7,8.54000000,84.78512000,0
1623065460000,9.91100000,9.91400000,9.86200000,9.86200000,1102.10700000,1623065519999,10893.84671300,30,499.24400000,4933.55641700,0
1623065520000,9.86200000,9.86900000,9.83300000,9.84000000,3344.47600000,1623065579999,32911.67859600,36,2758.04900000,27136.68198300,0
1623065580000,9.84900000,9.85000000,9.83100000,9.83100000,121.38200000,1623065639999,1193.51936600,5,10.15200000,99.99449200,0
1623065640000,9.84500000,9.87400000,9.84500000,9.86000000,264.75100000,1623065699999,2610.39225700,14,230.18900000,2269.94681700,0
1623065700000,9.86900000,9.88000000,9.86000000,9.87600000,144.05600000,1623065759999,1421.48614000,23,89.83500000,886.86254500,0
1623065760000,9.88000000,9.88600000,9.88000000,9.88500000,2043.73400000,1623065819999,20204.13107600,17,41.80000000,413.14321200,0
1623065820000,9.87000000,9.87000000,9.85900000,9.85900000,1120.13600000,1623065879999,11045.19238200,20,283.44300000,2794.74798000,0
1623065880000,9.85600000,9.85600000,9.83900000,9.85000000,118.16200000,1623065939999,1163.89012600,8,84.16700000,829.10132100,0
1623065940000,9.85200000,9.88400000,9.85200000,9.87000000,306.11000000,1623065999999,3023.47947800,21,183.21000000,1808.78781000,0
1623066000000,9.85100000,9.85100000,9.83900000,9.83900000,14.83100000,1623066059999,146.02780900,3,0.00000000,0.00000000,0
1623066060000,9.83900000,9.86700000,9.83900000,9.86200000,21.05400000,1623066119999,207.52723100,3,15.34500000,151.35638000,0
1623066120000,9.86200000,9.86200000,9.84400000,9.84400000,76.87100000,1623066179999,757.35339000,8,5.20700000,51.25770800,0
1623066180000,9.85800000,9.87300000,9.85800000,9.87300000,156.19400000,1623066239999,1539.94756500,6,156.19400000,1539.94756500,0
1623066240000,9.86900000,9.87500000,9.86700000,9.86700000,261.89400000,1623066299999,2584.88951600,16,260.70900000,2573.19712100,0
1623066300000,9.86700000,9.86700000,9.86700000,9.86700000,0.00000000,1623066359999,0.00000000,0,0.00000000,0.00000000,0
1623066360000,9.87000000,9.87900000,9.87000000,9.87900000,120.24400000,1623066419999,1186.99047600,5,120.24400000,1186.99047600,0
1623066420000,9.87900000,9.87900000,9.80000000,9.80000000,2140.39700000,1623066479999,21081.11566700,71,889.07900000,8773.90539800,0
1623066480000,9.78800000,9.80800000,9.77500000,9.79900000,1021.50500000,1623066539999,9994.12833500,46,533.19100000,5217.37464600,0
1623066540000,9.79700000,9.81300000,9.79200000,9.81300000,526.99900000,1623066599999,5162.31582200,26,327.89900000,3212.28317000,0
1623066600000,9.80300000,9.80500000,9.79100000,9.79700000,232.65700000,1623066659999,2280.73846500,15,189.03700000,1853.32481100,0
1623066660000,9.80900000,9.80900000,9.79800000,9.79800000,11.54400000,1623066719999,113.22024600,2,0.00000000,0.00000000,0
1623066720000,9.81200000,9.81400000,9.80000000,9.80200000,229.52900000,1623066779999,2252.46259500,7,208.39100000,2045.14120900,0
1623066780000,9.80200000,9.81000000,9.79200000,9.81000000,146.30300000,1623066839999,1433.86554200,20,34.17200000,335.16089400,0
1623066840000,9.79500000,9.79500000,9.78900000,9.78900000,18.66600000,1623066899999,182.82555000,3,0.00000000,0.00000000,0
1623066900000,9.80000000,9.80500000,9.78100000,9.78100000,83.64200000,1623066959999,818.91612000,23,44.23100000,433.23195200,0
1623066960000,9.78000000,9.79600000,9.78000000,9.79600000,434.93200000,1623067019999,4254.92561100,20,429.82800000,4204.92682700,0
1623067020000,9.79600000,9.79600000,9.79600000,9.79600000,56.66000000,1623067079999,555.04136000,2,7.18100000,70.34507600,0
1623067080000,9.79600000,9.79600000,9.79200000,9.79500000,26.79600000,1623067139999,262.43675200,5,8.52700000,83.53049200,0
1623067140000,9.79600000,9.79600000,9.78900000,9.78900000,63.48700000,1623067199999,621.61585000,5,0.00000000,0.00000000,0
1623067200000,9.79600000,9.83000000,9.79600000,9.83000000,69.97800000,1623067259999,687.25091700,10,69.97800000,687.25091700,0
1623067260000,9.81600000,9.81600000,9.81000000,9.81000000,2267.75600000,1623067319999,22246.81089600,26,12.27000000,120.44232000,0
1623067320000,9.77500000,9.80600000,9.77200000,9.77200000,242.36100000,1623067379999,2373.67329400,11,152.96700000,1499.99440200,0
1623067380000,9.78700000,9.81400000,9.78700000,9.80800000,17.65600000,1623067439999,173.19903100,4,13.48000000,132.28782100,0
1623067440000,9.81400000,9.82500000,9.79900000,9.82500000,35.52800000,1623067499999,348.53391200,5,2.39500000,23.53087500,0
1623067500000,9.79800000,9.80900000,9.78800000,9.78800000,31.45000000,1623067559999,307.91735600,4,1.93800000,19.00984200,0
1623067560000,9.78000000,9.78000000,9.76800000,9.76800000,1215.06300000,1623067619999,11883.09268800,9,935.49000000,9149.09220000,0
1623067620000,9.77900000,9.77900000,9.76200000,9.76200000,75.67800000,1623067679999,739.48492700,6,0.00000000,0.00000000,0
1623067680000,9.76200000,9.77300000,9.75200000,9.77300000,278.53600000,1623067739999,2717.34745800,10,0.00000000,0.00000000,0
1623067740000,9.77000000,9.78500000,9.77000000,9.78500000,13.32000000,1623067799999,130.31365500,4,13.32000000,130.31365500,0
1623067800000,9.78500000,9.78500000,9.78500000,9.78500000,0.00000000,1623067859999,0.00000000,0,0.00000000,0.00000000,0
1623067860000,9.79600000,9.79600000,9.79600000,9.79600000,5.10500000,1623067919999,50.00858000,1,5.10500000,50.00858000,0
1623067920000,9.78000000,9.79100000,9.78000000,9.78000000,20.10000000,1623067979999,196.57910000,4,10.10000000,98.77910000,0
1623067980000,9.79300000,9.79300000,9.79300000,9.79300000,2.92100000,1623068039999,28.60535300,2,2.92100000,28.60535300,0
1623068040000,9.77000000,9.77000000,9.76200000,9.76300000,64.34000000,1623068099999,628.39275400,5,0.00000000,0.00000000,0
1623068100000,9.77900000,9.77900000,9.77900000,9.77900000,13.20800000,1623068159999,129.16103200,1,0.00000000,0.00000000,0
1623068160000,9.77900000,9.79300000,9.75900000,9.77000000,166.00100000,1623068219999,1622.80343100,10,36.88200000,360.83007800,0
1623068220000,9.79300000,9.79300000,9.77000000,9.79200000,2392.10900000,1623068279999,23405.51082900,29,1024.20400000,10017.16047300,0
1623068280000,9.78100000,9.79200000,9.78100000,9.79200000,36.04200000,1623068339999,352.81326400,6,36.04200000,352.81326400,0
1623068340000,9.79200000,9.79200000,9.79200000,9.79200000,2.41600000,1623068399999,23.65747200,2,2.41600000,23.65747200,0
1623068400000,9.78200000,9.79200000,9.78200000,9.79200000,93.10700000,1623068459999,911.66374400,6,68.17500000,667.56960000,0
1623068460000,9.79300000,9.79300000,9.78400000,9.79300000,78.50000000,1623068519999,768.66050000,5,68.50000000,670.82050000,0
1623068520000,9.78700000,9.79300000,9.78700000,9.79300000,11.81700000,1623068579999,115.66388100,2,11.81700000,115.66388100,0
1623068580000,9.79300000,9.82600000,9.79300000,9.82600000,241.28800000,1623068639999,2364.72072000,25,241.28800000,2364.72072000,0
1623068640000,9.82700000,9.82700000,9.82200000,9.82600000,348.49500000,1623068699999,3423.30840500,14,348.49500000,3423.30840500,0
1623068700000,9.82400000,9.82400000,9.80500000,9.81700000,18.91900000,1623068759999,185.61565600,3,18.91900000,185.61565600,0
1623068760000,9.80500000,9.80500000,9.80000000,9.80000000,13.15500000,1623068819999,128.96900000,2,0.00000000,0.00000000,0
1623068820000,9.79900000,9.80500000,9.79700000,9.80300000,99.58400000,1623068879999,975.84622800,7,0.18600000,1.82373000,0
1623068880000,9.82200000,9.82600000,9.81600000,9.81600000,107.58000000,1623068939999,1056.92597500,4,107.58000000,1056.92597500,0
1623068940000,9.80100000,9.80900000,9.77100000,9.80900000,1449.17400000,1623068999999,14196.58963100,59,286.87300000,2809.93126700,0
1623069000000,9.79400000,9.79400000,9.79100000,9.79100000,45.52000000,1623069059999,445.73278100,9,0.00000000,0.00000000,0
1623069060000,9.81400000,9.89300000,9.80200000,9.85000000,313.33800000,1623069119999,3084.21073000,36,245.01300000,2410.44148500,0
1623069120000,9.86000000,9.89300000,9.86000000,9.89300000,43.94200000,1623069179999,434.28766600,6,32.13200000,317.84106600,0
1623069180000,9.89300000,9.92400000,9.87500000,9.88900000,536.72200000,1623069239999,5311.93953300,42,177.92500000,1760.81970000,0
1623069240000,9.86100000,9.86300000,9.86100000,9.86300000,15.25100000,1623069299999,150.40531700,2,0.00000000,0.00000000,0
1623069300000,9.86900000,9.90600000,9.86900000,9.90600000,824.29900000,1623069359999,8137.09398100,10,761.24900000,7514.81766000,0
1623069360000,9.86900000,9.86900000,9.86900000,9.86900000,58.52800000,1623069419999,577.61283200,10,23.95500000,236.41189500,0
1623069420000,9.86100000,9.87400000,9.85800000,9.85800000,46.14000000,1623069479999,455.04654200,5,1.12300000,11.07390300,0
1623069480000,9.85100000,9.86900000,9.84200000,9.84200000,590.93600000,1623069539999,5823.08798300,31,138.51400000,1366.87722100,0
1623069540000,9.84000000,9.84300000,9.82200000,9.82200000,59.16900000,1623069599999,581.49499400,7,15.11800000,148.69398400,0
1623069600000,9.83400000,9.83500000,9.83400000,9.83500000,4.06200000,1623069659999,39.94757200,2,4.06200000,39.94757200,0
1623069660000,9.83500000,9.84000000,9.83500000,9.84000000,1137.34900000,1623069719999,11187.25874300,11,13.92400000,136.97038800,0
1623069720000,9.84000000,9.84000000,9.84000000,9.84000000,0.00000000,1623069779999,0.00000000,0,0.00000000,0.00000000,0
1623069780000,9.85200000,9.87000000,9.84800000,9.86700000,1303.67200000,1623069839999,12849.97705700,23,954.59300000,9410.43377000,0
1623069840000,9.86600000,9.86600000,9.86500000,9.86500000,4.00000000,1623069899999,39.46200000,2,2.00000000,19.73200000,0
1623069900000,9.85000000,9.85700000,9.85000000,9.85700000,27.13800000,1623069959999,267.43469800,2,27.13800000,267.43469800,0
1623069960000,9.87000000,9.87000000,9.87000000,9.87000000,9.32900000,1623070019999,92.07723000,2,9.32900000,92.07723000,0
1623070020000,9.87000000,9.88500000,9.86800000,9.86800000,158.46500000,1623070079999,1565.80654700,10,158.46500000,1565.80654700,0
1623070080000,9.86800000,9.86800000,9.86800000,9.86800000,269.42600000,1623070139999,2658.69576800,2,269.42600000,2658.69576800,0
1623070140000,9.88200000,9.88200000,9.85500000,9.85500000,19.75800000,1623070199999,195.17255100,6,16.94300000,167.43072600,0
1623070200000,9.86600000,9.87000000,9.86000000,9.86100000,359.21400000,1623070259999,3543.35552900,16,11.97900000,118.21294000,0
1623070260000,9.86200000,9.86200000,9.83300000,9.83300000,247.64900000,1623070319999,2437.96985300,24,5.69800000,56.19367600,0
1623070320000,9.83300000,9.83300000,9.83300000,9.83300000,41.75000000,1623070379999,410.52775000,2,0.00000000,0.00000000,0
1623070380000,9.84700000,9.84700000,9.84700000,9.84700000,10.47200000,1623070439999,103.11778400,1,0.00000000,0.00000000,0
1623070440000,9.84500000,9.84600000,9.83300000,9.83300000,295.71700000,1623070499999,2908.33644200,6,45.79200000,450.82391700,0
1623070500000,9.84600000,9.84600000,9.84200000,9.84200000,13.97200000,1623070559999,137.52669600,2,3.56800000,35.13052800,0
1623070560000,9.84200000,9.87200000,9.84200000,9.87200000,23.14400000,1623070619999,228.05798800,3,23.14400000,228.05798800,0
1623070620000,9.84300000,9.84300000,9.84300000,9.84300000,14.18900000,1623070679999,139.66232700,2,0.00000000,0.00000000,0
1623070680000,9.84700000,9.86100000,9.84600000,9.86100000,101.59700000,1623070739999,1000.52918700,14,27.99800000,275.84357200,0
1623070740000,9.86100000,9.86100000,9.86100000,9.86100000,0.00000000,1623070799999,0.00000000,0,0.00000000,0.00000000,0
1623070800000,9.89600000,9.89600000,9.89600000,9.89600000,25.26200000,1623070859999,249.99275200,1,25.26200000,249.99275200,0
1623070860000,9.90100000,9.90300000,9.88300000,9.90100000,243.86900000,1623070919999,2414.32276400,19,224.55500000,2223.30730400,0
1623070920000,9.89000000,9.90000000,9.89000000,9.89000000,611.76400000,1623070979999,6050.90449200,20,60.90800000,602.93865200,0
1623070980000,9.88400000,9.88400000,9.85500000,9.85500000,63.59300000,1623071039999,628.13538500,4,0.00000000,0.00000000,0
1623071040000,9.85700000,9.85700000,9.85600000,9.85600000,103.04100000,1623071099999,1015.57315200,3,98.76000000,973.37856000,0
1623071100000,9.87700000,9.87700000,9.87700000,9.87700000,17.61700000,1623071159999,174.00310900,1,0.00000000,0.00000000,0
1623071160000,9.85900000,9.85900000,9.85900000,9.85900000,1.37300000,1623071219999,13.53640700,1,0.00000000,0.00000000,0
1623071220000,9.85300000,9.85300000,9.85300000,9.85300000,1.11600000,1623071279999,10.99594800,1,0.00000000,0.00000000,0
1623071280000,9.87100000,9.87100000,9.85000000,9.85000000,120.96700000,1623071339999,1191.94285700,13,0.00000000,0.00000000,0
1623071340000,9.85600000,9.87700000,9.85600000,9.87700000,110.55200000,1623071399999,1091.66918600,6,101.25100000,999.99102700,0
1623071400000,9.87700000,9.87700000,9.87700000,9.87700000,0.00000000,1623071459999,0.00000000,0,0.00000000,0.00000000,0
1623071460000,9.85500000,9.85500000,9.84700000,9.84700000,14.40000000,1623071519999,141.81113600,5,0.00000000,0.00000000,0
1623071520000,9.84800000,9.88400000,9.84700000,9.88400000,367.98100000,1623071579999,3632.26552800,32,291.79000000,2881.68984200,0
1623071580000,9.88400000,9.88400000,9.88400000,9.88400000,0.00000000,1623071639999,0.00000000,0,0.00000000,0.00000000,0
1623071640000,9.88400000,9.88400000,9.88400000,9.88400000,1.21500000,1623071699999,12.00906000,2,1.21500000,12.00906000,0
1623071700000,9.88400000,9.88400000,9.88400000,9.88400000,0.00000000,1623071759999,0.00000000,0,0.00000000,0.00000000,0
1623071760000,9.86200000,9.87100000,9.86200000,9.87100000,17.40700000,1623071819999,171.79354600,3,13.96800000,137.87812800,0
1623071820000,9.87100000,9.87100000,9.87100000,9.87100000,0.00000000,1623071879999,0.00000000,0,0.00000000,0.00000000,0
1623071880000,9.85300000,9.85300000,9.84500000,9.84500000,92.49900000,1623071939999,911.31528000,9,75.69900000,745.86224700,0
1623071940000,9.84200000,9.84500000,9.83500000,9.84500000,104.64700000,1623071999999,1029.56398500,5,0.00000000,0.00000000,0
1623072000000,9.85000000,9.85000000,9.85000000,9.85000000,26.00200000,1623072059999,256.11970000,5,26.00200000,256.11970000,0
1623072060000,9.84200000,9.84200000,9.84200000,9.84200000,13.91400000,1623072119999,136.94158800,1,0.00000000,0.00000000,0
1623072120000,9.83400000,9.83400000,9.83400000,9.83400000,49.89300000,1623072179999,490.64776200,4,37.99200000,373.61332800,0
1623072180000,9.83300000,9.83700000,9.82000000,9.83400000,238.25100000,1623072239999,2341.67003800,10,0.00000000,0.00000000,0
1623072240000,9.83600000,9.83600000,9.80500000,9.80500000,32.20800000,1623072299999,316.41494500,6,18.34000000,180.39224000,0
1623072300000,9.80500000,9.80500000,9.80500000,9.80500000,0.00000000,1623072359999,0.00000000,0,0.00000000,0.00000000,0
1623072360000,9.81000000,9.82100000,9.80900000,9.82100000,28.80000000,1623072419999,282.55418400,7,4.58200000,44.99568100,0
1623072420000,9.82100000,9.82100000,9.78000000,9.78000000,194.41700000,1623072479999,1904.97466800,11,14.28200000,140.25012200,0
1623072480000,9.78800000,9.78800000,9.78800000,9.78800000,6.58000000,1623072539999,64.40504000,2,0.00000000,0.00000000,0
1623072540000,9.78800000,9.78800000,9.78800000,9.78800000,1.91700000,1623072599999,18.76359600,1,0.00000000,0.00000000,0
1623072600000,9.79600000,9.79600000,9.78800000,9.78800000,105.39400000,1623072659999,1031.69398400,4,93.07900000,911.05725200,0
1623072660000,9.79800000,9.79800000,9.79800000,9.79800000,54.74000000,1623072719999,536.34252000,2,54.74000000,536.34252000,0
1623072720000,9.78000000,9.78400000,9.78000000,9.78400000,33.03300000,1623072779999,323.10490400,4,0.00000000,0.00000000,0
1623072780000,9.78000000,9.78400000,9.78000000,9.78400000,42.59900000,1623072839999,416.62353200,2,42.59900000,416.62353200,0
1623072840000,9.79500000,9.79500000,9.77200000,9.79300000,91.73100000,1623072899999,896.65576300,5,10.46600000,102.49753800,0
1623072900000,9.78900000,9.78900000,9.75800000,9.75800000,286.19300000,1623072959999,2794.53866600,24,2.04400000,20.00871600,0
1623072960000,9.78600000,9.78600000,9.78200000,9.78200000,13.63800000,1623073019999,133.41120400,2,1.07200000,10.49059200,0
1623073020000,9.79000000,9.99500000,9.78900000,9.90300000,8595.38900000,1623073079999,84972.68373100,157,7952.81700000,78608.44341200,0
1623073080000,9.90000000,9.95800000,9.89900000,9.93600000,799.25600000,1623073139999,7936.92134600,92,613.53800000,6093.75831600,0
1623073140000,9.93700000,9.96500000,9.90100000,9.94600000,420.46200000,1623073199999,4179.23187800,31,287.48200000,2859.77103600,0
1623073200000,9.96200000,9.96200000,9.95800000,9.95800000,412.90100000,1623073259999,4112.64003700,37,135.82900000,1352.87689600,0
1623073260000,9.96000000,9.96100000,9.95800000,9.96000000,308.51200000,1623073319999,3072.72512500,6,193.16500000,1923.92340000,0
1623073320000,9.97300000,9.99900000,9.94600000,9.94600000,1280.12700000,1623073379999,12788.71828700,47,339.25100000,3390.45171300,0
1623073380000,9.93000000,9.96400000,9.93000000,9.94700000,1641.21200000,1623073439999,16323.55180600,13,13.38100000,133.32828400,0
1623073440000,9.99100000,9.99800000,9.95600000,9.95600000,471.76300000,1623073499999,4710.83011800,25,341.60700000,3412.86322200,0
1623073500000,9.96600000,9.97900000,9.95600000,9.96700000,83.09400000,1623073559999,827.71549000,10,11.32300000,112.86849700,0
1623073560000,9.94700000,9.94700000,9.91100000,9.91100000,149.93000000,1623073619999,1489.02137300,18,0.00000000,0.00000000,0
1623073620000,9.94600000,9.94900000,9.90400000,9.93400000,191.03200000,1623073679999,1896.98510700,19,80.00000000,795.75061900,0
1623073680000,9.93700000,9.94500000,9.90500000,9.94500000,53.07500000,1623073739999,526.48369000,6,39.54800000,392.37448500,0
1623073740000,9.94400000,9.94900000,9.92800000,9.92800000,217.27000000,1623073799999,2158.97328700,18,94.38500000,938.92870200,0
1623073800000,9.94600000,9.95000000,9.92700000,9.92900000,256.13400000,1623073859999,2547.90667200,6,250.13200000,2488.31708000,0
1623073860000,9.95000000,9.95800000,9.94500000,9.94600000,30.00100000,1623073919999,298.39162400,4,19.17900000,190.75601200,0
1623073920000,9.94500000,9.94500000,9.91000000,9.91000000,171.90000000,1623073979999,1706.75049200,6,0.00000000,0.00000000,0
1623073980000,9.92800000,9.94100000,9.89000000,9.89000000,1209.04100000,1623074039999,11992.68151100,21,566.05700000,5618.52210600,0
1623074040000,9.88900000,9.92000000,9.88800000,9.89000000,2344.39100000,1623074099999,23186.25038400,22,2311.23200000,22857.95310400,0
1623074100000,9.89000000,9.92000000,9.89000000,9.90000000,12.11600000,1623074159999,119.95834000,3,2.01500000,19.95844000,0
1623074160000,9.89400000,9.89400000,9.85800000,9.86000000,176.06200000,1623074219999,1738.94102800,21,0.00000000,0.00000000,0
1623074220000,9.86000000,9.87100000,9.80300000,9.82400000,995.50400000,1623074279999,9783.31793100,39,3.76800000,37.19392800,0
1623074280000,9.81400000,9.81800000,9.81400000,9.81800000,351.39000000,1623074339999,3448.99590000,4,351.39000000,3448.99590000,0
1623074340000,9.83300000,9.83300000,9.83300000,9.83300000,33.64600000,1623074399999,330.84111800,3,33.64600000,330.84111800,0
1623074400000,9.83000000,9.83000000,9.79900000,9.82100000,239.72500000,1623074459999,2351.49854600,7,7.65100000,75.14047100,0
1623074460000,9.81200000,9.81200000,9.76300000,9.76300000,106.14600000,1623074519999,1038.00615500,5,0.00000000,0.00000000,0
1623074520000,9.76400000,9.76400000,9.75700000,9.75700000,225.49500000,1623074579999,2201.10945900,4,0.00000000,0.00000000,0
1623074580000,9.77700000,9.77900000,9.77700000,9.77900000,124.76400000,1623074639999,1219.91068200,7,124.76400000,1219.91068200,0
1623074640000,9.77900000,9.77900000,9.75000000,9.77300000,381.51500000,1623074699999,3721.18351100,13,189.19200000,1844.62200000,0
1623074700000,9.77700000,9.79900000,9.77700000,9.79900000,67.39600000,1623074759999,660.15868000,8,67.39600000,660.15868000,0
1623074760000,9.79900000,9.79900000,9.79900000,9.79900000,0.00000000,1623074819999,0.00000000,0,0.00000000,0.00000000,0
1623074820000,9.77200000,9.79300000,9.77100000,9.79300000,70.01600000,1623074879999,684.35090000,4,10.23800000,100.21806200,0
1623074880000,9.79200000,9.80000000,9.76500000,9.79700000,1949.98400000,1623074939999,19103.76964000,18,404.67500000,3963.70558900,0
1623074940000,9.76800000,9.76800000,9.76800000,9.76800000,39.98600000,1623074999999,390.58324800,2,0.00000000,0.00000000,0
1623075000000,9.77100000,9.77100000,9.76700000,9.76700000,37.49500000,1623075059999,366.25654100,3,0.00000000,0.00000000,0
1623075060000,9.76500000,9.76500000,9.76500000,9.76500000,38.68900000,1623075119999,377.79808500,3,38.68900000,377.79808500,0
1623075120000,9.76500000,9.77400000,9.76500000,9.77400000,61.62300000,1623075179999,601.90983900,2,61.62300000,601.90983900,0
1623075180000,9.79800000,9.79900000,9.79800000,9.79900000,64.56800000,1623075239999,632.64130200,14,56.51100000,553.69881600,0
1623075240000,9.79800000,9.80000000,9.79800000,9.80000000,59.09800000,1623075299999,579.12345400,4,59.09800000,579.12345400,0
1623075300000,9.80000000,9.80500000,9.80000000,9.80500000,84.56000000,1623075359999,829.01285300,12,84.56000000,829.01285300,0
1623075360000,9.78000000,9.78000000,9.76000000,9.76000000,48.65300000,1623075419999,475.12606400,6,0.00000000,0.00000000,0
1623075420000,9.77100000,9.81000000,9.76000000,9.81000000,163.68000000,1623075479999,1600.83665800,15,64.32800000,630.96640500,0
1623075480000,9.77500000,9.80700000,9.77500000,9.80700000,423.37600000,1623075539999,4138.89364800,14,372.33800000,3639.99719800,0
1623075540000,9.77900000,9.78000000,9.77900000,9.78000000,163.51200000,1623075599999,1599.09892900,16,0.00000000,0.00000000,0
1623075600000,9.78100000,9.79200000,9.77900000,9.78100000,405.66300000,1623075659999,3968.01841600,9,286.18900000,2799.48182000,0
1623075660000,9.78100000,9.78100000,9.78100000,9.78100000,0.00000000,1623075719999,0.00000000,0,0.00000000,0.00000000,0
1623075720000,9.78000000,9.83900000,9.77900000,9.83900000,1398.61300000,1623075779999,13689.78851400,21,1387.53100000,13581.41329900,0
1623075780000,9.83700000,9.84600000,9.82200000,9.82200000,66.49300000,1623075839999,653.97502200,11,66.49300000,653.97502200,0
1623075840000,9.82400000,9.82800000,9.81500000,9.82800000,60.00400000,1623075899999,589.19391500,5,1.05300000,10.34888400,0
1623075900000,9.82000000,9.83600000,9.81000000,9.81000000,13.00000000,1623075959999,127.77558400,5,13.00000000,127.77558400,0
1623075960000,9.81000000,9.81000000,9.81000000,9.81000000,0.00000000,1623076019999,0.00000000,0,0.00000000,0.00000000,0
1623076020000,9.81400000,9.83900000,9.81400000,9.82300000,53.28000000,1623076079999,523.60104000,4,33.44000000,328.73072000,0
1623076080000,9.84500000,9.84500000,9.83700000,9.83700000,2.49700000,1623076139999,24.57274100,2,2.49700000,24.57274100,0
1623076140000,9.83700000,9.83700000,9.83700000,9.83700000,0.00000000,1623076199999,0.00000000,0,0.00000000,0.00000000,0
1623076200000,9.81600000,9.81600000,9.80700000,9.80700000,356.22900000,1623076259999,3494.74938900,16,0.00000000,0.00000000,0
1623076260000,9.82100000,9.82100000,9.73300000,9.74900000,1055.19500000,1623076319999,10310.18591000,28,28.28200000,277.75359600,0
1623076320000,9.75000000,9.77400000,9.75000000,9.77400000,131.88900000,1623076379999,1286.52909200,3,21.10000000,206.23140000,0
1623076380000,9.78600000,9.79500000,9.76200000,9.79200000,638.29800000,1623076439999,6235.85244400,24,140.48700000,1375.10577500,0
1623076440000,9.80200000,9.80400000,9.78300000,9.78300000,46.87000000,1623076499999,459.45495300,7,44.75500000,438.76390800,0
1623076500000,9.78300000,9.78300000,9.77600000,9.77600000,434.42100000,1623076559999,4249.72693200,8,376.71200000,3685.37349600,0
1623076560000,9.75800000,9.77500000,9.71000000,9.71100000,1179.90100000,1623076619999,11459.30656200,32,619.28500000,6013.80969800,0
1623076620000,9.74100000,9.74200000,9.71800000,9.72000000,144.01100000,1623076679999,1400.42406300,8,36.94100000,359.79331300,0
1623076680000,9.71900000,9.71900000,9.69600000,9.69600000,653.93600000,1623076739999,6344.03412100,17,84.12700000,816.80036300,0
1623076740000,9.69900000,9.69900000,9.68000000,9.68100000,262.91200000,1623076799999,2545.59600700,16,182.29500000,1765.10627900,0
1623076800000,9.68200000,9.69100000,9.64500000,9.64500000,2518.54900000,1623076859999,24318.73080500,42,15.66900000,151.73049200,0
1623076860000,9.67400000,9.68800000,9.65900000,9.67400000,64.93200000,1623076919999,628.56461200,10,46.80400000,453.04320800,0
1623076920000,9.68800000,9.69300000,9.66700000,9.66700000,17.59700000,1623076979999,170.46529100,6,15.78200000,152.91968600,0
1623076980000,9.69200000,9.71500000,9.68700000,9.71500000,399.14100000,1623077039999,3867.90081100,21,311.44100000,3018.28321100,0
1623077040000,9.68400000,9.70800000,9.68400000,9.69100000,147.51000000,1623077099999,1431.56904400,14,61.76600000,599.45089400,0
1623077100000,9.68100000,9.68100000,9.68100000,9.68100000,51.20000000,1623077159999,495.66720000,2,0.00000000,0.00000000,0
1623077160000,9.67700000,9.68000000,9.67100000,9.67100000,38.03400000,1623077219999,368.02836600,3,25.83400000,249.99561800,0
1623077220000,9.66600000,9.66600000,9.63800000,9.63800000,19.37800000,1623077279999,186.98780600,4,0.00000000,0.00000000,0
1623077280000,9.65200000,9.66500000,9.64000000,9.65900000,260.67300000,1623077339999,2514.52311600,19,74.85600000,722.42133900,0
1623077340000,9.66100000,9.66100000,9.66100000,9.66100000,20.00000000,1623077399999,193.22000000,4,20.00000000,193.22000000,0
1623077400000,9.65900000,9.66100000,9.65900000,9.65900000,298.95400000,1623077459999,2887.65241900,17,2.00400000,19.36064400,0
1623077460000,9.66000000,9.66000000,9.65900000,9.65900000,452.46500000,1623077519999,4370.36978800,7,0.00000000,0.00000000,0
1623077520000,9.64800000,9.66600000,9.62900000,9.66600000,358.35300000,1623077579999,3460.12589600,25,327.55300000,3163.25269600,0
1623077580000,9.67600000,9.69400000,9.67000000,9.69400000,42.23300000,1623077639999,409.01913200,6,32.10300000,311.06203200,0
1623077640000,9.72100000,9.74800000,9.71200000,9.71200000,158.09900000,1623077699999,1538.54538400,10,156.96800000,1527.56111200,0
1623077700000,9.73600000,9.74200000,9.72600000,9.74200000,103.72700000,1623077759999,1009.69838400,4,2.05200000,19.99058400,0
1623077760000,9.72800000,9.73700000,9.72400000,9.72400000,101.05600000,1623077819999,983.13233600,6,95.15400000,925.74128800,0
1623077820000,9.73900000,9.73900000,9.71900000,9.71900000,100.77000000,1623077879999,979.89678800,8,4.06700000,39.60851300,0
1623077880000,9.72300000,9.72300000,9.69200000,9.69500000,216.08200000,1623077939999,2098.48142400,10,67.80000000,657.32100000,0
1623077940000,9.69800000,9.72400000,9.68600000,9.71500000,736.59200000,1623077999999,7152.10272000,15,612.85200000,5949.68144400,0
1623078000000,9.69600000,9.69600000,9.68000000,9.68000000,100.84700000,1623078059999,976.29835400,5,0.00000000,0.00000000,0
1623078060000,9.68000000,9.68000000,9.68000000,9.68000000,0.00000000,1623078119999,0.00000000,0,0.00000000,0.00000000,0
1623078120000,9.66200000,9.66200000,9.65000000,9.65000000,121.14700000,1623078179999,1169.18995400,5,109.54700000,1057.12855000,0
1623078180000,9.65000000,9.65000000,9.65000000,9.65000000,0.00000000,1623078239999,0.00000000,0,0.00000000,0.00000000,0
1623078240000,9.67200000,9.67200000,9.67200000,9.67200000,1.48300000,1623078299999,14.34357600,1,1.48300000,14.34357600,0
1623078300000,9.68000000,9.69200000,9.68000000,9.69200000,45.81300000,1623078359999,443.51625600,2,3.86800000,37.48865600,0
1623078360000,9.70300000,9.70300000,9.68600000,9.68600000,20.38400000,1623078419999,197.46217000,2,20.38400000,197.46217000,0
1623078420000,9.68100000,9.69100000,9.67700000,9.67700000,142.42300000,1623078479999,1379.66513800,8,115.05900000,1114.85749400,0
1623078480000,9.69100000,9.71700000,9.69100000,9.71700000,41.80300000,1623078539999,405.37807300,4,41.80300000,405.37807300,0
1623078540000,9.71700000,9.71700000,9.71700000,9.71700000,0.00000000,1623078599999,0.00000000,0,0.00000000,0.00000000,0
1623078600000,9.70500000,9.70500000,9.70500000,9.70500000,13.86900000,1623078659999,134.59864500,1,13.86900000,134.59864500,0
1623078660000,9.69000000,9.69000000,9.69000000,9.69000000,1.99800000,1623078719999,19.36062000,1,0.00000000,0.00000000,0
1623078720000,9.68800000,9.71100000,9.68800000,9.69000000,892.10700000,1623078779999,8644.67845000,8,821.01700000,7955.82273000,0
1623078780000,9.70200000,9.70200000,9.70200000,9.70200000,17.97200000,1623078839999,174.36434400,1,0.00000000,0.00000000,0
1623078840000,9.70200000,9.70200000,9.70200000,9.70200000,0.00000000,1623078899999,0.00000000,0,0.00000000,0.00000000,0
1623078900000,9.73000000,9.74600000,9.73000000,9.74000000,26.37100000,1623078959999,256.79657700,5,25.33100000,246.66697700,0
1623078960000,9.74000000,9.74000000,9.70800000,9.70800000,557.74600000,1623079019999,5432.25684000,6,0.00000000,0.00000000,0
1623079020000,9.70800000,9.70800000,9.70800000,9.70800000,30.86800000,1623079079999,299.66654400,2,11.96800000,116.18534400,0
1623079080000,9.70800000,9.70800000,9.70800000,9.70800000,53.14100000,1623079139999,515.89282800,1,53.14100000,515.89282800,0
1623079140000,9.71600000,9.73600000,9.71600000,9.73600000,30.21800000,1623079199999,293.74815200,4,12.70000000,123.54326400,0
1623079200000,9.71900000,9.71900000,9.69500000,9.70500000,758.81700000,1623079259999,7367.04904800,13,0.00000000,0.00000000,0
1623079260000,9.68900000,9.71000000,9.68900000,9.71000000,21.99500000,1623079319999,213.48127600,2,0.00000000,0.00000000,0
1623079320000,9.70500000,9.72900000,9.70500000,9.72900000,12.38200000,1623079379999,120.39843300,3,10.28000000,99.99852300,0
1623079380000,9.73600000,9.77400000,9.73600000,9.75600000,253.60800000,1623079439999,2472.90622700,17,249.96900000,2437.36657700,0
1623079440000,9.75600000,9.75600000,9.75600000,9.75600000,0.00000000,1623079499999,0.00000000,0,0.00000000,0.00000000,0
1623079500000,9.75600000,9.76400000,9.75600000,9.76400000,26.15400000,1623079559999,255.34632000,4,12.42100000,121.27864400,0
1623079560000,9.77100000,9.77100000,9.77100000,9.77100000,1.12600000,1623079619999,11.00214600,1,1.12600000,11.00214600,0
1623079620000,9.77100000,9.77100000,9.77100000,9.77100000,0.00000000,1623079679999,0.00000000,0,0.00000000,0.00000000,0
1623079680000,9.75000000,9.75000000,9.75000000,9.75000000,1.07900000,1623079739999,10.52025000,1,0.00000000,0.00000000,0
1623079740000,9.76200000,9.76200000,9.75900000,9.76000000,19.75600000,1623079799999,192.82369900,3,7.65200000,74.69882400,0
1623079800000,9.75100000,9.75100000,9.72300000,9.72300000,187.80100000,1623079859999,1830.92171700,13,0.00000000,0.00000000,0
1623079860000,9.72300000,9.72300000,9.70800000,9.72000000,400.15100000,1623079919999,3889.82954500,16,68.00000000,660.96000000,0
1623079920000,9.73400000,9.73500000,9.72000000,9.73500000,111.64500000,1623079979999,1086.69879800,4,0.00000000,0.00000000,0
1623079980000,9.72200000,9.72200000,9.71900000,9.71900000,12.76000000,1623080039999,124.04528000,3,0.00000000,0.00000000,0
1623080040000,9.72200000,9.72200000,9.71900000,9.71900000,280.67700000,1623080099999,2728.33313200,6,1.22400000,11.89605600,0
1623080100000,9.71900000,9.73100000,9.71900000,9.72100000,37.20100000,1623080159999,361.80256100,7,19.66000000,191.28650000,0
1623080160000,9.72000000,9.73300000,9.72000000,9.73300000,463.99600000,1623080219999,4512.37797900,22,463.99600000,4512.37797900,0
1623080220000,9.73300000,9.73300000,9.73300000,9.73300000,23.98800000,1623080279999,233.47520400,1,23.98800000,233.47520400,0
1623080280000,9.73200000,9.73200000,9.73200000,9.73200000,10.61800000,1623080339999,103.33437600,1,10.61800000,103.33437600,0
1623080340000,9.73200000,9.73200000,9.73200000,9.73200000,0.00000000,1623080399999,0.00000000,0,0.00000000,0.00000000,0
1623080400000,9.73900000,9.79400000,9.73900000,9.79400000,855.40300000,1623080459999,8343.49342000,28,826.80000000,8064.90968800,0
1623080460000,9.79400000,9.79400000,9.77200000,9.77200000,18.40800000,1623080519999,179.98215800,3,18.40800000,179.98215800,0
1623080520000,9.77200000,9.77200000,9.76000000,9.76000000,107.11500000,1623080579999,1046.05239100,18,45.14400000,441.14716800,0
1623080580000,9.76000000,9.76000000,9.73300000,9.73300000,184.91000000,1623080639999,1803.42670500,7,0.00000000,0.00000000,0
1623080640000,9.73700000,9.73700000,9.73500000,9.73500000,14.13800000,1623080699999,137.65343000,2,0.00000000,0.00000000,0
1623080700000,9.73500000,9.73500000,9.73500000,9.73500000,0.00000000,1623080759999,0.00000000,0,0.00000000,0.00000000,0
1623080760000,9.74300000,9.76400000,9.74300000,9.76400000,99.26100000,1623080819999,967.51114400,4,99.26100000,967.51114400,0
1623080820000,9.76100000,9.76100000,9.76000000,9.76000000,109.52600000,1623080879999,1069.02609000,12,0.00000000,0.00000000,0
1623080880000,9.76000000,9.76000000,9.76000000,9.76000000,0.00000000,1623080939999,0.00000000,0,0.00000000,0.00000000,0
1623080940000,9.76200000,9.77300000,9.76200000,9.76300000,593.51600000,1623080999999,5796.71194300,19,25.58000000,249.99334000,0
1623081000000,9.76700000,9.76700000,9.73400000,9.74100000,657.04700000,1623081059999,6414.19577600,22,285.62900000,2788.57085800,0
1623081060000,9.74100000,9.74100000,9.74100000,9.74100000,0.00000000,1623081119999,0.00000000,0,0.00000000,0.00000000,0
1623081120000,9.74000000,9.74000000,9.73000000,9.73000000,213.86000000,1623081179999,2082.74162400,8,0.00000000,0.00000000,0
1623081180000,9.72500000,9.72500000,9.69400000,9.69400000,95.80900000,1623081239999,929.56933200,4,0.00000000,0.00000000,0
1623081240000,9.70400000,9.70400000,9.70400000,9.70400000,13.95100000,1623081299999,135.38050400,1,0.00000000,0.00000000,0
1623081300000,9.69800000,9.69800000,9.68400000,9.68400000,12.16700000,1623081359999,117.94309100,4,7.64600000,74.11829900,0
1623081360000,9.69000000,9.69300000,9.68400000,9.68400000,105.32800000,1623081419999,1020.58036200,4,0.00000000,0.00000000,0
1623081420000,9.68400000,9.68400000,9.68400000,9.68400000,0.00000000,1623081479999,0.00000000,0,0.00000000,0.00000000,0
1623081480000,9.68600000,9.68600000,9.68500000,9.68500000,102.37200000,1623081539999,991.54052000,2,34.67200000,335.79832000,0
1623081540000,9.70500000,9.70500000,9.70500000,9.70500000,3.82600000,1623081599999,37.13133000,1,0.00000000,0.00000000,0
1623081600000,9.72200000,9.74100000,9.72200000,9.73000000,41.62100000,1623081659999,404.75101900,10,34.09200000,331.54655200,0
1623081660000,9.72100000,9.72100000,9.68700000,9.68700000,230.95000000,1623081719999,2237.56678600,13,154.87400000,1500.26443800,0
1623081720000,9.68200000,9.68200000,9.68000000,9.68000000,3.06000000,1623081779999,29.62432000,2,0.00000000,0.00000000,0
1623081780000,9.68500000,9.69800000,9.68400000,9.68400000,85.54000000,1623081839999,828.75266000,5,26.41100000,256.12356700,0
1623081840000,9.69200000,9.72200000,9.69200000,9.70900000,243.58800000,1623081899999,2362.90207300,7,230.71000000,2238.04983900,0
1623081900000,9.71100000,9.75000000,9.71100000,9.73900000,33.77000000,1623081959999,328.79881000,4,17.80000000,173.44380000,0
1623081960000,9.76000000,9.78100000,9.76000000,9.78100000,408.25600000,1623082019999,3991.83492500,45,408.25600000,3991.83492500,0
1623082020000,9.78100000,9.80100000,9.77600000,9.78800000,345.49700000,1623082079999,3383.33543500,22,278.23800000,2724.65860900,0
1623082080000,9.79500000,9.82700000,9.79500000,9.81500000,120.90600000,1623082139999,1186.74177100,9,53.66000000,526.73384100,0
1623082140000,9.82300000,9.84800000,9.82300000,9.84800000,231.24000000,1623082199999,2273.84142000,9,176.84000000,1739.47022000,0
1623082200000,9.83800000,9.85000000,9.83700000,9.84200000,20.48300000,1623082259999,201.57953700,6,2.14300000,21.10855000,0
1623082260000,9.84200000,9.84400000,9.84200000,9.84400000,418.48300000,1623082319999,4118.72593800,4,8.12600000,79.99234400,0
1623082320000,9.82800000,9.83800000,9.82800000,9.82800000,26.68500000,1623082379999,262.32191000,3,10.33900000,101.61169200,0
1623082380000,9.82800000,9.83300000,9.81000000,9.81200000,249.36000000,1623082439999,2448.83513200,14,28.78200000,282.96740600,0
1623082440000,9.82500000,9.82500000,9.82000000,9.82000000,5.71100000,1623082499999,56.10307500,2,0.00000000,0.00000000,0
1623082500000,9.81100000,9.84100000,9.81100000,9.81800000,162.71400000,1623082559999,1596.98810200,9,21.44700000,210.63536500,0
1623082560000,9.82400000,9.82400000,9.82100000,9.82100000,59.17400000,1623082619999,581.17880800,2,0.00000000,0.00000000,0
1623082620000,9.83000000,9.86000000,9.83000000,9.84700000,1453.43900000,1623082679999,14291.23288300,20,1406.97400000,13833.49144800,0
1623082680000,9.85800000,9.87300000,9.85300000,9.86500000,378.41700000,1623082739999,3732.58722200,15,295.12300000,2911.88584000,0
1623082740000,9.86500000,9.89300000,9.86500000,9.87100000,636.39900000,1623082799999,6285.29393000,17,581.89900000,5747.48793000,0
1623082800000,9.85900000,9.87300000,9.85600000,9.87300000,1224.67000000,1623082859999,12090.33130300,15,299.98000000,2961.70254000,0
1623082860000,9.86100000,9.88100000,9.85900000,9.87500000,1223.75700000,1623082919999,12087.60617300,19,1038.16200000,10257.56990000,0
1623082920000,9.87500000,9.88900000,9.87500000,9.88000000,446.07800000,1623082979999,4411.05892600,8,17.55100000,173.56183900,0
1623082980000,9.89900000,9.98500000,9.89900000,9.95400000,2188.98200000,1623083039999,21778.47128800,123,1399.17800000,13917.68877400,0
1623083040000,9.96200000,9.97400000,9.96200000,9.97400000,127.10000000,1623083099999,1266.65617700,10,13.89100000,138.53661900,0
1623083100000,9.96000000,10.00000000,9.94800000,9.94800000,4263.06300000,1623083159999,42535.83457800,98,2932.13100000,29290.34403500,0
1623083160000,9.94700000,10.00000000,9.87700000,9.99300000,3434.40400000,1623083219999,34130.85335600,101,1370.05200000,13615.18996100,0
1623083220000,9.94100000,9.98200000,9.94100000,9.96400000,1526.11500000,1623083279999,15195.63431600,36,1100.41900000,10957.00128500,0
1623083280000,9.94200000,10.05500000,9.93200000,10.05000000,1594.28300000,1623083339999,15959.73869800,80,1380.02400000,13830.75774000,0
1623083340000,10.04100000,10.04100000,9.99400000,10.02400000,1584.45500000,1623083399999,15887.41243400,66,949.12700000,9524.79185900,0
1623083400000,10.02000000,10.02000000,9.99100000,10.01400000,65.17900000,1623083459999,652.52575600,6,60.52900000,606.05090200,0
1623083460000,9.99800000,10.01300000,9.99600000,10.01300000,499.61300000,1623083519999,4996.56918000,41,139.05100000,1391.45025400,0
1623083520000,10.01200000,10.03600000,10.00400000,10.02500000,913.49900000,1623083579999,9151.66591400,39,552.10800000,5532.59891900,0
1623083580000,10.03600000,10.08500000,10.02900000,10.06100000,2084.10200000,1623083639999,20963.50742000,136,854.24300000,8592.56879500,0
1623083640000,10.05900000,10.07200000,10.05900000,10.07200000,117.53400000,1623083699999,1182.94244700,11,63.13400000,635.73284700,0
1623083700000,10.06800000,10.06800000,10.04200000,10.05700000,162.67500000,1623083759999,1637.51612100,12,34.44300000,346.69242900,0
1623083760000,10.05000000,10.05700000,10.03800000,10.05700000,292.89900000,1623083819999,2943.59323300,31,130.57200000,1313.00157100,0
1623083820000,10.05700000,10.05700000,10.02900000,10.03900000,843.19000000,1623083879999,8469.62076500,45,457.80300000,4599.75984300,0
1623083880000,10.03900000,10.06800000,10.03800000,10.06300000,784.00900000,1623083939999,7878.56770600,59,733.11800000,7366.72695900,0
1623083940000,10.06800000,10.06800000,10.02400000,10.03400000,320.25400000,1623083999999,3216.48189000,20,126.74900000,1275.06524100,0
1623084000000,10.03400000,10.05400000,10.03400000,10.05400000,534.77500000,1623084059999,5374.53719400,31,512.29200000,5148.85655600,0
1623084060000,10.03500000,10.06400000,10.03500000,10.04100000,246.76100000,1623084119999,2480.05222500,22,56.09400000,564.34203600,0
1623084120000,10.04100000,10.05100000,10.02700000,10.04800000,2552.79700000,1623084179999,25616.23028100,119,2088.20400000,20955.70753700,0
1623084180000,10.04800000,10.06300000,10.03900000,10.03900000,213.98800000,1623084239999,2150.43174800,22,108.73900000,1093.31771700,0
1623084240000,10.04300000,10.04700000,10.04300000,10.04700000,75.34100000,1623084299999,756.78310900,4,17.36600000,174.45883600,0
1623084300000,10.06200000,10.06900000,10.05700000,10.05800000,192.18300000,1623084359999,1933.15598400,11,20.90000000,210.39243400,0
1623084360000,10.05800000,10.07500000,10.05800000,10.07500000,124.84600000,1623084419999,1256.82527200,10,35.84600000,360.91677200,0
1623084420000,10.07400000,10.07400000,10.06600000,10.06700000,134.29400000,1623084479999,1352.12245500,12,39.87100000,401.60701400,0
1623084480000,10.06600000,10.06900000,10.05000000,10.06900000,357.75100000,1623084539999,3600.31332900,33,190.21000000,1914.13004900,0
1623084540000,10.06900000,10.07800000,10.04700000,10.05000000,1338.49300000,1623084599999,13482.25719100,17,308.89600000,3109.42416800,0
1623084600000,10.06200000,10.06500000,10.01800000,10.02500000,1778.63600000,1623084659999,17848.76386400,75,229.69100000,2308.42429500,0
1623084660000,10.02900000,10.04700000,10.00800000,10.04500000,1062.25200000,1623084719999,10641.48265100,60,215.75500000,2163.30512800,0
1623084720000,10.02600000,10.06400000,10.02600000,10.06400000,116.76300000,1623084779999,1173.92596000,12,110.97700000,1115.91552400,0
1623084780000,10.04700000,10.04700000,9.99900000,10.02900000,447.71400000,1623084839999,4482.85397700,21,207.13900000,2071.47410000,0
1623084840000,10.02100000,10.03400000,9.99800000,10.01600000,297.19700000,1623084899999,2978.07933600,21,75.53600000,757.64767800,0
1623084900000,10.01800000,10.02400000,9.99600000,10.02400000,352.20400000,1623084959999,3526.46792000,7,19.95200000,199.99884800,0
1623084960000,10.00200000,10.00800000,9.90100000,9.96100000,2963.08100000,1623085019999,29459.08407000,84,110.38200000,1100.65541700,0
1623085020000,9.96000000,9.97200000,9.94400000,9.97200000,108.13900000,1623085079999,1076.55831300,9,48.72600000,485.70132800,0
1623085080000,9.94700000,9.96400000,9.91300000,9.96000000,780.08300000,1623085139999,7765.92708700,46,570.89800000,5686.20756500,0
1623085140000,9.94300000,9.97800000,9.94300000,9.97800000,972.36400000,1623085199999,9685.94340400,46,865.03200000,8617.86672100,0
1623085200000,9.96900000,9.96900000,9.92700000,9.92900000,99.03900000,1623085259999,986.16259900,8,4.64200000,46.24916600,0
1623085260000,9.93600000,9.94600000,9.92900000,9.94500000,37.65600000,1623085319999,374.21723300,8,26.12300000,259.63450100,0
1623085320000,9.93200000,9.93500000,9.90100000,9.93500000,256.39200000,1623085379999,2543.09153300,17,107.38900000,1065.38787900,0
1623085380000,9.91200000,9.91200000,9.91200000,9.91200000,36.13200000,1623085439999,358.14038400,2,0.00000000,0.00000000,0
1623085440000,9.90100000,9.91800000,9.90100000,9.91200000,371.31700000,1623085499999,3679.46298500,20,253.66500000,2514.58563200,0
1623085500000,9.90300000,9.95700000,9.90300000,9.94300000,904.63600000,1623085559999,8975.15801600,50,837.48500000,8307.92748800,0
1623085560000,9.93500000,9.95000000,9.93000000,9.95000000,73.43400000,1623085619999,730.30121800,17,62.97800000,626.42227300,0
1623085620000,9.95500000,9.96400000,9.94400000,9.95200000,368.15000000,1623085679999,3665.25647300,30,260.96800000,2599.17475500,0
1623085680000,9.94000000,9.94600000,9.92900000,9.93100000,369.87800000,1623085739999,3673.87201000,16,86.04700000,854.63930100,0
1623085740000,9.93000000,9.96200000,9.93000000,9.94900000,608.55100000,1623085799999,6046.97585300,20,423.64000000,4209.15267900,0
1623085800000,9.96100000,9.99200000,9.96100000,9.99200000,162.13500000,1623085859999,1617.34203600,22,162.13500000,1617.34203600,0
1623085860000,10.00000000,10.08100000,10.00000000,10.07600000,771.33800000,1623085919999,7739.69461100,32,766.20200000,7688.09321900,0
1623085920000,10.07600000,10.20700000,10.05200000,10.17500000,3435.42400000,1623085979999,34883.37764100,241,3027.54900000,30746.85894100,0
1623085980000,10.19900000,10.20000000,10.13500000,10.18400000,2153.48400000,1623086039999,21906.32374000,114,1411.70100000,14369.82623400,0
1623086040000,10.18100000,10.18100000,10.15300000,10.17500000,386.79400000,1623086099999,3932.64541300,22,84.75700000,861.72287600,0
1623086100000,10.17500000,10.18200000,10.09700000,10.11800000,752.64100000,1623086159999,7640.06813900,73,143.84000000,1458.75404000,0
1623086160000,10.11200000,10.11800000,10.05400000,10.11500000,1781.34100000,1623086219999,17969.55805300,57,969.21800000,9777.86177400,0
1623086220000,10.09700000,10.13000000,10.09700000,10.12700000,1088.87200000,1623086279999,11015.87320000,33,753.61200000,7628.86984000,0
1623086280000,10.13000000,10.13000000,10.08600000,10.09100000,436.41100000,1623086339999,4407.40508900,16,74.20000000,749.28587800,0
1623086340000,10.09500000,10.15000000,10.08100000,10.12900000,1369.54500000,1623086399999,13861.70994700,68,1100.13400000,11142.37316100,0
1623086400000,10.12100000,10.15000000,10.12000000,10.14700000,494.51000000,1623086459999,5014.67553700,18,183.80400000,1863.76353600,0
1623086460000,10.14100000,10.15600000,10.10100000,10.13000000,1763.12800000,1623086519999,17868.35534300,59,707.14900000,7170.60199400,0
1623086520000,10.12200000,10.15600000,10.11800000,10.14600000,1910.67700000,1623086579999,19378.95111100,43,452.44800000,4586.31260800,0
1623086580000,10.14600000,10.15300000,10.11500000,10.11500000,165.88600000,1623086639999,1678.76772200,14,20.81300000,211.21052300,0
1623086640000,10.12400000,10.12600000,10.09800000,10.09800000,1050.33500000,1623086699999,10630.04997800,18,428.31900000,4334.93318800,0
1623086700000,10.12300000,10.16000000,10.09900000,10.16000000,516.44700000,1623086759999,5227.39003400,31,317.62200000,3216.86119300,0
1623086760000,10.13400000,10.17400000,10.12900000,10.15900000,442.80400000,1623086819999,4495.17850500,22,320.68800000,3256.92458600,0
1623086820000,10.16100000,10.16700000,10.14800000,10.15200000,345.90900000,1623086879999,3514.71472200,21,124.37000000,1264.22875700,0
1623086880000,10.13100000,10.15600000,10.13000000,10.15600000,172.01200000,1623086939999,1743.28297100,12,40.01200000,406.04400000,0
1623086940000,10.15600000,10.15600000,10.15600000,10.15600000,71.72300000,1623086999999,728.41878800,3,71.72300000,728.41878800,0
1623087000000,10.16600000,10.16600000,10.12900000,10.15300000,78.63900000,1623087059999,798.11718900,7,6.78500000,68.91845900,0
1623087060000,10.13300000,10.15500000,10.12000000,10.12000000,484.46400000,1623087119999,4913.06937300,24,386.63200000,3921.83322400,0
1623087120000,10.13200000,10.13200000,10.10400000,10.10400000,562.75700000,1623087179999,5691.16126100,28,101.15900000,1024.64741400,0
1623087180000,10.11500000,10.13700000,10.08700000,10.13700000,522.87000000,1623087239999,5290.46626100,12,496.13200000,5020.76005500,0
1623087240000,10.13300000,10.13300000,10.12000000,10.12000000,55.54300000,1623087299999,562.18340700,13,6.01900000,60.99052700,0
1623087300000,10.11400000,10.11400000,10.11400000,10.11400000,10.16800000,1623087359999,102.83915200,1,0.00000000,0.00000000,0
1623087360000,10.11000000,10.11200000,10.09800000,10.10900000,280.87500000,1623087419999,2838.33996500,25,174.20000000,1761.13070300,0
1623087420000,10.10000000,10.10900000,10.09800000,10.09800000,296.33200000,1623087479999,2993.69010200,12,290.62600000,2936.07091400,0
1623087480000,10.10500000,10.12000000,10.09800000,10.11700000,368.02900000,1623087539999,3717.76041100,17,45.59100000,460.50603900,0
1623087540000,10.11000000,10.11000000,10.06800000,10.06800000,412.49400000,1623087599999,4159.53802000,22,0.00000000,0.00000000,0
1623087600000,10.06600000,10.06800000,10.04200000,10.04600000,628.77500000,1623087659999,6325.68282900,38,212.10300000,2132.81231200,0
1623087660000,10.04000000,10.07100000,10.02600000,10.07100000,764.32500000,1623087719999,7674.37310700,19,140.34400000,1412.71220800,0
1623087720000,10.04600000,10.10000000,10.04100000,10.09900000,818.65700000,1623087779999,8247.65109900,48,442.16700000,4457.59414400,0
1623087780000,10.07000000,10.08600000,10.05400000,10.05900000,56.36000000,1623087839999,567.37848700,11,20.68600000,208.54185000,0
1623087840000,10.07000000,10.07000000,10.05900000,10.06400000,327.25800000,1623087899999,3293.49346600,17,229.99600000,2314.29574100,0
1623087900000,10.06700000,10.07600000,10.06000000,10.06000000,179.07700000,1623087959999,1802.78913000,18,21.61100000,217.45286000,0
1623087960000,10.06000000,10.06000000,10.00800000,10.01700000,510.13000000,1623088019999,5111.18354200,37,68.96700000,691.16058800,0
1623088020000,10.02900000,10.07400000,10.02900000,10.04900000,489.19900000,1623088079999,4914.45165400,34,434.59900000,4365.77625400,0
1623088080000,10.06800000,10.10500000,10.06800000,10.10400000,411.96500000,1623088139999,4160.45955400,18,411.96500000,4160.45955400,0
1623088140000,10.10200000,10.10400000,10.08900000,10.09900000,33.93600000,1623088199999,342.57322500,8,29.25200000,295.27072100,0
1623088200000,10.07700000,10.09300000,10.07700000,10.09300000,33.40800000,1623088259999,336.99549100,5,20.75000000,209.42975000,0
1623088260000,10.09300000,10.11000000,10.08100000,10.11000000,247.37900000,1623088319999,2496.65389900,20,70.08100000,708.40718900,0
1623088320000,10.11400000,10.12200000,10.08900000,10.12200000,701.73700000,1623088379999,7084.36803300,33,412.03500000,4159.35700300,0
1623088380000,10.10400000,10.12200000,10.09600000,10.12200000,498.97300000,1623088439999,5044.51631200,27,420.15500000,4248.35276000,0
1623088440000,10.11900000,10.17600000,10.11900000,10.15900000,1566.74600000,1623088499999,15890.79695400,57,1196.48900000,12133.47962400,0
1623088500000,10.15800000,10.15900000,10.09500000,10.11400000,773.59700000,1623088559999,7832.55546700,47,318.84200000,3231.79237800,0
1623088560000,10.12200000,10.12200000,10.12200000,10.12200000,10.00500000,1623088619999,101.27061000,1,10.00500000,101.27061000,0
1623088620000,10.12500000,10.13500000,10.10000000,10.10100000,884.04200000,1623088679999,8934.43527800,27,312.87600000,3162.75869200,0
1623088680000,10.10200000,10.10800000,10.06000000,10.07000000,639.80600000,1623088739999,6448.50894200,30,93.65200000,943.56772500,0
1623088740000,10.07300000,10.08400000,10.05000000,10.05000000,423.76200000,1623088799999,4265.71496900,33,47.38600000,477.48016800,0
1623088800000,10.05000000,10.05000000,10.04600000,10.04900000,13.81200000,1623088859999,138.76633400,3,3.22800000,32.43947000,0
1623088860000,10.02400000,10.05700000,10.02400000,10.04800000,36.62700000,1623088919999,368.00643500,9,23.91700000,240.36139500,0
1623088920000,10.07100000,10.09400000,10.07000000,10.09400000,646.10200000,1623088979999,6513.77444200,12,269.83400000,2717.98279000,0
1623088980000,10.10400000,10.11000000,10.10400000,10.10900000,261.33800000,1623089039999,2641.15034300,20,227.73100000,2301.38357300,0
1623089040000,10.09900000,10.10900000,10.09900000,10.10900000,83.58500000,1623089099999,844.89600500,11,37.12000000,375.24608000,0
1623089100000,10.09100000,10.10500000,10.07800000,10.07800000,23.82100000,1623089159999,240.37345200,4,11.68200000,117.90661000,0
1623089160000,10.10400000,10.10400000,10.10000000,10.10000000,27.35100000,1623089219999,276.27041200,3,6.32800000,63.93811200,0
1623089220000,10.09700000,10.10200000,10.09700000,10.10200000,29.17200000,1623089279999,294.59919900,3,29.17200000,294.59919900,0
1623089280000,10.07800000,10.07800000,10.06300000,10.06300000,64.41600000,1623089339999,649.02994800,5,0.00000000,0.00000000,0
1623089340000,10.07500000,10.08100000,10.06500000,10.06500000,125.29400000,1623089399999,1262.51648400,7,113.16400000,1140.35803400,0
1623089400000,10.06500000,10.06500000,10.03000000,10.03300000,698.74200000,1623089459999,7019.56243500,15,279.84100000,2807.09942800,0
1623089460000,10.03000000,10.03000000,10.02200000,10.02200000,5.72300000,1623089519999,57.38505000,2,3.64300000,36.53929000,0
1623089520000,10.04000000,10.05300000,9.96400000,9.97700000,1714.78300000,1623089579999,17128.65467300,71,911.75900000,9108.76613400,0
1623089580000,9.97700000,9.99400000,9.93000000,9.94600000,2594.75600000,1623089639999,25822.76153600,104,1691.56100000,16839.67274200,0
1623089640000,9.94900000,9.95000000,9.93900000,9.93900000,278.31300000,1623089699999,2767.96199600,21,16.42400000,163.23813600,0
1623089700000,9.93900000,9.96000000,9.91100000,9.93300000,2608.87700000,1623089759999,25892.44235500,102,1658.79300000,16463.57027700,0
1623089760000,9.93300000,9.93700000,9.88100000,9.88600000,1512.79100000,1623089819999,14972.21553000,83,343.77900000,3412.66221700,0
1623089820000,9.88300000,9.88600000,9.84200000,9.84200000,713.07500000,1623089879999,7033.10828100,44,29.68600000,293.26654400,0
1623089880000,9.86200000,9.92000000,9.86200000,9.86500000,1065.44000000,1623089939999,10531.12235300,57,559.74200000,5531.01383700,0
1623089940000,9.85800000,9.90800000,9.85800000,9.89600000,228.81000000,1623089999999,2259.95766500,34,228.81000000,2259.95766500,0
1623090000000,9.86900000,9.90600000,9.84500000,9.84500000,660.65500000,1623090059999,6514.17128400,33,56.80300000,562.10469800,0
1623090060000,9.84500000,9.88400000,9.83500000,9.85600000,500.34100000,1623090119999,4924.41475300,33,232.84100000,2291.89779600,0
1623090120000,9.85300000,9.94700000,9.85300000,9.92200000,1657.49200000,1623090179999,16442.38234300,64,979.00900000,9706.17961300,0
1623090180000,9.91500000,9.92600000,9.90600000,9.92300000,312.19200000,1623090239999,3095.08044600,35,59.65900000,591.59226200,0
1623090240000,9.90800000,9.92300000,9.89300000,9.89300000,187.33200000,1623090299999,1854.78782400,14,20.83900000,206.56193000,0
1623090300000,9.89600000,9.93000000,9.84900000,9.87900000,524.31500000,1623090359999,5177.97776300,25,81.55700000,806.34949900,0
1623090360000,9.87800000,9.91700000,9.87800000,9.91700000,377.93300000,1623090419999,3735.01873800,35,368.47800000,3641.41423800,0
1623090420000,9.90000000,9.91500000,9.89900000,9.90100000,424.48700000,1623090479999,4202.93619700,19,365.48700000,3618.84069700,0
1623090480000,9.90100000,9.92000000,9.90100000,9.92000000,803.66100000,1623090539999,7959.28590500,12,801.30800000,7935.98414600,0
1623090540000,9.91600000,9.92000000,9.91600000,9.91600000,21.92200000,1623090599999,217.45108800,3,19.15200000,189.98376800,0
1623090600000,9.91300000,9.93600000,9.91300000,9.91900000,257.23600000,1623090659999,2553.13980000,29,253.94500000,2520.51611700,0
1623090660000,9.95300000,9.95500000,9.93200000,9.95000000,39.26000000,1623090719999,390.53921700,5,39.26000000,390.53921700,0
1623090720000,9.93500000,9.93500000,9.93500000,9.93500000,20.00000000,1623090779999,198.70000000,1,20.00000000,198.70000000,0
1623090780000,9.93000000,9.93100000,9.90100000,9.90100000,29.72700000,1623090839999,295.14234800,4,28.61700000,284.15223800,0
1623090840000,9.88100000,9.91100000,9.88100000,9.91100000,1293.23600000,1623090899999,12806.85521800,31,162.32300000,1605.29127300,0
1623090900000,9.90500000,9.90900000,9.90500000,9.90800000,51.95600000,1623090959999,514.71634700,3,51.95600000,514.71634700,0
1623090960000,9.89400000,9.90900000,9.89000000,9.90900000,70.44500000,1623091019999,697.14928800,6,27.10300000,268.33615200,0
1623091020000,9.89400000,9.90000000,9.89400000,9.89600000,110.95300000,1623091079999,1098.38487000,7,103.00900000,1019.77104600,0
1623091080000,9.90100000,9.91000000,9.90100000,9.91000000,20.20000000,1623091139999,200.09200000,2,20.20000000,200.09200000,0
1623091140000,9.90200000,9.91100000,9.90200000,9.91100000,193.60300000,1623091199999,1918.42724000,10,164.01700000,1625.41947000,0
1623091200000,9.90500000,9.90500000,9.86000000,9.86200000,176.48500000,1623091259999,1744.26225500,11,0.00000000,0.00000000,0
1623091260000,9.86200000,9.86200000,9.85100000,9.86200000,61.60300000,1623091319999,607.14932800,12,6.40500000,63.16041000,0
1623091320000,9.86200000,9.89700000,9.86200000,9.89700000,191.22900000,1623091379999,1886.96309000,4,128.53700000,1268.29189400,0
1623091380000,9.88200000,9.90800000,9.87900000,9.87900000,53.82000000,1623091439999,532.45055600,7,52.73100000,521.69232500,0
1623091440000,9.87900000,9.87900000,9.87900000,9.87900000,0.00000000,1623091499999,0.00000000,0,0.00000000,0.00000000,0
1623091500000,9.85300000,9.85300000,9.85000000,9.85000000,204.62900000,1623091559999,2015.82954200,19,53.09100000,522.99944100,0
1623091560000,9.86100000,9.87600000,9.86100000,9.87600000,415.44400000,1623091619999,4096.93778400,14,415.44400000,4096.93778400,0
1623091620000,9.89400000,9.89400000,9.89400000,9.89400000,10.00000000,1623091679999,98.94000000,1,0.00000000,0.00000000,0
1623091680000,9.86900000,9.87000000,9.86300000,9.86300000,8.77600000,1623091739999,86.57266800,3,6.46500000,63.76429500,0
1623091740000,9.85500000,9.85800000,9.85400000,9.85400000,237.98000000,1623091799999,2345.25277800,25,35.60000000,350.94480000,0
1623091800000,9.88800000,9.88800000,9.88800000,9.88800000,4.76900000,1623091859999,47.15587200,1,4.76900000,47.15587200,0
1623091860000,9.85900000,9.86600000,9.83000000,9.83300000,2396.16700000,1623091919999,23599.64920100,34,16.33100000,160.85313400,0
1623091920000,9.81100000,9.81100000,9.78500000,9.78800000,1944.53700000,1623091979999,19050.59156700,43,350.50700000,3430.76042200,0
1623091980000,9.78300000,9.84100000,9.77900000,9.83600000,341.58300000,1623092039999,3349.32023000,24,237.03900000,2326.68199100,0
1623092040000,9.81800000,9.81800000,9.81800000,9.81800000,104.16600000,1623092099999,1022.70178800,2,104.16600000,1022.70178800,0
1623092100000,9.81800000,9.81900000,9.79800000,9.80000000,190.45900000,1623092159999,1866.36528200,16,12.98000000,127.37509500,0
1623092160000,9.77200000,9.77900000,9.75000000,9.76700000,267.86900000,1623092219999,2613.64243200,34,246.69300000,2406.97097000,0
1623092220000,9.76700000,9.81300000,9.76000000,9.81300000,639.87200000,1623092279999,6258.09432900,32,318.32700000,3118.20188300,0
1623092280000,9.80600000,9.81700000,9.80500000,9.81700000,382.72700000,1623092339999,3753.79841400,19,91.53900000,897.83007400,0
1623092340000,9.81700000,9.81800000,9.81700000,9.81800000,42.00000000,1623092399999,412.31765900,11,42.00000000,412.31765900,0
1623092400000,9.78500000,9.79000000,9.73900000,9.73900000,369.25400000,1623092459999,3601.69181600,21,133.42600000,1302.61963900,0
1623092460000,9.74100000,9.79600000,9.73400000,9.78000000,727.83000000,1623092519999,7098.41269400,43,560.54400000,5469.51484000,0
1623092520000,9.78000000,9.84400000,9.78000000,9.84400000,2102.31400000,1623092579999,20571.10049100,14,2101.07000000,20558.92421900,0
1623092580000,9.84600000,9.85100000,9.80700000,9.80800000,312.72400000,1623092639999,3072.85309400,23,224.73000000,2209.19631000,0
1623092640000,9.79500000,9.80500000,9.79100000,9.80500000,31.13200000,1623092699999,304.98744400,5,10.15600000,99.57460800,0
1623092700000,9.80500000,9.80500000,9.80500000,9.80500000,0.00000000,1623092759999,0.00000000,0,0.00000000,0.00000000,0
1623092760000,9.83400000,9.90700000,9.83400000,9.90200000,91.54000000,1623092819999,904.47322100,10,82.62700000,816.82277900,0
1623092820000,9.88400000,9.88400000,9.84200000,9.85400000,268.70100000,1623092879999,2651.37094000,13,86.48900000,852.64535800,0
1623092880000,9.86900000,9.89300000,9.86900000,9.89300000,179.70700000,1623092939999,1775.41878700,12,179.70700000,1775.41878700,0
1623092940000,9.89300000,9.90000000,9.87000000,9.90000000,157.77700000,1623092999999,1559.09912900,10,36.57900000,361.83611500,0
1623093000000,9.86300000,9.86300000,9.86300000,9.86300000,1.51500000,1623093059999,14.94244500,1,1.51500000,14.94244500,0
1623093060000,9.85200000,9.85200000,9.81500000,9.81500000,29.53500000,1623093119999,290.51543600,6,6.59600000,64.81229600,0
1623093120000,9.80000000,9.80000000,9.76500000,9.78500000,221.88000000,1623093179999,2168.38546300,11,9.44900000,92.45846500,0
1623093180000,9.78500000,9.81200000,9.78500000,9.81200000,199.98300000,1623093239999,1957.85504600,12,199.98300000,1957.85504600,0
1623093240000,9.81200000,9.81200000,9.81200000,9.81200000,0.00000000,1623093299999,0.00000000,0,0.00000000,0.00000000,0
1623093300000,9.82200000,9.82400000,9.76800000,9.79400000,363.21700000,1623093359999,3555.91663300,16,240.35500000,2355.68301500,0
1623093360000,9.79900000,9.80200000,9.79900000,9.80200000,95.66700000,1623093419999,937.56323400,3,95.66700000,937.56323400,0
1623093420000,9.81800000,9.96600000,9.81800000,9.96600000,1266.51600000,1623093479999,12536.48229900,72,1173.87700000,11617.61681200,0
1623093480000,9.95200000,9.96200000,9.90500000,9.90500000,375.18100000,1623093539999,3731.15980700,13,241.30700000,2403.56401900,0
1623093540000,9.88700000,9.90100000,9.86200000,9.87000000,464.55100000,1623093599999,4587.92693400,34,202.98200000,2002.97172400,0
1623093600000,9.84700000,9.85600000,9.83300000,9.85300000,92.63600000,1623093659999,912.35592800,10,71.09700000,700.25849500,0
1623093660000,9.87300000,9.90500000,9.82600000,9.90500000,801.92100000,1623093719999,7902.46622800,43,709.53500000,6993.73931300,0
1623093720000,9.91900000,9.95400000,9.91900000,9.93100000,913.63900000,1623093779999,9075.85764300,15,913.63900000,9075.85764300,0
1623093780000,9.92900000,9.97100000,9.91500000,9.91800000,449.35000000,1623093839999,4465.67611900,39,383.47500000,3811.54269600,0
1623093840000,9.89600000,9.96000000,9.89000000,9.93500000,2065.53400000,1623093899999,20540.53495700,45,1192.35200000,11850.36075500,0
1623093900000,9.93400000,9.93500000,9.92100000,9.92700000,613.37000000,1623093959999,6089.07192900,9,19.97100000,198.39191400,0
1623093960000,9.92100000,9.92100000,9.91600000,9.91600000,55.80800000,1623094019999,553.39766800,2,55.80800000,553.39766800,0
1623094020000,9.90900000,9.92600000,9.87700000,9.88500000,1369.50500000,1623094079999,13555.22471300,61,268.72000000,2664.03765800,0
1623094080000,9.91300000,9.91300000,9.83400000,9.85900000,1643.11600000,1623094139999,16195.14226600,43,927.16800000,9133.42032300,0
1623094140000,9.85800000,9.89200000,9.85800000,9.87900000,38.26100000,1623094199999,377.47986000,6,38.26100000,377.47986000,0
1623094200000,9.89200000,9.91400000,9.87900000,9.91000000,917.47600000,1623094259999,9086.98889800,25,301.36800000,2982.33533600,0
1623094260000,9.87100000,9.87100000,9.85500000,9.85500000,20.01100000,1623094319999,197.35578100,3,0.00000000,0.00000000,0
1623094320000,9.88700000,9.90100000,9.88700000,9.90100000,59.55400000,1623094379999,589.57619800,3,59.55400000,589.57619800,0
1623094380000,9.89700000,9.99400000,9.89700000,9.95300000,2774.49700000,1623094439999,27618.19459600,66,1410.93100000,14078.42228900,0
1623094440000,9.96700000,9.99400000,9.96700000,9.97900000,550.66800000,1623094499999,5499.08936500,17,548.64700000,5478.92180600,0
1623094500000,9.99400000,9.99400000,9.97000000,9.98400000,215.86800000,1623094559999,2155.67087100,18,160.57900000,1603.68074100,0
1623094560000,9.97400000,9.99200000,9.97400000,9.98100000,78.76100000,1623094619999,786.31736400,5,21.00000000,209.82765000,0
1623094620000,9.98100000,9.99400000,9.97400000,9.99300000,461.48900000,1623094679999,4605.69319300,25,45.14000000,450.80931200,0
1623094680000,9.99400000,10.04700000,9.99400000,10.03000000,1110.91900000,1623094739999,11113.75157200,49,1071.83700000,10721.19688200,0
1623094740000,10.04400000,10.05300000,10.04300000,10.04800000,67.95600000,1623094799999,682.91362000,9,57.92300000,582.15220100,0
1623094800000,10.05000000,10.05600000,10.00800000,10.01100000,1190.94000000,1623094859999,11960.48178100,39,80.33000000,806.48517400,0
1623094860000,10.02500000,10.06700000,10.02500000,10.03500000,1469.53600000,1623094919999,14777.32077900,44,1459.53100000,14676.92060400,0
1623094920000,10.06000000,10.06000000,10.02200000,10.02200000,462.08500000,1623094979999,4643.27103100,31,269.41800000,2709.52224800,0
1623094980000,10.02200000,10.05300000,10.02200000,10.03100000,477.92700000,1623095039999,4797.99640800,16,405.49300000,4071.81579700,0
1623095040000,10.02900000,10.08800000,10.02300000,10.07700000,890.23300000,1623095099999,8951.83000000,35,767.19400000,7715.20015200,0
1623095100000,10.07400000,10.07700000,10.03700000,10.03700000,89.39400000,1623095159999,900.16935000,12,8.80800000,88.74667500,0
1623095160000,10.05400000,10.05600000,10.04400000,10.05500000,125.59300000,1623095219999,1262.76349100,9,119.09300000,1197.42192400,0
1623095220000,10.07500000,10.07500000,10.00000000,10.00100000,461.27700000,1623095279999,4625.07850000,30,81.87100000,823.06545900,0
1623095280000,10.00100000,10.01700000,10.00100000,10.01500000,125.56700000,1623095339999,1256.93413500,5,125.56700000,1256.93413500,0
1623095340000,10.05300000,10.08900000,10.04400000,10.08900000,371.14600000,1623095399999,3739.23887500,28,338.25400000,3408.68877700,0
1623095400000,10.08800000,10.08800000,10.07600000,10.07600000,27.18800000,1623095459999,274.01926200,3,27.18800000,274.01926200,0
1623095460000,10.07600000,10.08800000,10.07600000,10.07900000,740.87400000,1623095519999,7471.15336900,18,176.41400000,1778.67307100,0
1623095520000,10.05800000,10.06500000,10.02500000,10.06200000,1637.63900000,1623095579999,16467.97788100,51,66.92600000,673.04959800,0
1623095580000,10.05900000,10.06000000,10.05900000,10.06000000,100.37700000,1623095639999,1009.73782000,8,85.37700000,858.83782000,0
1623095640000,10.06100000,10.07300000,10.06000000,10.06200000,153.07400000,1623095699999,1540.00960400,15,0.27500000,2.77007500,0
1623095700000,10.06100000,10.06100000,10.06000000,10.06000000,585.10600000,1623095759999,5886.34540100,9,0.00000000,0.00000000,0
1623095760000,10.05300000,10.07300000,10.03900000,10.07200000,786.01200000,1623095819999,7906.87606900,40,534.86200000,5380.72399900,0
1623095820000,10.05300000,10.10100000,10.05300000,10.10100000,110.55900000,1623095879999,1116.29463800,6,106.47900000,1075.27839800,0
1623095880000,10.11600000,10.11700000,10.08000000,10.08200000,396.48600000,1623095939999,4002.22453500,18,99.03600000,1001.88502500,0
1623095940000,10.11400000,10.14200000,10.10000000,10.12500000,4179.48100000,1623095999999,42273.14654000,111,3321.32200000,33599.74565800,0
1623096000000,10.10400000,10.12600000,9.98800000,10.05000000,8057.17100000,1623096059999,80854.80770700,252,937.71500000,9423.64149300,0
1623096060000,10.05000000,10.10400000,10.05000000,10.10400000,477.44200000,1623096119999,4815.90983300,27,297.93300000,3004.48782200,0
1623096120000,10.08800000,10.08800000,10.04500000,10.04600000,678.54800000,1623096179999,6828.79564100,16,119.11800000,1197.18938600,0
1623096180000,10.05900000,10.07800000,10.05000000,10.05000000,605.97300000,1623096239999,6102.83276000,46,471.77100000,4750.99542300,0
1623096240000,10.06200000,10.07500000,10.04100000,10.04700000,358.12700000,1623096299999,3599.54243300,25,97.01300000,976.21842700,0
1623096300000,10.04700000,10.06400000,10.03900000,10.05300000,189.49600000,1623096359999,1905.60557600,25,127.70500000,1284.84217800,0
1623096360000,10.06400000,10.09600000,10.06400000,10.09600000,177.28200000,1623096419999,1786.78030400,11,177.28200000,1786.78030400,0
1623096420000,10.08300000,10.09400000,10.06200000,10.07000000,482.37000000,1623096479999,4859.78435900,26,19.89400000,200.81003600,0
1623096480000,10.05800000,10.05800000,10.02000000,10.02000000,145.09700000,1623096539999,1456.39680400,17,0.00000000,0.00000000,0
1623096540000,10.04700000,10.05700000,10.04700000,10.05600000,464.66400000,1623096599999,4671.32770600,32,464.66400000,4671.32770600,0
1623096600000,10.02000000,10.03400000,10.00900000,10.03400000,377.11300000,1623096659999,3776.95761100,25,44.85000000,449.72030200,0
1623096660000,10.01200000,10.02600000,9.99500000,9.99600000,2327.74100000,1623096719999,23290.61588500,86,44.73000000,447.41052600,0
1623096720000,10.01500000,10.02000000,9.99700000,9.99700000,139.79400000,1623096779999,1399.90326000,6,126.86900000,1270.69203500,0
1623096780000,10.02000000,10.03000000,10.00000000,10.02000000,437.51900000,1623096839999,4378.55719200,25,165.06100000,1652.94509200,0
1623096840000,10.03800000,10.03800000,10.02300000,10.03000000,74.80100000,1623096899999,750.56890200,3,0.00000000,0.00000000,0
1623096900000,10.03000000,10.04600000,10.03000000,10.03600000,119.64900000,1623096959999,1200.82745300,10,87.85200000,881.68096400,0
1623096960000,10.03000000,10.03000000,10.03000000,10.03000000,42.32900000,1623097019999,424.55987000,1,42.32900000,424.55987000,0
1623097020000,10.01200000,10.01200000,10.00000000,10.00000000,16.10100000,1623097079999,161.02879200,3,0.00000000,0.00000000,0
1623097080000,10.00300000,10.00300000,10.00300000,10.00300000,7.43000000,1623097139999,74.32229000,1,0.00000000,0.00000000,0
1623097140000,10.00000000,10.00600000,9.99200000,10.00600000,89.84400000,1623097199999,898.37214400,4,39.73600000,397.59841600,0
1623097200000,10.00300000,10.03300000,10.00300000,10.03200000,1271.08600000,1623097259999,12724.09652100,38,1271.08600000,12724.09652100,0
1623097260000,10.03100000,10.03100000,9.98000000,9.98000000,199.54200000,1623097319999,1993.59961200,17,84.44600000,843.76103700,0
1623097320000,9.98700000,10.00900000,9.96500000,10.00900000,363.23900000,1623097379999,3623.75654400,25,215.72700000,2152.53119500,0
1623097380000,10.00300000,10.00900000,9.99400000,9.99400000,26.11700000,1623097439999,261.38188100,3,25.04500000,250.66831300,0
1623097440000,9.98600000,9.98600000,9.95200000,9.96000000,770.35200000,1623097499999,7676.76388500,48,126.84400000,1265.35284000,0
1623097500000,9.96200000,9.99700000,9.96200000,9.99700000,26.50800000,1623097559999,264.84361800,3,25.45800000,254.38351800,0
1623097560000,9.99700000,9.99700000,9.99700000,9.99700000,0.00000000,1623097619999,0.00000000,0,0.00000000,0.00000000,0
1623097620000,9.97700000,10.00200000,9.97700000,9.98600000,147.13900000,1623097679999,1469.28858800,17,84.75300000,846.68532300,0
1623097680000,10.01700000,10.01700000,9.97800000,9.97800000,905.51800000,1623097739999,9039.80573800,30,8.46600000,84.80392200,0
1623097740000,9.97300000,9.99800000,9.96900000,9.96900000,73.25500000,1623097799999,730.74750600,7,17.86000000,178.30115500,0
1623097800000,9.95900000,9.96000000,9.95900000,9.96000000,233.37800000,1623097859999,2324.38512700,5,173.62500000,1729.30500000,0
1623097860000,9.95200000,9.95200000,9.91600000,9.92700000,2790.97400000,1623097919999,27745.77230500,61,86.23100000,856.01513700,0
1623097920000,9.91300000,9.92200000,9.89600000,9.89600000,83.94300000,1623097979999,831.43159600,11,11.00600000,109.16790800,0
1623097980000,9.89600000,9.95500000,9.89500000,9.95500000,400.55500000,1623098039999,3970.62527300,39,395.79600000,3923.53496800,0
1623098040000,9.96100000,9.96100000,9.96100000,9.96100000,6.70000000,1623098099999,66.73870000,1,6.70000000,66.73870000,0
1623098100000,9.93800000,9.95300000,9.91000000,9.95300000,715.14900000,1623098159999,7099.12893700,43,156.56200000,1557.52829800,0
1623098160000,9.94000000,9.94100000,9.91500000,9.91900000,262.08900000,1623098219999,2601.13880200,9,0.00000000,0.00000000,0
1623098220000,9.96000000,9.99700000,9.96000000,9.99200000,266.94600000,1623098279999,2664.35179200,15,206.60800000,2061.45449600,0
1623098280000,9.97600000,9.98000000,9.97400000,9.98000000,85.12200000,1623098339999,849.14799600,5,20.03100000,199.90938000,0
1623098340000,9.98000000,9.98000000,9.98000000,9.98000000,0.00000000,1623098399999,0.00000000,0,0.00000000,0.00000000,0
1623098400000,9.95400000,9.95400000,9.92900000,9.92900000,27.40000000,1623098459999,272.27945300,7,14.09700000,140.19135500,0
1623098460000,9.92900000,9.94900000,9.92900000,9.93200000,330.69700000,1623098519999,3284.52322900,18,280.90400000,2789.95475300,0
1623098520000,9.91500000,9.91500000,9.87600000,9.87800000,1312.33500000,1623098579999,12980.62473600,47,0.00000000,0.00000000,0
1623098580000,9.87400000,9.89400000,9.85500000,9.86600000,1267.94300000,1623098639999,12512.40666400,50,141.15800000,1396.23085200,0
1623098640000,9.89300000,9.91200000,9.89300000,9.89900000,323.46700000,1623098699999,3202.63902600,23,323.46700000,3202.63902600,0
1623098700000,9.92600000,9.92600000,9.92600000,9.92600000,4.16900000,1623098759999,41.38149400,1,4.16900000,41.38149400,0
1623098760000,9.89900000,9.89900000,9.85300000,9.85300000,197.56600000,1623098819999,1951.77310800,23,134.55400000,1329.66148400,0
1623098820000,9.85300000,9.86300000,9.80000000,9.80100000,781.34100000,1623098879999,7673.11618500,41,22.75900000,223.97430700,0
1623098880000,9.78900000,9.79600000,9.65000000,9.68300000,2170.63800000,1623098939999,21051.27612700,127,644.13100000,6234.85839700,0
1623098940000,9.67600000,9.67600000,9.61400000,9.65900000,2898.01600000,1623098999999,27914.43356300,95,1121.42900000,10812.83835300,0
1623099000000,9.61200000,9.65300000,9.31600000,9.31600000,8288.67200000,1623099059999,78612.42226300,382,3325.59300000,31612.04420900,0
1623099060000,9.33100000,9.45000000,9.32400000,9.43300000,4411.23100000,1623099119999,41395.79670500,127,1927.45900000,18109.50895600,0
1623099120000,9.44300000,9.48800000,9.43400000,9.46100000,1770.34700000,1623099179999,16739.51122300,47,668.80100000,6324.30528100,0
1623099180000,9.46200000,9.46400000,9.42200000,9.44200000,1268.48900000,1623099239999,11984.50771700,66,216.75600000,2049.18763300,0
1623099240000,9.44200000,9.50000000,9.42500000,9.46700000,1894.84500000,1623099299999,17880.52579400,64,963.55300000,9097.61445800,0
1623099300000,9.48200000,9.51700000,9.48200000,9.49400000,1094.72200000,1623099359999,10406.10351200,58,1062.67500000,10101.82978300,0
1623099360000,9.50000000,9.52500000,9.49100000,9.49300000,1308.84200000,1623099419999,12442.94261300,53,619.73900000,5894.18705700,0
1623099420000,9.50000000,9.53100000,9.48800000,9.52400000,293.63400000,1623099479999,2792.73764100,25,208.15600000,1980.87915100,0
1623099480000,9.50400000,9.51000000,9.42400000,9.45300000,2458.94800000,1623099539999,23288.76456100,83,69.49600000,656.36785200,0
1623099540000,9.44000000,9.46600000,9.42000000,9.45400000,1245.01000000,1623099599999,11740.93683900,35,1007.27500000,9499.08398500,0
1623099600000,9.43700000,9.47000000,9.41000000,9.47000000,757.69100000,1623099659999,7148.15105900,11,458.83900000,4328.89072700,0
1623099660000,9.47400000,9.49700000,9.47100000,9.49500000,318.73900000,1623099719999,3021.38894500,8,302.66500000,2868.91356700,0
1623099720000,9.49800000,9.49800000,9.47200000,9.47200000,147.16800000,1623099779999,1394.16428500,16,5.24100000,49.77901800,0
1623099780000,9.47200000,9.50000000,9.47000000,9.50000000,1000.90900000,1623099839999,9497.28031200,36,159.26100000,1512.60869000,0
1623099840000,9.48000000,9.51700000,9.48000000,9.51700000,297.71400000,1623099899999,2830.40083300,10,248.92100000,2366.10430400,0
1623099900000,9.51700000,9.51700000,9.50000000,9.50000000,781.32300000,1623099959999,7424.09054800,11,7.00000000,66.53400000,0
1623099960000,9.49100000,9.49100000,9.42900000,9.43700000,2946.31600000,1623100019999,27870.03431500,133,188.62900000,1783.89771100,0
1623100020000,9.44400000,9.46500000,9.40300000,9.41700000,281.95900000,1623100079999,2661.23375300,24,166.21400000,1569.95100500,0
1623100080000,9.42700000,9.43400000,9.42700000,9.43400000,16.81700000,1623100139999,158.60890600,3,16.81700000,158.60890600,0
1623100140000,9.40400000,9.40400000,9.32500000,9.34100000,911.84200000,1623100199999,8540.16718700,59,200.19900000,1870.61844000,0
1623100200000,9.37400000,9.41400000,9.32200000,9.39400000,2804.88200000,1623100259999,26285.07975700,145,1624.08900000,15256.28820900,0
1623100260000,9.40200000,9.41000000,9.38900000,9.38900000,274.50200000,1623100319999,2578.08173400,22,31.88200000,299.99399600,0
1623100320000,9.39000000,9.39000000,9.34400000,9.34400000,498.21000000,1623100379999,4677.21654600,19,0.00000000,0.00000000,0
1623100380000,9.33600000,9.33600000,9.24600000,9.26800000,3202.08400000,1623100439999,29720.72563300,84,763.14700000,7086.60525800,0
1623100440000,9.24800000,9.31500000,9.24000000,9.31300000,2074.20600000,1623100499999,19246.49076400,96,1374.08000000,12761.53804000,0
1623100500000,9.31300000,9.31700000,9.12500000,9.12500000,2717.62500000,1623100559999,25029.61362800,81,270.58500000,2502.14504800,0
1623100560000,9.19400000,9.19400000,9.09600000,9.17100000,3585.94900000,1623100619999,32767.35149200,161,2199.74100000,20122.80710700,0
1623100620000,9.16600000,9.21100000,9.14300000,9.21100000,1528.00200000,1623100679999,14018.32243700,39,866.33100000,7964.15114700,0
1623100680000,9.19100000,9.27900000,9.19100000,9.27900000,1287.25300000,1623100739999,11888.78453800,60,1203.20900000,11114.98714100,0
1623100740000,9.27200000,9.30000000,9.27200000,9.30000000,909.39500000,1623100799999,8452.03392800,19,300.32000000,2789.71042300,0
1623100800000,9.28200000,9.32000000,9.27500000,9.32000000,225.22000000,1623100859999,2095.64126100,15,220.63600000,2053.10287200,0
1623100860000,9.33100000,9.33600000,9.28400000,9.28400000,700.80100000,1623100919999,6526.44230200,32,304.13100000,2835.72080600,0
1623100920000,9.26400000,9.29600000,9.25600000,9.29600000,439.42900000,1623100979999,4076.04250100,22,118.79900000,1103.13008000,0
1623100980000,9.29600000,9.30700000,9.21000000,9.22300000,1116.60200000,1623101039999,10338.64708100,31,158.59200000,1462.19018000,0
1623101040000,9.25000000,9.27100000,9.25000000,9.27100000,475.12700000,1623101099999,4395.82133900,16,475.12700000,4395.82133900,0
1623101100000,9.27000000,9.27000000,9.25000000,9.25000000,160.30300000,1623101159999,1483.82098200,6,2.26500000,20.99655000,0
1623101160000,9.24800000,9.24800000,9.16600000,9.18800000,573.62700000,1623101219999,5273.07658300,26,149.02100000,1369.77954800,0
1623101220000,9.18800000,9.21900000,9.18100000,9.21900000,674.97800000,1623101279999,6206.12040700,27,666.24800000,6125.97027700,0
1623101280000,9.21700000,9.23000000,9.19500000,9.21800000,616.77800000,1623101339999,5682.59262500,17,83.04300000,766.00254600,0
1623101340000,9.21800000,9.23000000,9.21800000,9.22800000,173.72800000,1623101399999,1602.03331200,13,53.55400000,494.09841000,0
1623101400000,9.21600000,9.25900000,9.19700000,9.25900000,1213.01400000,1623101459999,11194.71974800,76,931.82700000,8607.24840300,0
1623101460000,9.24500000,9.25900000,9.24300000,9.25900000,264.35800000,1623101519999,2443.57747000,5,202.52400000,1872.03114000,0
1623101520000,9.25000000,9.29300000,9.25000000,9.29300000,366.38200000,1623101579999,3401.34601200,9,365.29200000,3391.26351200,0
1623101580000,9.29300000,9.37600000,9.28200000,9.32200000,1929.45300000,1623101639999,18043.49969200,83,1648.87800000,15424.79707000,0
1623101640000,9.32300000,9.33000000,9.28800000,9.28800000,207.57700000,1623101699999,1935.36626000,8,56.58400000,527.86264000,0
1623101700000,9.28900000,9.28900000,9.23000000,9.27000000,1560.13600000,1623101759999,14452.54514100,52,513.48100000,4754.25232700,0
1623101760000,9.27000000,9.27000000,9.21400000,9.24700000,570.98400000,1623101819999,5283.42721300,30,351.00600000,3248.11830100,0
1623101820000,9.25400000,9.26000000,9.22800000,9.23700000,861.01100000,1623101879999,7945.96740500,13,849.39200000,7838.71397300,0
1623101880000,9.26100000,9.27000000,9.23600000,9.27000000,454.50800000,1623101939999,4212.85079800,5,450.82600000,4178.84384600,0
1623101940000,9.25000000,9.25400000,9.23700000,9.23700000,413.92800000,1623101999999,3824.18141500,20,1.22100000,11.29913400,0
1623102000000,9.24100000,9.26900000,9.23200000,9.26900000,79.58800000,1623102059999,735.97175300,14,27.98700000,259.21374000,0
1623102060000,9.25500000,9.25500000,9.17400000,9.17400000,619.63800000,1623102119999,5701.15519700,31,0.36500000,3.37807500,0
1623102120000,9.16600000,9.20000000,9.11400000,9.17300000,1835.39600000,1623102179999,16784.84939400,51,485.67500000,4455.45067400,0
1623102180000,9.19900000,9.21000000,9.14200000,9.16700000,860.13600000,1623102239999,7894.87040900,61,291.97600000,2685.94954200,0
1623102240000,9.15900000,9.16700000,9.13700000,9.14500000,1223.18100000,1623102299999,11185.93050000,13,101.02000000,925.90482100,0
1623102300000,9.16000000,9.18500000,9.15900000,9.18500000,34.68000000,1623102359999,317.84103100,7,34.68000000,317.84103100,0
1623102360000,9.18500000,9.21700000,9.16700000,9.16700000,1784.46800000,1623102419999,16393.33972200,87,949.19200000,8732.36905600,0
1623102420000,9.17300000,9.18600000,9.16900000,9.16900000,751.29800000,1623102479999,6890.12871300,32,49.82200000,457.47293000,0
1623102480000,9.18500000,9.20500000,9.18500000,9.20500000,242.13900000,1623102539999,2226.99404400,11,225.74700000,2076.10568400,0
1623102540000,9.19100000,9.20500000,9.19100000,9.20500000,71.88600000,1623102599999,660.88622600,3,13.00000000,119.66500000,0
1623102600000,9.20500000,9.22900000,9.20500000,9.22900000,193.85700000,1623102659999,1788.08568100,12,193.85700000,1788.08568100,0
1623102660000,9.21800000,9.26200000,9.21800000,9.24000000,278.15900000,1623102719999,2567.90469500,9,43.20000000,399.93948400,0
1623102720000,9.23600000,9.25700000,9.22400000,9.23500000,872.79100000,1623102779999,8062.13879400,19,534.01000000,4931.45390300,0
1623102780000,9.25300000,9.25400000,9.21300000,9.23900000,40.66400000,1623102839999,375.42861900,8,17.54300000,162.29277400,0
1623102840000,9.23400000,9.23600000,9.23400000,9.23600000,18.73300000,1623102899999,172.99073200,3,18.73300000,172.99073200,0
1623102900000,9.23500000,9.25200000,9.23500000,9.25200000,1216.05500000,1623102959999,11247.31150500,11,263.17900000,2433.91477400,0
1623102960000,9.25000000,9.25000000,9.24700000,9.24700000,341.17900000,1623103019999,3155.89375000,3,4.00000000,36.98800000,0
1623103020000,9.24200000,9.24200000,9.21500000,9.21500000,535.05700000,1623103079999,4933.38893900,27,51.52300000,475.44472100,0
1623103080000,9.21200000,9.21200000,9.19100000,9.19100000,91.52100000,1623103139999,841.80950100,7,2.17600000,19.99961600,0
1623103140000,9.19300000,9.19300000,9.19300000,9.19300000,10.52500000,1623103199999,96.75632500,1,0.00000000,0.00000000,0
1623103200000,9.19400000,9.19400000,9.14700000,9.18900000,2404.16100000,1623103259999,22019.49121000,77,83.51000000,767.34851300,0
1623103260000,9.18900000,9.18900000,9.18900000,9.18900000,0.00000000,1623103319999,0.00000000,0,0.00000000,0.00000000,0
1623103320000,9.16400000,9.16400000,9.11000000,9.13000000,585.08900000,1623103379999,5332.80831400,16,4.19500000,38.29925500,0
1623103380000,9.13100000,9.15700000,9.11600000,9.12000000,1088.35100000,1623103439999,9927.96916700,21,689.24400000,6286.89227100,0
1623103440000,9.14300000,9.16100000,9.12000000,9.13600000,387.57200000,1623103499999,3543.25667900,15,130.12300000,1190.86954700,0
1623103500000,9.14100000,9.18100000,9.14100000,9.17700000,593.88800000,1623103559999,5447.20007100,33,591.28100000,5423.36948400,0
1623103560000,9.16600000,9.19100000,9.16400000,9.16400000,1061.07700000,1623103619999,9748.33489200,40,548.92400000,5042.81919400,0
1623103620000,9.16400000,9.17400000,9.13600000,9.13600000,1392.14300000,1623103679999,12727.35211600,22,8.91400000,81.77703600,0
1623103680000,9.15400000,9.15400000,9.15400000,9.15400000,2.59600000,1623103739999,23.76378400,1,0.00000000,0.00000000,0
1623103740000,9.16000000,9.20600000,9.16000000,9.18700000,217.62800000,1623103799999,1999.46697600,11,197.90700000,1818.29014900,0
1623103800000,9.20500000,9.23600000,9.20500000,9.23600000,763.86500000,1623103859999,7044.52049100,50,763.86500000,7044.52049100,0
1623103860000,9.21200000,9.23100000,9.21100000,9.23100000,96.85900000,1623103919999,893.28155100,5,57.37000000,529.54407600,0
1623103920000,9.23100000,9.23300000,9.19700000,9.22700000,884.23200000,1623103979999,8146.63661300,39,415.32000000,3830.11574400,0
1623103980000,9.20000000,9.22100000,9.19000000,9.22100000,1178.85600000,1623104039999,10843.67438100,25,936.42600000,8614.75980000,0
1623104040000,9.23000000,9.23000000,9.22600000,9.22600000,136.89000000,1623104099999,1263.13043500,12,136.89000000,1263.13043500,0
1623104100000,9.22100000,9.22100000,9.19000000,9.19000000,260.28700000,1623104159999,2396.02341500,14,138.55100000,1276.33122800,0
1623104160000,9.20300000,9.20300000,9.14800000,9.15300000,808.60200000,1623104219999,7405.87056500,21,540.07300000,4943.46321900,0
1623104220000,9.15300000,9.17900000,9.14700000,9.15000000,632.21400000,1623104279999,5786.65553700,21,521.07900000,4769.95290900,0
1623104280000,9.16200000,9.16200000,9.16000000,9.16200000,414.62400000,1623104339999,3798.72223000,4,86.00200000,787.88746600,0
1623104340000,9.14500000,9.16300000,9.14500000,9.16300000,15.62000000,1623104399999,142.89596600,2,2.83700000,25.99543100,0
1623104400000,9.11800000,9.12500000,9.11700000,9.12500000,104.69300000,1623104459999,954.58633300,5,2.18600000,19.94725000,0
1623104460000,9.11900000,9.14100000,9.11900000,9.12500000,82.17700000,1623104519999,749.86442700,8,16.40000000,149.87957600,0
1623104520000,9.12300000,9.17000000,9.11900000,9.16000000,367.45700000,1623104579999,3361.67471700,23,262.19400000,2401.46821000,0
1623104580000,9.15900000,9.16300000,9.15900000,9.16300000,3.28500000,1623104639999,30.09167900,2,1.09100000,9.99683300,0
1623104640000,9.14700000,9.14800000,9.13000000,9.14000000,91.52300000,1623104699999,836.66667600,6,71.72500000,655.83863800,0
1623104700000,9.15100000,9.15100000,9.14200000,9.14200000,12.24600000,1623104759999,112.04340900,2,12.24600000,112.04340900,0
1623104760000,9.12900000,9.12900000,9.05900000,9.10000000,1479.75700000,1623104819999,13462.38273200,72,406.17300000,3694.58829500,0
1623104820000,9.12000000,9.12000000,9.07500000,9.09000000,340.96500000,1623104879999,3102.28863400,27,161.84500000,1475.65278400,0
1623104880000,9.08200000,9.09100000,9.08200000,9.09100000,43.34000000,1623104939999,393.86137100,3,27.49900000,249.99340900,0
1623104940000,9.08200000,9.11200000,9.08200000,9.11200000,796.56100000,1623104999999,7238.69339000,5,796.56100000,7238.69339000,0
1623105000000,9.11600000,9.11600000,9.11600000,9.11600000,10.96800000,1623105059999,99.98428800,1,10.96800000,99.98428800,0
1623105060000,9.09700000,9.11200000,9.06300000,9.06300000,320.02900000,1623105119999,2903.00850000,8,1.28400000,11.69980800,0
1623105120000,9.06400000,9.06400000,9.04200000,9.06100000,163.54000000,1623105179999,1480.70660300,12,37.70400000,341.66353100,0
1623105180000,9.05700000,9.05900000,9.05700000,9.05900000,6.60900000,1623105239999,59.86211900,2,6.60900000,59.86211900,0
1623105240000,9.05900000,9.05900000,9.05900000,9.05900000,0.00000000,1623105299999,0.00000000,0,0.00000000,0.00000000,0
1623105300000,9.05900000,9.05900000,9.05900000,9.05900000,0.00000000,1623105359999,0.00000000,0,0.00000000,0.00000000,0
1623105360000,9.03200000,9.04000000,9.00600000,9.03100000,1002.09300000,1623105419999,9038.67548700,51,476.99300000,4301.54516600,0
1623105420000,9.02900000,9.02900000,9.00900000,9.02700000,9.26400000,1623105479999,83.59544000,3,7.16100000,64.64951300,0
1623105480000,9.02000000,9.02900000,8.95800000,8.98900000,2994.42600000,1623105539999,26891.50670400,111,790.30900000,7096.80524600,0
1623105540000,8.98900000,9.02500000,8.98900000,9.02500000,92.50200000,1623105599999,832.52584400,6,82.21000000,739.87726000,0
1623105600000,9.03000000,9.05200000,9.03000000,9.04000000,414.50400000,1623105659999,3749.79111400,16,156.03300000,1411.00390400,0
1623105660000,9.02200000,9.02800000,9.02200000,9.02200000,16.92300000,1623105719999,152.74567200,3,11.06100000,99.85870800,0
1623105720000,9.01200000,9.02300000,9.01200000,9.02300000,139.10000000,1623105779999,1254.68441300,13,111.40000000,1005.05201300,0
1623105780000,9.02200000,9.02600000,9.02200000,9.02600000,24.79400000,1623105839999,223.78183200,2,24.79400000,223.78183200,0
1623105840000,9.00700000,9.00700000,8.98100000,8.98100000,335.79100000,1623105899999,3018.19445600,23,87.70100000,789.30900000,0
1623105900000,8.99900000,9.06300000,8.99100000,9.06300000,1937.54700000,1623105959999,17476.32705700,63,1893.15100000,17076.68812300,0
1623105960000,9.06300000,9.06300000,9.06300000,9.06300000,3.55500000,1623106019999,32.21896500,1,3.55500000,32.21896500,0
1623106020000,9.05400000,9.05400000,9.03600000,9.03600000,222.19500000,1623106079999,2010.94097300,15,0.00000000,0.00000000,0
1623106080000,9.03000000,9.05700000,9.02400000,9.05700000,102.35300000,1623106139999,925.35592100,5,65.74100000,594.86923700,0
1623106140000,9.06200000,9.06200000,9.04800000,9.04800000,33.13500000,1623106199999,299.95997000,3,11.03500000,99.99917000,0
1623106200000,9.04100000,9.07200000,9.04100000,9.07200000,18.31200000,1623106259999,165.71726400,3,5.11200000,46.37606400,0
1623106260000,9.08400000,9.10500000,9.04500000,9.04500000,2181.24500000,1623106319999,19827.00973700,72,1749.47900000,15913.15134100,0
1623106320000,9.06500000,9.06500000,9.03500000,9.03500000,65.84200000,1623106379999,595.43862500,3,16.54700000,149.99855500,0
1623106380000,9.03700000,9.04800000,9.01200000,9.02500000,483.03100000,1623106439999,4366.75229900,23,434.83600000,3931.98404800,0
1623106440000,9.02500000,9.02500000,9.01100000,9.01100000,18.18000000,1623106499999,163.86092000,5,4.39600000,39.61235600,0
1623106500000,9.01100000,9.02700000,9.01100000,9.02700000,115.26200000,1623106559999,1040.10111200,5,115.26200000,1040.10111200,0
1623106560000,9.03300000,9.04400000,9.01600000,9.01600000,293.87400000,1623106619999,2652.40456600,24,63.06600000,569.76830400,0
1623106620000,9.01700000,9.02200000,9.01200000,9.02200000,188.60300000,1623106679999,1700.52930800,16,5.53500000,49.93677000,0
1623106680000,9.02200000,9.02200000,9.02200000,9.02200000,0.00000000,1623106739999,0.00000000,0,0.00000000,0.00000000,0
1623106740000,9.02200000,9.02200000,9.02200000,9.02200000,0.00000000,1623106799999,0.00000000,0,0.00000000,0.00000000,0
1623106800000,9.00700000,9.00700000,8.98800000,8.98900000,868.93500000,1623106859999,7819.78073200,24,54.70000000,491.69830000,0
1623106860000,8.99100000,9.00200000,8.96600000,8.96600000,659.11300000,1623106919999,5926.82588900,29,454.01600000,4086.12057400,0
1623106920000,8.99000000,8.99000000,8.97800000,8.97800000,28.13300000,1623106979999,252.87250600,2,3.59700000,32.29386600,0
1623106980000,8.97800000,8.99000000,8.96600000,8.96600000,21.50000000,1623107039999,192.96470800,3,11.50000000,103.30470800,0
1623107040000,8.95700000,8.96700000,8.92200000,8.94200000,724.45000000,1623107099999,6480.38067200,44,281.16000000,2517.38844200,0
1623107100000,8.93800000,8.96000000,8.92300000,8.94200000,156.09000000,1623107159999,1395.71716400,14,61.36800000,549.66985800,0
1623107160000,8.92700000,8.93500000,8.89000000,8.93500000,554.24800000,1623107219999,4937.05893000,50,170.46200000,1519.95735400,0
1623107220000,8.93100000,8.95700000,8.92900000,8.95700000,337.46400000,1623107279999,3018.32675100,20,335.46000000,3000.43303500,0
1623107280000,8.96000000,8.96200000,8.94000000,8.94200000,571.77100000,1623107339999,5117.63583800,10,256.83200000,2297.50572000,0
1623107340000,8.94200000,8.96300000,8.94200000,8.95400000,205.97000000,1623107399999,1843.01959300,5,205.97000000,1843.01959300,0
1623107400000,8.96800000,8.97200000,8.94200000,8.94200000,129.49400000,1623107459999,1160.35619300,11,1.24500000,11.17014000,0
1623107460000,8.94200000,8.94200000,8.94200000,8.94200000,0.00000000,1623107519999,0.00000000,0,0.00000000,0.00000000,0
1623107520000,8.94100000,8.94100000,8.91000000,8.91000000,2515.64500000,1623107579999,22427.83948400,57,271.16800000,2416.10688000,0
1623107580000,8.90900000,8.90900000,8.89000000,8.89800000,190.78700000,1623107639999,1697.68689800,8,14.01500000,124.75554500,0
1623107640000,8.89000000,8.90700000,8.89000000,8.89000000,61.42700000,1623107699999,546.56364700,8,32.38600000,288.22060200,0
1623107700000,8.89000000,8.90600000,8.89000000,8.90400000,213.93300000,1623107759999,1903.80658600,11,192.72600000,1715.27635600,0
1623107760000,8.89300000,8.90300000,8.85900000,8.86900000,1484.35800000,1623107819999,13185.67127600,43,406.79300000,3610.36394700,0
1623107820000,8.86200000,8.87600000,8.79500000,8.79700000,1411.80200000,1623107879999,12448.38155800,97,220.74800000,1947.75415200,0
1623107880000,8.80000000,8.81700000,8.75200000,8.76600000,1312.30800000,1623107939999,11511.97925000,75,266.87600000,2341.86691600,0
1623107940000,8.77500000,8.81200000,8.75900000,8.75900000,815.20100000,1623107999999,7159.50689000,26,95.08400000,835.51099700,0
1623108000000,8.79600000,8.79800000,8.75800000,8.76300000,1197.58400000,1623108059999,10503.04448900,27,81.64000000,718.14635800,0
1623108060000,8.76500000,8.77900000,8.76500000,8.77300000,111.28700000,1623108119999,976.54252700,5,76.70000000,673.31120000,0
1623108120000,8.77000000,8.77100000,8.76900000,8.76900000,121.65800000,1623108179999,1066.89578700,5,0.00000000,0.00000000,0
1623108180000,8.76900000,8.77500000,8.75200000,8.76300000,461.87900000,1623108239999,4047.53782900,26,83.83500000,735.35902400,0
1623108240000,8.75000000,8.75000000,8.71300000,8.71500000,1599.60100000,1623108299999,13973.13523300,56,725.05300000,6332.19632300,0
1623108300000,8.71100000,8.72300000,8.64700000,8.67900000,889.19300000,1623108359999,7728.60943500,56,86.34100000,750.61614700,0
1623108360000,8.65700000,8.70100000,8.65500000,8.69800000,1284.23600000,1623108419999,11138.83290900,51,657.84400000,5712.11190200,0
1623108420000,8.69900000,8.73400000,8.69800000,8.73400000,288.17500000,1623108479999,2512.28031200,29,285.73500000,2491.03035200,0
1623108480000,8.72100000,8.72500000,8.70300000,8.72500000,326.47500000,1623108539999,2846.98366700,22,4.97300000,43.36756500,0
1623108540000,8.73100000,8.76000000,8.71600000,8.76000000,431.74200000,1623108599999,3772.24469200,41,315.46200000,2758.06517200,0
1623108600000,8.77000000,8.80600000,8.77000000,8.80600000,231.57600000,1623108659999,2033.97017300,11,231.57600000,2033.97017300,0
1623108660000,8.80800000,8.85000000,8.80800000,8.85000000,483.28500000,1623108719999,4271.30260700,19,465.13300000,4110.68809700,0
1623108720000,8.86300000,8.87500000,8.83300000,8.83800000,650.00400000,1623108779999,5760.52284600,37,266.46500000,2363.31015800,0
1623108780000,8.84700000,8.86700000,8.84700000,8.86500000,44.06800000,1623108839999,390.22026700,4,6.71500000,59.53297300,0
1623108840000,8.86100000,8.86200000,8.84000000,8.86200000,483.34300000,1623108899999,4281.50003200,35,142.75600000,1265.10367200,0
1623108900000,8.86400000,8.86400000,8.85000000,8.85000000,191.62400000,1623108959999,1698.13855000,16,0.00000000,0.00000000,0
1623108960000,8.86300000,8.86300000,8.79700000,8.79900000,2079.11300000,1623109019999,18320.78522800,43,0.00000000,0.00000000,0
1623109020000,8.78200000,8.81700000,8.78200000,8.80000000,256.70300000,1623109079999,2258.94796000,12,57.73000000,508.85201600,0
1623109080000,8.76800000,8.76800000,8.75700000,8.75700000,168.00000000,1623109139999,1472.63079600,6,0.00000000,0.00000000,0
1623109140000,8.75300000,8.75300000,8.74000000,8.74000000,194.95100000,1623109199999,1706.15195000,9,0.00000000,0.00000000,0
1623109200000,8.73900000,8.73900000,8.67900000,8.71900000,291.89900000,1623109259999,2537.55136300,25,103.03400000,896.99994000,0
1623109260000,8.72900000,8.78200000,8.72900000,8.77100000,1815.31100000,1623109319999,15906.24658900,53,1726.02700000,15124.53614400,0
1623109320000,8.78500000,8.79000000,8.73000000,8.73000000,1498.13500000,1623109379999,13128.44829600,42,424.29900000,3722.14041300,0
1623109380000,8.72700000,8.73100000,8.71700000,8.73100000,392.41700000,1623109439999,3422.00188500,14,113.15500000,987.58733200,0
1623109440000,8.73100000,8.76400000,8.71800000,8.71800000,808.93700000,1623109499999,7074.28900700,53,305.21900000,2669.54079000,0
1623109500000,8.71700000,8.72700000,8.69100000,8.72700000,640.83600000,1623109559999,5580.64971400,23,397.01300000,3457.30481700,0
1623109560000,8.74900000,8.75300000,8.73500000,8.75300000,38.56400000,1623109619999,337.40619800,9,33.51700000,293.32065300,0
1623109620000,8.75600000,8.77900000,8.75600000,8.76400000,279.40600000,1623109679999,2448.56567800,18,107.30600000,940.28127800,0
1623109680000,8.75200000,8.75200000,8.75200000,8.75200000,81.27400000,1623109739999,711.31004800,2,57.05100000,499.31035200,0
1623109740000,8.75600000,8.75600000,8.74300000,8.74600000,226.14300000,1623109799999,1977.55283000,7,24.64500000,215.68162000,0
1623109800000,8.70300000,8.71000000,8.69300000,8.69300000,250.04300000,1623109859999,2176.07773000,21,54.60000000,475.56600000,0
1623109860000,8.67200000,8.67800000,8.66700000,8.66700000,1374.77900000,1623109919999,11917.09987700,30,0.00000000,0.00000000,0
1623109920000,8.66700000,8.69500000,8.63800000,8.69500000,3093.67100000,1623109979999,26827.31807200,71,1876.64700000,16284.23993200,0
1623109980000,8.69500000,8.70900000,8.66800000,8.67300000,2001.23700000,1623110039999,17407.87352700,40,1516.51900000,13196.31180500,0
1623110040000,8.67600000,8.68600000,8.67600000,8.68600000,150.41600000,1623110099999,1305.45711800,7,59.00000000,511.93690200,0
1623110100000,8.67100000,8.70400000,8.64300000,8.70400000,1222.14300000,1623110159999,10606.50650700,44,849.73500000,7378.97941900,0
1623110160000,8.68900000,8.71100000,8.68900000,8.71100000,152.12200000,1623110219999,1324.88164700,4,152.12200000,1324.88164700,0
1623110220000,8.72000000,8.75500000,8.72000000,8.75500000,361.42000000,1623110279999,3155.25180500,15,185.62300000,1620.01660400,0
1623110280000,8.73000000,8.74100000,8.71800000,8.71800000,165.39000000,1623110339999,1444.16156500,8,44.43600000,388.29979300,0
1623110340000,8.74300000,8.74400000,8.74300000,8.74400000,9.80000000,1623110399999,85.68865000,2,9.80000000,85.68865000,0
